1,0,0,
0,1,0,
0,0,1,
1,0,0,
0,1,0,
0,0,1,
0.999771,-0.0213811,1.14076e-05,
0.0213809,0.999762,-0.00438257,
8.22992e-05,0.00438181,0.99999,
0.994279,-0.106811,0.000497994,
0.106796,0.99404,-0.0219089,
0.00184508,0.0218368,0.99976,
0.948433,-0.316935,0.00511865,
0.316577,0.946303,-0.0654907,
0.0159125,0.063734,0.99784,
0.721664,-0.691626,0.0292483,
0.687319,0.710858,-0.149245,
0.0824306,0.127808,0.988368,
-0.0389301,-0.992595,0.115062,
0.960407,-0.0689583,-0.269931,
0.275866,0.0999984,0.95598,
-0.46182,-0.831993,0.307425,
0.772487,-0.547604,-0.321549,
0.435874,0.088984,0.895598,
0.209019,0.843271,0.495182,
-0.919659,0.34166,-0.193637,
-0.332472,-0.414925,0.846935,
0.443502,0.792642,0.41836,
-0.782984,0.5698,-0.249528,
-0.436168,-0.216903,0.873333,
-0.000498616,-0.779047,0.626966,
0.999851,-0.0111985,-0.0131197,
0.017242,0.626866,0.778936,
0.82896,-0.0163149,0.559069,
0.039922,0.998751,-0.0300487,
-0.557881,0.0472284,0.828576,
0.826582,0.0678107,0.558716,
-0.0651436,0.99757,-0.0246985,
-0.559033,-0.0159814,0.828991,
-0.618058,0.101342,0.779573,
-0.215502,-0.97551,-0.0440408,
0.756018,-0.19522,0.624761,
-0.405725,-0.562594,0.72033,
0.729397,-0.674226,-0.115755,
0.550788,0.478442,0.683905,
0.60971,-0.278083,0.742242,
0.437281,0.899047,-0.0223715,
-0.66109,0.338208,0.669758,
0.494994,-0.434138,0.752665,
0.69302,0.719774,-0.0406024,
-0.524122,0.54171,0.65715,
-0.0962134,0.710683,0.696902,
-0.941591,-0.291992,0.167771,
0.322722,-0.640055,0.697266,
-0.0773984,0.71094,0.69898,
-0.945623,-0.274501,0.174489,
0.315922,-0.647467,0.693528,
-0.62711,0.471992,0.619643,
-0.514969,-0.848073,0.124816,
0.584415,-0.240823,0.774896,
-0.754701,0.0367872,0.655037,
0.0431433,-0.993483,0.105502,
0.654649,0.107883,0.748195,
-0.248029,-0.70501,0.664411,
0.96423,-0.245857,0.0990725,
0.093503,0.665218,0.740772,
-0.351032,0.711218,0.609054,
-0.834005,-0.533187,0.141941,
0.425691,-0.458128,0.780325,
0.419653,0.726701,0.543873,
-0.892395,0.439834,0.100885,
-0.1659,-0.527686,0.833082,
-0.521745,0.660102,0.540415,
-0.779168,-0.626676,0.0132187,
0.347391,-0.414177,0.841295,
0.568436,-0.68814,0.450936,
0.781368,0.623141,-0.0340389,
-0.257573,0.371696,0.891907,
0.247222,0.82213,0.51282,
-0.956984,0.290117,-0.00375766,
-0.151867,-0.489831,0.858488,
-0.763203,0.323394,0.559408,
-0.387906,-0.921692,0.00360754,
0.516768,-0.214245,0.828885,
-0.59553,0.560478,0.575507,
-0.673339,-0.738978,0.0229141,
0.43813,-0.373866,0.817475,
0.699468,-0.412077,0.583898,
0.450564,0.888467,0.0872775,
-0.554739,0.202036,0.807122,
-0.736024,0.387194,0.555292,
-0.497981,-0.865334,-0.0566799,
0.458567,-0.318243,0.829722,
0.0849817,-0.842235,0.53237,
0.986699,-0.00317571,-0.16253,
0.138579,0.539101,0.830762,
-0.0248789,0.876727,0.480345,
-0.988311,0.050723,-0.143768,
-0.15041,-0.478307,0.865217,
-0.876072,-0.137745,0.462087,
0.0766047,-0.985917,-0.14866,
0.476057,-0.0948385,0.874286,
-0.901964,0.0836578,0.42363,
-0.156466,-0.977702,-0.140061,
0.402467,-0.192613,0.894942,
-0.345013,-0.864538,0.365433,
0.902838,-0.412127,-0.122618,
0.256612,0.287622,0.922726,
0.940817,-0.0379697,0.33678,
0.090341,0.985847,-0.141226,
-0.326651,0.163293,0.930932,
0.423692,0.839928,0.339126,
-0.863204,0.487867,-0.129865,
-0.274526,-0.237712,0.931734,
0.665816,0.676445,0.314821,
-0.662644,0.730037,-0.167177,
-0.342917,-0.0973048,0.934312,
-0.82759,0.419712,0.372742,
-0.492552,-0.861464,-0.123582,
0.269235,-0.28587,0.919669,
0.773761,-0.454346,0.441433,
0.564526,0.810713,-0.155094,
-0.28741,0.369207,0.883789,
0.746993,0.497219,0.441333,
-0.472511,0.86404,-0.173689,
-0.467691,-0.0787903,0.880374,
-0.256603,0.869608,0.421826,
-0.963153,-0.193688,-0.186606,
-0.0805708,-0.454167,0.887266,
0.277385,0.872959,0.401248,
-0.899882,0.382365,-0.209783,
-0.336555,-0.302885,0.891623,
-0.848442,0.127164,0.513785,
-0.271562,-0.937791,-0.216339,
0.454313,-0.323076,0.830194,
0.695409,-0.592174,0.407107,
0.709161,0.657101,-0.255557,
-0.116176,0.466422,0.8769,
-0.334607,0.8609,0.383262,
-0.931643,-0.241051,-0.271911,
-0.141703,-0.448047,0.882708,
-0.820201,0.373735,0.433118,
-0.504417,-0.829626,-0.239341,
0.269876,-0.41478,0.868979,
-0.885825,0.128389,0.445905,
-0.273145,-0.921106,-0.27741,
0.375109,-0.367533,0.851007,
-0.878259,-0.068728,0.47322,
-0.0825204,-0.952987,-0.291558,
0.471011,-0.295114,0.831298,
0.847216,-0.315416,0.427479,
0.474552,0.811034,-0.342087,
-0.2388,0.492682,0.836803,
-0.839383,-0.307905,0.447918,
0.192817,-0.939159,-0.284258,
0.508191,-0.152235,0.847683,
-0.523294,0.742141,0.418796,
-0.852025,-0.46416,-0.242092,
0.0147219,-0.48351,0.875215,
0.134164,0.906552,0.400204,
-0.934372,0.250246,-0.253625,
-0.330074,-0.339912,0.880631,
-0.633307,-0.684982,0.360169,
0.601731,-0.7285,-0.327425,
0.486664,0.00936425,0.873539,
0.334281,-0.878974,0.340089,
0.917768,0.221506,-0.329601,
0.214379,0.422302,0.88074,
-0.608378,-0.722104,0.329305,
0.653456,-0.691238,-0.308522,
0.450413,0.0274882,0.892397,
-0.750379,-0.584535,0.308626,
0.509525,-0.808933,-0.293278,
0.421089,-0.0628166,0.904841,
-0.681497,0.651382,0.333563,
-0.729842,-0.638447,-0.244369,
0.0537842,-0.409985,0.910505,
-0.124927,-0.95637,0.264101,
0.918516,-0.212124,-0.333665,
0.375129,0.200897,0.904941,
-0.90755,0.303815,0.289913,
-0.38907,-0.868123,-0.3082,
0.158044,-0.392503,0.90607,
0.408597,0.88611,0.218764,
-0.840431,0.458754,-0.28848,
-0.355984,-0.0659837,0.93216,
-0.336059,0.918971,0.206292,
-0.917829,-0.270397,-0.290647,
-0.211316,-0.287015,0.934328,
0.933742,0.307958,0.182451,
-0.276184,0.944085,-0.180071,
-0.227704,0.11775,0.966585,
-0.175536,-0.964366,0.197953,
0.92465,-0.230527,-0.303118,
0.33795,0.129829,0.932166,
-0.706625,-0.679125,0.19867,
0.613823,-0.728003,-0.305342,
0.351998,-0.0938143,0.931287,
-0.842951,0.501203,0.195522,
-0.537889,-0.792185,-0.288301,
0.0103927,-0.348193,0.937365,
0.728188,0.666156,0.161179,
-0.602797,0.734399,-0.311921,
-0.326158,0.129979,0.936337,
-0.983093,-0.0478108,0.176752,
-0.0124492,-0.945622,-0.325029,
0.182681,-0.321734,0.92904,
0.265462,-0.944366,0.194172,
0.912335,0.180938,-0.367295,
0.311728,0.274653,0.909611,
0.195759,0.960845,0.1961,
-0.900987,0.255173,-0.350868,
-0.387169,-0.107998,0.915662,
-0.658972,-0.721441,0.212788,
0.651865,-0.688911,-0.316976,
0.375272,-0.0701688,0.924255,
-0.959222,-0.216005,0.182303,
0.158076,-0.944638,-0.287525,
0.234317,-0.246982,0.940263,
-0.320933,-0.933498,0.159951,
0.894415,-0.35427,-0.272974,
0.311486,0.0554557,0.948631,
0.541924,-0.815559,0.202934,
0.831964,0.486409,-0.266913,
0.118974,0.31348,0.942112,
-0.946833,0.271419,0.172741,
-0.308308,-0.918908,-0.246077,
0.0919427,-0.286251,0.953733,
0.201933,-0.971777,0.121951,
0.945862,0.161195,-0.28171,
0.254101,0.172236,0.951718,
0.0756682,-0.985953,0.148902,
0.959246,0.0312042,-0.280846,
0.272254,0.164085,0.948132,
0.844522,0.521604,0.121292,
-0.491003,0.844607,-0.213437,
-0.213774,0.120697,0.969398,
-0.0957333,-0.987782,0.122972,
0.971674,-0.119551,-0.203855,
0.216066,0.0999732,0.971247,
-0.91911,0.374808,0.121471,
-0.392166,-0.899985,-0.190349,
0.0379779,-0.222589,0.974172,
0.525055,0.845671,0.0956973,
-0.827824,0.533576,-0.173217,
-0.197546,0.0117279,0.980223,
-0.657778,-0.747452,0.0929721,
0.724033,-0.661484,-0.195488,
0.207618,-0.061273,0.976289,
0.598418,0.796799,0.0837053,
-0.774242,0.601996,-0.195321,
-0.206022,0.0520758,0.977161,
-0.982882,-0.160822,0.0898901,
0.140345,-0.969646,-0.200223,
0.119362,-0.18418,0.975618,
0.92939,-0.361618,0.0739336,
0.368994,0.905526,-0.209441,
0.0087889,0.221934,0.975022,
0.323534,-0.944385,0.0588367,
0.93025,0.306084,-0.202356,
0.173093,0.120202,0.977543,
-0.966055,-0.252078,0.0565217,
0.239005,-0.955153,-0.174814,
0.0980535,-0.155371,0.982978,
0.900304,0.430375,0.0650468,
-0.415955,0.894722,-0.162649,
-0.128199,0.119377,0.984538,
0.416649,-0.905133,0.0844896,
0.902485,0.400678,-0.158047,
0.109201,0.142101,0.98381,
-0.688536,-0.720107,0.0858173,
0.704553,-0.692268,-0.156108,
0.171823,-0.047023,0.984005,
0.255063,-0.963536,0.0808842,
0.95983,0.242189,-0.141671,
0.116915,0.11377,0.986604,
0.447854,0.890763,0.0772502,
-0.883128,0.454199,-0.117426,
-0.139686,-0.015632,0.990072,
0.443373,0.891338,0.0945378,
-0.88367,0.452338,-0.120489,
-0.150159,-0.0301186,0.988203,
-0.162216,-0.979169,0.122123,
0.976649,-0.176988,-0.121783,
0.140861,0.0995162,0.985015,
-0.931061,0.343198,0.123854,
-0.357376,-0.926219,-0.119999,
0.0735326,-0.155989,0.985018,
-0.655864,-0.746418,0.112707,
0.735734,-0.665478,-0.125835,
0.16893,0.000391287,0.985628,
-0.739179,-0.665477,0.103702,
0.655906,-0.746248,-0.113583,
0.152974,-0.015939,0.988102,
-0.108821,0.98608,0.125716,
-0.988899,-0.0945152,-0.114652,
-0.101174,-0.136797,0.985419,
-0.161247,0.981896,0.0993922,
-0.978168,-0.145628,-0.148256,
-0.131098,-0.121128,0.983942,
