1,0,0,
0,1,0,
0,0,1,
1,2.3725e-05,0,
-2.3725e-05,1,0,
0,0,1,
1,7.1175e-05,0,
-7.1175e-05,1,0,
0,0,1,
1,0.00014235,0,
-0.00014235,1,0,
0,0,1,
1,0.00023725,0,
-0.00023725,1,0,
0,0,1,
1,0.000355875,0,
-0.000355875,1,0,
0,0,1,
1,0.000498225,0,
-0.000498225,1,0,
0,0,1,
1,0.0006643,0,
-0.0006643,1,0,
0,0,1,
1,0.0008541,0,
-0.0008541,1,0,
0,0,1,
0.999999,0.00106762,0,
-0.00106762,0.999999,0,
0,0,1,
0.999999,0.00130487,0,
-0.00130487,0.999999,0,
0,0,1,
0.999999,0.00156585,0,
-0.00156585,0.999999,0,
0,0,1,
0.999998,0.00185055,0,
-0.00185055,0.999998,0,
0,0,1,
0.999998,0.00215897,0,
-0.00215897,0.999998,0,
0,0,1,
0.999997,0.00249112,0,
-0.00249112,0.999997,0,
0,0,1,
0.999996,0.002847,0,
-0.002847,0.999996,0,
0,0,1,
0.999995,0.00322659,0,
-0.00322659,0.999995,0,
0,0,1,
0.999993,0.00362992,0,
-0.00362992,0.999993,0,
0,0,1,
0.999992,0.00405696,0,
-0.00405696,0.999992,0,
0,0,1,
0.99999,0.00450773,0,
-0.00450773,0.99999,0,
0,0,1,
0.999988,0.00498223,0,
-0.00498223,0.999988,0,
0,0,1,
0.999985,0.00548045,0,
-0.00548045,0.999985,0,
0,0,1,
0.999982,0.00600239,0,
-0.00600239,0.999982,0,
0,0,1,
0.999979,0.00654805,0,
-0.00654805,0.999979,0,
0,0,1,
0.999975,0.00711744,0,
-0.00711744,0.999975,0,
0,0,1,
0.99997,0.00771055,0,
-0.00771055,0.99997,0,
0,0,1,
0.999965,0.00832738,0,
-0.00832738,0.999965,0,
0,0,1,
0.99996,0.00896793,0,
-0.00896793,0.99996,0,
0,0,1,
0.999954,0.0096322,0,
-0.0096322,0.999954,0,
0,0,1,
0.999947,0.0103202,0,
-0.0103202,0.999947,0,
0,0,1,
0.999939,0.0110319,0,
-0.0110319,0.999939,0,
0,0,1,
0.999931,0.0117673,0,
-0.0117673,0.999931,0,
0,0,1,
0.999922,0.0125265,0,
-0.0125265,0.999922,0,
0,0,1,
0.999911,0.0133093,0,
-0.0133093,0.999911,0,
0,0,1,
0.9999,0.0141159,0,
-0.0141159,0.9999,0,
0,0,1,
0.999888,0.0149462,0,
-0.0149462,0.999888,0,
0,0,1,
0.999875,0.0158002,0,
-0.0158002,0.999875,0,
0,0,1,
0.999861,0.0166779,0,
-0.0166779,0.999861,0,
0,0,1,
0.999845,0.0175793,0,
-0.0175793,0.999845,0,
0,0,1,
0.999829,0.0185044,0,
-0.0185044,0.999829,0,
0,0,1,
0.999811,0.0194533,0,
-0.0194533,0.999811,0,
0,0,1,
0.999791,0.0204258,0,
-0.0204258,0.999791,0,
0,0,1,
0.999771,0.021422,0,
-0.021422,0.999771,0,
0,0,1,
0.999748,0.022442,0,
-0.022442,0.999748,0,
0,0,1,
0.999724,0.0234856,0,
-0.0234856,0.999724,0,
0,0,1,
0.999699,0.0245529,0,
-0.0245529,0.999699,0,
0,0,1,
0.999671,0.0256439,0,
-0.0256439,0.999671,0,
0,0,1,
0.999642,0.0267586,0,
-0.0267586,0.999642,0,
0,0,1,
0.999611,0.027897,0,
-0.027897,0.999611,0,
0,0,1,
0.999578,0.029059,0,
-0.029059,0.999578,0,
0,0,1,
0.999543,0.0302448,0,
-0.0302448,0.999543,0,
0,0,1,
0.999505,0.0314542,0,
-0.0314542,0.999505,0,
0,0,1,
0.999466,0.0326872,0,
-0.0326872,0.999466,0,
0,0,1,
0.999424,0.033944,0,
-0.033944,0.999424,0,
0,0,1,
0.999379,0.0352243,0,
-0.0352243,0.999379,0,
0,0,1,
0.999333,0.0365284,0,
-0.0365284,0.999333,0,
0,0,1,
0.999283,0.0378561,0,
-0.0378561,0.999283,0,
0,0,1,
0.999231,0.0392074,0,
-0.0392074,0.999231,0,
0,0,1,
0.999176,0.0405823,0,
-0.0405823,0.999176,0,
0,0,1,
0.999118,0.0419809,0,
-0.0419809,0.999118,0,
0,0,1,
0.999058,0.0434031,0,
-0.0434031,0.999058,0,
0,0,1,
0.998994,0.0448489,0,
-0.0448489,0.998994,0,
0,0,1,
0.998927,0.0463183,0,
-0.0463183,0.998927,0,
0,0,1,
0.998856,0.0478114,0,
-0.0478114,0.998856,0,
0,0,1,
0.998783,0.049328,0,
-0.049328,0.998783,0,
0,0,1,
0.998705,0.0508682,0,
-0.0508682,0.998705,0,
0,0,1,
0.998625,0.0524319,0,
-0.0524319,0.998625,0,
0,0,1,
0.99854,0.0540192,0,
-0.0540192,0.99854,0,
0,0,1,
0.998451,0.0556301,0,
-0.0556301,0.998451,0,
0,0,1,
0.998359,0.0572645,0,
-0.0572645,0.998359,0,
0,0,1,
0.998263,0.0589225,0,
-0.0589225,0.998263,0,
0,0,1,
0.998162,0.0606039,0,
-0.0606039,0.998162,0,
0,0,1,
0.998057,0.0623089,0,
-0.0623089,0.998057,0,
0,0,1,
0.997948,0.0640374,0,
-0.0640374,0.997948,0,
0,0,1,
0.997834,0.0657893,0,
-0.0657893,0.997834,0,
0,0,1,
0.997715,0.0675647,0,
-0.0675647,0.997715,0,
0,0,1,
0.997591,0.0693636,0,
-0.0693636,0.997591,0,
0,0,1,
0.997463,0.0711859,0,
-0.0711859,0.997463,0,
0,0,1,
0.99733,0.0730317,0,
-0.0730317,0.99733,0,
0,0,1,
0.997191,0.0749008,0,
-0.0749008,0.997191,0,
0,0,1,
0.997047,0.0767933,0,
-0.0767933,0.997047,0,
0,0,1,
0.996898,0.0787092,0,
-0.0787092,0.996898,0,
0,0,1,
0.996743,0.0806485,0,
-0.0806485,0.996743,0,
0,0,1,
0.996582,0.0826111,0,
-0.0826111,0.996582,0,
0,0,1,
0.996415,0.084597,0,
-0.084597,0.996415,0,
0,0,1,
0.996243,0.0866063,0,
-0.0866063,0.996243,0,
0,0,1,
0.996064,0.0886388,0,
-0.0886388,0.996064,0,
0,0,1,
0.995879,0.0906945,0,
-0.0906945,0.995879,0,
0,0,1,
0.995687,0.0927735,0,
-0.0927735,0.995687,0,
0,0,1,
0.995489,0.0948757,0,
-0.0948757,0.995489,0,
0,0,1,
0.995284,0.0970011,0,
-0.0970011,0.995284,0,
0,0,1,
0.995073,0.0991497,0,
-0.0991497,0.995073,0,
0,0,1,
0.994854,0.101321,0,
-0.101321,0.994854,0,
0,0,1,
0.994628,0.103516,0,
-0.103516,0.994628,0,
0,0,1,
0.994394,0.105734,0,
-0.105734,0.994394,0,
0,0,1,
0.994154,0.107975,0,
-0.107975,0.994154,0,
0,0,1,
0.993905,0.110239,0,
-0.110239,0.993905,0,
0,0,1,
0.993649,0.112526,0,
-0.112526,0.993649,0,
0,0,1,
0.993384,0.114836,0,
-0.114836,0.993384,0,
0,0,1,
0.993112,0.117169,0,
-0.117169,0.993112,0,
0,0,1,
0.992831,0.119525,0,
-0.119525,0.992831,0,
0,0,1,
0.992542,0.121904,0,
-0.121904,0.992542,0,
0,0,1,
0.992244,0.124305,0,
-0.124305,0.992244,0,
0,0,1,
0.991937,0.126729,0,
-0.126729,0.991937,0,
0,0,1,
0.991622,0.129177,0,
-0.129177,0.991622,0,
0,0,1,
0.991297,0.131646,0,
-0.131646,0.991297,0,
0,0,1,
0.990963,0.134139,0,
-0.134139,0.990963,0,
0,0,1,
0.990619,0.136654,0,
-0.136654,0.990619,0,
0,0,1,
0.990265,0.139192,0,
-0.139192,0.990265,0,
0,0,1,
0.989902,0.141752,0,
-0.141752,0.989902,0,
0,0,1,
0.989529,0.144335,0,
-0.144335,0.989529,0,
0,0,1,
0.989145,0.146941,0,
-0.146941,0.989145,0,
0,0,1,
0.988751,0.149569,0,
-0.149569,0.988751,0,
0,0,1,
0.988347,0.152219,0,
-0.152219,0.988347,0,
0,0,1,
0.987932,0.154891,0,
-0.154891,0.987932,0,
0,0,1,
0.987505,0.157586,0,
-0.157586,0.987505,0,
0,0,1,
0.987068,0.160303,0,
-0.160303,0.987068,0,
0,0,1,
0.986619,0.163043,0,
-0.163043,0.986619,0,
0,0,1,
0.986159,0.165804,0,
-0.165804,0.986159,0,
0,0,1,
0.985687,0.168588,0,
-0.168588,0.985687,0,
0,0,1,
0.985203,0.171393,0,
-0.171393,0.985203,0,
0,0,1,
0.984707,0.174221,0,
-0.174221,0.984707,0,
0,0,1,
0.984198,0.17707,0,
-0.17707,0.984198,0,
0,0,1,
0.983677,0.179941,0,
-0.179941,0.983677,0,
0,0,1,
0.983144,0.182835,0,
-0.182835,0.983144,0,
0,0,1,
0.982597,0.185749,0,
-0.185749,0.982597,0,
0,0,1,
0.982037,0.188686,0,
-0.188686,0.982037,0,
0,0,1,
0.981465,0.191644,0,
-0.191644,0.981465,0,
0,0,1,
0.980878,0.194624,0,
-0.194624,0.980878,0,
0,0,1,
0.980278,0.197625,0,
-0.197625,0.980278,0,
0,0,1,
0.979664,0.200647,0,
-0.200647,0.979664,0,
0,0,1,
0.979035,0.203691,0,
-0.203691,0.979035,0,
0,0,1,
0.978393,0.206756,0,
-0.206756,0.978393,0,
0,0,1,
0.977735,0.209842,0,
-0.209842,0.977735,0,
0,0,1,
0.977063,0.21295,0,
-0.21295,0.977063,0,
0,0,1,
0.976376,0.216078,0,
-0.216078,0.976376,0,
0,0,1,
0.975674,0.219227,0,
-0.219227,0.975674,0,
0,0,1,
0.974956,0.222397,0,
-0.222397,0.974956,0,
0,0,1,
0.974223,0.225588,0,
-0.225588,0.974223,0,
0,0,1,
0.973474,0.2288,0,
-0.2288,0.973474,0,
0,0,1,
0.972708,0.232032,0,
-0.232032,0.972708,0,
0,0,1,
0.971927,0.235284,0,
-0.235284,0.971927,0,
0,0,1,
0.971128,0.238557,0,
-0.238557,0.971128,0,
0,0,1,
0.970313,0.241851,0,
-0.241851,0.970313,0,
0,0,1,
0.969482,0.245164,0,
-0.245164,0.969482,0,
0,0,1,
0.968632,0.248498,0,
-0.248498,0.968632,0,
0,0,1,
0.967766,0.251852,0,
-0.251852,0.967766,0,
0,0,1,
0.966882,0.255225,0,
-0.255225,0.966882,0,
0,0,1,
0.965979,0.258619,0,
-0.258619,0.965979,0,
0,0,1,
0.965059,0.262032,0,
-0.262032,0.965059,0,
0,0,1,
0.964121,0.265465,0,
-0.265465,0.964121,0,
0,0,1,
0.963163,0.268917,0,
-0.268917,0.963163,0,
0,0,1,
0.962187,0.272389,0,
-0.272389,0.962187,0,
0,0,1,
0.961192,0.275879,0,
-0.275879,0.961192,0,
0,0,1,
0.960178,0.279389,0,
-0.279389,0.960178,0,
0,0,1,
0.959144,0.282918,0,
-0.282918,0.959144,0,
0,0,1,
0.95809,0.286466,0,
-0.286466,0.95809,0,
0,0,1,
0.957017,0.290033,0,
-0.290033,0.957017,0,
0,0,1,
0.955923,0.293619,0,
-0.293619,0.955923,0,
0,0,1,
0.954808,0.297222,0,
-0.297222,0.954808,0,
0,0,1,
0.953673,0.300845,0,
-0.300845,0.953673,0,
0,0,1,
0.952517,0.304485,0,
-0.304485,0.952517,0,
0,0,1,
0.95134,0.308144,0,
-0.308144,0.95134,0,
0,0,1,
0.950141,0.311821,0,
-0.311821,0.950141,0,
0,0,1,
0.948921,0.315515,0,
-0.315515,0.948921,0,
0,0,1,
0.947678,0.319227,0,
-0.319227,0.947678,0,
0,0,1,
0.946414,0.322957,0,
-0.322957,0.946414,0,
0,0,1,
0.945127,0.326705,0,
-0.326705,0.945127,0,
0,0,1,
0.943817,0.330469,0,
-0.330469,0.943817,0,
0,0,1,
0.942484,0.334251,0,
-0.334251,0.942484,0,
0,0,1,
0.941128,0.338049,0,
-0.338049,0.941128,0,
0,0,1,
0.939749,0.341865,0,
-0.341865,0.939749,0,
0,0,1,
0.938346,0.345697,0,
-0.345697,0.938346,0,
0,0,1,
0.93692,0.349545,0,
-0.349545,0.93692,0,
0,0,1,
0.935469,0.35341,0,
-0.35341,0.935469,0,
0,0,1,
0.933993,0.357291,0,
-0.357291,0.933993,0,
0,0,1,
0.932493,0.361188,0,
-0.361188,0.932493,0,
0,0,1,
0.930968,0.3651,0,
-0.3651,0.930968,0,
0,0,1,
0.929418,0.369028,0,
-0.369028,0.929418,0,
0,0,1,
0.927843,0.372972,0,
-0.372972,0.927843,0,
0,0,1,
0.926241,0.376931,0,
-0.376931,0.926241,0,
0,0,1,
0.924614,0.380905,0,
-0.380905,0.924614,0,
0,0,1,
0.922961,0.384894,0,
-0.384894,0.922961,0,
0,0,1,
0.921281,0.388898,0,
-0.388898,0.921281,0,
0,0,1,
0.919575,0.392916,0,
-0.392916,0.919575,0,
0,0,1,
0.917841,0.396948,0,
-0.396948,0.917841,0,
0,0,1,
0.916081,0.400994,0,
-0.400994,0.916081,0,
0,0,1,
0.914292,0.405055,0,
-0.405055,0.914292,0,
0,0,1,
0.912477,0.409129,0,
-0.409129,0.912477,0,
0,0,1,
0.910633,0.413216,0,
-0.413216,0.910633,0,
0,0,1,
0.908761,0.417317,0,
-0.417317,0.908761,0,
0,0,1,
0.906861,0.421431,0,
-0.421431,0.906861,0,
0,0,1,
0.904932,0.425557,0,
-0.425557,0.904932,0,
0,0,1,
0.902973,0.429696,0,
-0.429696,0.902973,0,
0,0,1,
0.900986,0.433848,0,
-0.433848,0.900986,0,
0,0,1,
0.898969,0.438011,0,
-0.438011,0.898969,0,
0,0,1,
0.896923,0.442187,0,
-0.442187,0.896923,0,
0,0,1,
0.894846,0.446374,0,
-0.446374,0.894846,0,
0,0,1,
0.89274,0.450573,0,
-0.450573,0.89274,0,
0,0,1,
0.890602,0.454783,0,
-0.454783,0.890602,0,
0,0,1,
