0.999986,0,0.00523596,
0,1,0,
-0.00523596,0,0.999986,
0.999945,1.4316e-08,0.0104718,
-1.42516e-08,1,-6.22546e-09,
-0.0104718,6.07588e-09,0.999945,
0.999877,4.30105e-08,0.0157073,
-4.27221e-08,1,-1.86986e-08,
-0.0157073,1.80253e-08,0.999877,
0.999781,8.61441e-08,0.0209424,
-8.53787e-08,1,-3.74416e-08,
-0.0209424,3.56453e-08,0.999781,
0.999657,1.43775e-07,0.0261769,
-1.42189e-07,1,-6.24762e-08,
-0.0261769,5.87327e-08,0.999657,
0.999507,2.15961e-07,0.0314106,
-2.13119e-07,1,-9.38243e-08,
-0.0314106,8.70838e-08,0.999507,
0.999328,3.02755e-07,0.0366435,
-2.98136e-07,1,-1.31507e-07,
-0.0366435,1.20494e-07,0.999328,
0.999123,4.0421e-07,0.0418754,
-3.97207e-07,1,-1.75547e-07,
-0.0418754,1.5876e-07,0.999123,
0.99889,5.20377e-07,0.0471062,
-5.10299e-07,1,-2.25964e-07,
-0.0471062,2.01675e-07,0.99889,
0.99863,6.51304e-07,0.0523356,
-6.37378e-07,1,-2.82779e-07,
-0.0523356,2.49034e-07,0.99863,
0.998342,7.97038e-07,0.0575636,
-7.78411e-07,1,-3.46014e-07,
-0.0575636,3.00633e-07,0.998342,
0.998027,9.57623e-07,0.06279,
-9.33364e-07,1,-4.1569e-07,
-0.06279,3.56264e-07,0.998027,
0.997684,1.1331e-06,0.0680147,
-1.1022e-06,1,-4.91826e-07,
-0.0680147,4.15721e-07,0.997684,
0.997315,1.32351e-06,0.0732375,
-1.28489e-06,1,-5.74443e-07,
-0.0732375,4.78798e-07,0.997315,
0.996917,1.5289e-06,0.0784583,
-1.4814e-06,1,-6.63561e-07,
-0.0784583,5.45287e-07,0.996917,
0.996493,1.74929e-06,0.0836769,
-1.6917e-06,1,-7.592e-07,
-0.0836769,6.14982e-07,0.996493,
0.996041,1.98473e-06,0.0888932,
-1.91574e-06,1,-8.6138e-07,
-0.0888932,6.87674e-07,0.996041,
0.995562,2.23524e-06,0.0941071,
-2.1535e-06,1,-9.70121e-07,
-0.0941071,7.63156e-07,0.995562,
0.995056,2.50085e-06,0.0993184,
-2.40494e-06,1,-1.08544e-06,
-0.0993184,8.4122e-07,0.995056,
0.994522,2.7816e-06,0.104527,
-2.67003e-06,1,-1.20736e-06,
-0.104527,9.21658e-07,0.994522,
0.993961,3.07751e-06,0.109733,
-2.94873e-06,1,-1.3359e-06,
-0.109733,1.00426e-06,0.993961,
0.993373,3.3886e-06,0.114935,
-3.241e-06,1,-1.47108e-06,
-0.114935,1.08882e-06,0.993373,
0.992758,3.7149e-06,0.120135,
-3.54682e-06,1,-1.61291e-06,
-0.120135,1.17513e-06,0.992758,
0.992115,4.05642e-06,0.125331,
-3.86615e-06,1,-1.76141e-06,
-0.125331,1.26298e-06,0.992115,
0.991445,4.41319e-06,0.130524,
-4.19895e-06,1,-1.91661e-06,
-0.130524,1.35215e-06,0.991445,
0.990748,4.78522e-06,0.135713,
-4.54519e-06,1,-2.07852e-06,
-0.135713,1.44245e-06,0.990748,
0.990024,5.17252e-06,0.140898,
-4.90483e-06,1,-2.24716e-06,
-0.140898,1.53366e-06,0.990024,
0.989273,5.57511e-06,0.14608,
-5.27784e-06,1,-2.42254e-06,
-0.14608,1.62557e-06,0.989273,
0.988494,5.99299e-06,0.151258,
-5.66418e-06,1,-2.60469e-06,
-0.151258,1.71798e-06,0.988494,
0.987689,6.42617e-06,0.156431,
-6.06381e-06,1,-2.79363e-06,
-0.156431,1.81066e-06,0.987689,
0.986856,6.87466e-06,0.1616,
-6.47671e-06,1,-2.98936e-06,
-0.1616,1.90343e-06,0.986856,
0.985997,7.33847e-06,0.166765,
-6.90283e-06,1,-3.1919e-06,
-0.166765,1.99606e-06,0.985997,
0.98511,7.81759e-06,0.171925,
-7.34214e-06,1,-3.40128e-06,
-0.171925,2.08834e-06,0.98511,
0.984196,8.31202e-06,0.17708,
-7.79461e-06,1,-3.61751e-06,
-0.17708,2.18007e-06,0.984196,
0.983256,8.82176e-06,0.182231,
-8.26019e-06,1,-3.84061e-06,
-0.182231,2.27104e-06,0.983256,
0.982288,9.34681e-06,0.187376,
-8.73886e-06,1,-4.07058e-06,
-0.187376,2.36103e-06,0.982288,
0.981294,9.88716e-06,0.192517,
-9.23057e-06,1,-4.30746e-06,
-0.192517,2.44984e-06,0.981294,
0.980272,1.04428e-05,0.197652,
-9.73529e-06,1,-4.55125e-06,
-0.197652,2.53727e-06,0.980272,
0.979224,1.10137e-05,0.202781,
-1.0253e-05,1,-4.80197e-06,
-0.202781,2.62309e-06,0.979224,
0.978149,1.15999e-05,0.207906,
-1.07836e-05,1,-5.05963e-06,
-0.207906,2.7071e-06,0.978149,
0.977047,1.22014e-05,0.213024,
-1.13271e-05,1,-5.32426e-06,
-0.213024,2.7891e-06,0.977047,
0.975918,1.2818e-05,0.218136,
-1.18835e-05,1,-5.59586e-06,
-0.218136,2.86887e-06,0.975918,
0.974763,1.34499e-05,0.223243,
-1.24528e-05,1,-5.87446e-06,
-0.223243,2.94621e-06,0.974763,
0.973581,1.4097e-05,0.228343,
-1.30348e-05,1,-6.16006e-06,
-0.228343,3.02091e-06,0.973581,
0.972372,1.47593e-05,0.233438,
-1.36295e-05,1,-6.45268e-06,
-0.233438,3.09275e-06,0.972372,
0.971136,1.54367e-05,0.238525,
-1.4237e-05,1,-6.75234e-06,
-0.238525,3.16154e-06,0.971136,
0.969874,1.61292e-05,0.243607,
-1.48572e-05,1,-7.05904e-06,
-0.243607,3.22707e-06,0.969874,
0.968585,1.68369e-05,0.248681,
-1.549e-05,1,-7.37281e-06,
-0.248681,3.28912e-06,0.968585,
0.96727,1.75596e-05,0.253749,
-1.61354e-05,1,-7.69365e-06,
-0.253749,3.3475e-06,0.96727,
0.965928,1.82973e-05,0.25881,
-1.67934e-05,1,-8.02159e-06,
-0.25881,3.40198e-06,0.965928,
0.96456,1.905e-05,0.263863,
-1.74639e-05,1,-8.35663e-06,
-0.263863,3.45238e-06,0.96456,
0.963165,1.98177e-05,0.26891,
-1.81469e-05,1,-8.69878e-06,
-0.26891,3.49848e-06,0.963165,
0.961744,2.06003e-05,0.273949,
-1.88424e-05,1,-9.04807e-06,
-0.273949,3.54008e-06,0.961744,
0.960297,2.13978e-05,0.27898,
-1.95503e-05,1,-9.4045e-06,
-0.27898,3.57697e-06,0.960297,
0.958823,2.22101e-05,0.284004,
-2.02706e-05,1,-9.76809e-06,
-0.284004,3.60894e-06,0.958823,
0.957323,2.30372e-05,0.28902,
-2.10032e-05,1,-1.01388e-05,
-0.28902,3.6358e-06,0.957323,
0.955797,2.3879e-05,0.294028,
-2.17481e-05,1,-1.05168e-05,
-0.294028,3.65734e-06,0.955797,
0.954244,2.47356e-05,0.299028,
-2.25053e-05,1,-1.09019e-05,
-0.299028,3.67335e-06,0.954244,
0.952666,2.56067e-05,0.30402,
-2.32748e-05,1,-1.12942e-05,
-0.30402,3.68363e-06,0.952666,
0.951061,2.64925e-05,0.309003,
-2.40564e-05,1,-1.16938e-05,
-0.309003,3.68799e-06,0.951061,
0.94943,2.73928e-05,0.313978,
-2.48502e-05,1,-1.21006e-05,
-0.313978,3.68621e-06,0.94943,
0.947773,2.83076e-05,0.318945,
-2.56561e-05,1,-1.25146e-05,
-0.318945,3.67809e-06,0.947773,
0.94609,2.92368e-05,0.323903,
-2.64741e-05,1,-1.29358e-05,
-0.323903,3.66344e-06,0.94609,
0.944382,3.01804e-05,0.328851,
-2.73041e-05,1,-1.33644e-05,
-0.328851,3.64206e-06,0.944382,
0.942647,3.11382e-05,0.333791,
-2.81461e-05,1,-1.38001e-05,
-0.333791,3.61374e-06,0.942647,
0.940887,3.21103e-05,0.338722,
-2.90001e-05,1,-1.42432e-05,
-0.338722,3.57828e-06,0.940887,
0.9391,3.30966e-05,0.343643,
-2.98661e-05,1,-1.46936e-05,
-0.343643,3.53549e-06,0.9391,
0.937288,3.40969e-05,0.348555,
-3.07439e-05,1,-1.51513e-05,
-0.348555,3.48517e-06,0.937288,
0.935451,3.51113e-05,0.353457,
-3.16336e-05,1,-1.56162e-05,
-0.353457,3.42711e-06,0.935451,
0.933587,3.61396e-05,0.35835,
-3.25351e-05,1,-1.60885e-05,
-0.35835,3.36113e-06,0.933587,
0.931698,3.71819e-05,0.363233,
-3.34483e-05,1,-1.65682e-05,
-0.363233,3.28703e-06,0.931698,
0.929784,3.82379e-05,0.368105,
-3.43733e-05,1,-1.70552e-05,
-0.368105,3.20461e-06,0.929784,
0.927844,3.93076e-05,0.372968,
-3.531e-05,1,-1.75495e-05,
-0.372968,3.11367e-06,0.927844,
0.925879,4.0391e-05,0.377821,
-3.62584e-05,1,-1.80512e-05,
-0.377821,3.01402e-06,0.925879,
0.923888,4.14879e-05,0.382663,
-3.72184e-05,1,-1.85602e-05,
-0.382663,2.90547e-06,0.923888,
0.921872,4.25983e-05,0.387494,
-3.81899e-05,1,-1.90766e-05,
-0.387494,2.78783e-06,0.921872,
0.919831,4.37221e-05,0.392315,
-3.91731e-05,1,-1.96005e-05,
-0.392315,2.6609e-06,0.919831,
0.917764,4.48593e-05,0.397126,
-4.01677e-05,1,-2.01317e-05,
-0.397126,2.52449e-06,0.917764,
0.915673,4.60096e-05,0.401925,
-4.11738e-05,1,-2.06703e-05,
-0.401925,2.37841e-06,0.915673,
0.913556,4.7173e-05,0.406713,
-4.21913e-05,1,-2.12163e-05,
-0.406713,2.22247e-06,0.913556,
0.911414,4.83495e-05,0.411491,
-4.32202e-05,1,-2.17697e-05,
-0.411491,2.05649e-06,0.911414,
0.909247,4.95389e-05,0.416257,
-4.42604e-05,1,-2.23305e-05,
-0.416257,1.88027e-06,0.909247,
0.907056,5.07412e-05,0.421011,
-4.5312e-05,1,-2.28988e-05,
-0.421011,1.69362e-06,0.907056,
0.904839,5.19561e-05,0.425754,
-4.63749e-05,1,-2.34745e-05,
-0.425754,1.49637e-06,0.904839,
0.902598,5.31838e-05,0.430485,
-4.74489e-05,1,-2.40577e-05,
-0.430485,1.28832e-06,0.902598,
0.900332,5.44239e-05,0.435205,
-4.85342e-05,1,-2.46483e-05,
-0.435205,1.06929e-06,0.900332,
0.898041,5.56765e-05,0.439912,
-4.96306e-05,1,-2.52463e-05,
-0.439912,8.39092e-07,0.898041,
0.895725,5.69414e-05,0.444608,
-5.07382e-05,1,-2.58518e-05,
-0.444608,5.97551e-07,0.895725,
0.893386,5.82185e-05,0.449291,
-5.18568e-05,1,-2.64648e-05,
-0.449291,3.44481e-07,0.893386,
0.891021,5.95078e-05,0.453962,
-5.29865e-05,1,-2.70853e-05,
-0.453962,7.97007e-08,0.891021,
0.888632,6.0809e-05,0.45862,
-5.41272e-05,1,-2.77132e-05,
-0.45862,-1.96969e-07,0.888632,
0.886219,6.21221e-05,0.463266,
-5.52788e-05,1,-2.83486e-05,
-0.463266,-4.85708e-07,0.886219,
0.883782,6.34469e-05,0.467899,
-5.64413e-05,1,-2.89915e-05,
-0.467899,-7.86694e-07,0.883782,
0.88132,6.47834e-05,0.47252,
-5.76148e-05,1,-2.96419e-05,
-0.47252,-1.1001e-06,0.88132,
0.878834,6.61315e-05,0.477127,
-5.8799e-05,1,-3.02998e-05,
-0.477127,-1.42611e-06,0.878834,
0.876324,6.74909e-05,0.481722,
-5.99941e-05,1,-3.09652e-05,
-0.481722,-1.7649e-06,0.876324,
0.87379,6.88616e-05,0.486303,
-6.12e-05,1,-3.16381e-05,
-0.486303,-2.11663e-06,0.87379,
0.871233,7.02435e-05,0.49087,
-6.24165e-05,1,-3.23185e-05,
-0.49087,-2.48149e-06,0.871233,
0.868651,7.16364e-05,0.495425,
-6.36438e-05,1,-3.30064e-05,
-0.495425,-2.85964e-06,0.868651,
0.866045,7.30403e-05,0.499966,
-6.48817e-05,1,-3.37019e-05,
-0.499966,-3.25125e-06,0.866045,
0.863416,7.44549e-05,0.504493,
-6.61302e-05,1,-3.44048e-05,
-0.504493,-3.6565e-06,0.863416,
0.860763,7.58801e-05,0.509006,
-6.73893e-05,1,-3.51153e-05,
-0.509006,-4.07555e-06,0.860763,
0.858087,7.73159e-05,0.513505,
-6.86589e-05,1,-3.58333e-05,
-0.513505,-4.50857e-06,0.858087,
0.855387,7.8762e-05,0.51799,
-6.9939e-05,1,-3.65589e-05,
-0.51799,-4.95573e-06,0.855387,
0.852663,8.02184e-05,0.522461,
-7.12295e-05,1,-3.7292e-05,
-0.522461,-5.41719e-06,0.852663,
0.849916,8.16849e-05,0.526918,
-7.25305e-05,1,-3.80326e-05,
-0.526918,-5.89311e-06,0.849916,
0.847146,8.31613e-05,0.53136,
-7.38418e-05,1,-3.87807e-05,
-0.53136,-6.38366e-06,0.847146,
0.844353,8.46476e-05,0.535788,
-7.51635e-05,1,-3.95364e-05,
-0.535788,-6.889e-06,0.844353,
0.841536,8.61436e-05,0.5402,
-7.64954e-05,1,-4.02996e-05,
-0.5402,-7.40928e-06,0.841536,
0.838697,8.76491e-05,0.544599,
-7.78377e-05,1,-4.10704e-05,
-0.544599,-7.94468e-06,0.838697,
0.835834,8.9164e-05,0.548982,
-7.91901e-05,1,-4.18487e-05,
-0.548982,-8.49534e-06,0.835834,
0.832949,9.06881e-05,0.55335,
-8.05527e-05,1,-4.26345e-05,
-0.55335,-9.06142e-06,0.832949,
0.830041,9.22213e-05,0.557703,
-8.19254e-05,1,-4.34279e-05,
-0.557703,-9.64307e-06,0.830041,
0.82711,9.37635e-05,0.562041,
-8.33082e-05,1,-4.42289e-05,
-0.562041,-1.02405e-05,0.82711,
0.824156,9.53144e-05,0.566363,
-8.47011e-05,1,-4.50374e-05,
-0.566363,-1.08537e-05,0.824156,
0.82118,9.6874e-05,0.57067,
-8.6104e-05,1,-4.58534e-05,
-0.57067,-1.1483e-05,0.82118,
0.818181,9.84421e-05,0.574961,
-8.75169e-05,1,-4.6677e-05,
-0.574961,-1.21285e-05,0.818181,
0.81516,0.000100018,0.579236,
-8.89397e-05,1,-4.75081e-05,
-0.579236,-1.27904e-05,0.81516,
0.812116,0.000101603,0.583495,
-9.03724e-05,1,-4.83468e-05,
-0.583495,-1.34687e-05,0.812116,
0.809051,0.000103196,0.587739,
-9.1815e-05,1,-4.9193e-05,
-0.587739,-1.41636e-05,0.809051,
0.805963,0.000104796,0.591966,
-9.32673e-05,1,-5.00467e-05,
-0.591966,-1.48753e-05,0.805963,
0.802853,0.000106404,0.596177,
-9.47295e-05,1,-5.09081e-05,
-0.596177,-1.56039e-05,0.802853,
0.799721,0.00010802,0.600372,
-9.62014e-05,1,-5.17769e-05,
-0.600372,-1.63496e-05,0.799721,
0.796567,0.000109643,0.60455,
-9.7683e-05,1,-5.26533e-05,
-0.60455,-1.71124e-05,0.796567,
0.793391,0.000111273,0.608712,
-9.91743e-05,1,-5.35372e-05,
-0.608712,-1.78926e-05,0.793391,
0.790194,0.00011291,0.612857,
-0.000100675,1,-5.44287e-05,
-0.612857,-1.86903e-05,0.790194,
0.786975,0.000114554,0.616985,
-0.000102186,1,-5.53277e-05,
-0.616985,-1.95055e-05,0.786975,
0.783734,0.000116204,0.621097,
-0.000103706,1,-5.62342e-05,
-0.621097,-2.03386e-05,0.783734,
0.780472,0.000117862,0.625191,
-0.000105235,1,-5.71482e-05,
-0.625191,-2.11894e-05,0.780472,
0.777188,0.000119525,0.629268,
-0.000106774,1,-5.80698e-05,
-0.629268,-2.20583e-05,0.777188,
0.773884,0.000121195,0.633328,
-0.000108323,1,-5.89989e-05,
-0.633328,-2.29454e-05,0.773884,
0.770558,0.00012287,0.63737,
-0.00010988,1,-5.99356e-05,
-0.63737,-2.38506e-05,0.770558,
0.76721,0.000124552,0.641395,
-0.000111447,1,-6.08797e-05,
-0.641395,-2.47743e-05,0.76721,
0.763842,0.000126239,0.645403,
-0.000113024,1,-6.18314e-05,
-0.645403,-2.57165e-05,0.763842,
0.760453,0.000127931,0.649393,
-0.00011461,1,-6.27906e-05,
-0.649393,-2.66773e-05,0.760453,
0.757043,0.000129629,0.653365,
-0.000116204,1,-6.37573e-05,
-0.653365,-2.76569e-05,0.757043,
0.753613,0.000131331,0.657319,
-0.000117809,1,-6.47315e-05,
-0.657319,-2.86554e-05,0.753613,
0.750161,0.000133039,0.661255,
-0.000119422,1,-6.57131e-05,
-0.661255,-2.96728e-05,0.750161,
0.746689,0.000134751,0.665173,
-0.000121044,1,-6.67023e-05,
-0.665173,-3.07094e-05,0.746689,
0.743197,0.000136468,0.669072,
-0.000122676,1,-6.7699e-05,
-0.669072,-3.17652e-05,0.743197,
0.739684,0.000138189,0.672954,
-0.000124316,1,-6.87032e-05,
-0.672954,-3.28404e-05,0.739685,
0.736152,0.000139914,0.676817,
-0.000125966,1,-6.97148e-05,
-0.676817,-3.3935e-05,0.736152,
0.732598,0.000141643,0.680661,
-0.000127624,1,-7.07339e-05,
-0.680661,-3.50492e-05,0.732598,
0.729025,0.000143376,0.684487,
-0.000129291,1,-7.17605e-05,
-0.684487,-3.6183e-05,0.729025,
0.725432,0.000145112,0.688294,
-0.000130968,1,-7.27945e-05,
-0.688294,-3.73367e-05,0.725432,
0.721819,0.000146852,0.692082,
-0.000132653,1,-7.3836e-05,
-0.692082,-3.85102e-05,0.721819,
0.718186,0.000148595,0.695851,
-0.000134347,1,-7.4885e-05,
-0.695851,-3.97038e-05,0.718186,
0.714534,0.00015034,0.699601,
-0.000136049,1,-7.59414e-05,
-0.699601,-4.09174e-05,0.714534,
0.710862,0.000152089,0.703332,
-0.00013776,1,-7.70052e-05,
-0.703332,-4.21512e-05,0.710862,
0.70717,0.00015384,0.707043,
-0.00013948,1,-7.80765e-05,
-0.707043,-4.34053e-05,0.70717,
0.703459,0.000155593,0.710735,
-0.000141209,1,-7.91552e-05,
-0.710735,-4.46798e-05,0.703459,
0.699729,0.000157349,0.714408,
-0.000142946,1,-8.02413e-05,
-0.714408,-4.59748e-05,0.699729,
0.69598,0.000159106,0.718061,
-0.000144692,1,-8.13348e-05,
-0.718061,-4.72904e-05,0.69598,
0.692212,0.000160865,0.721695,
-0.000146446,1,-8.24358e-05,
-0.721695,-4.86267e-05,0.692212,
0.688424,0.000162626,0.725308,
-0.000148209,1,-8.35441e-05,
-0.725308,-4.99837e-05,0.688424,
0.684618,0.000164388,0.728902,
-0.000149981,1,-8.46598e-05,
-0.728902,-5.13615e-05,0.684618,
0.680793,0.000166151,0.732476,
-0.00015176,1,-8.57829e-05,
-0.732476,-5.27603e-05,0.680793,
0.676949,0.000167915,0.73603,
-0.000153548,1,-8.69133e-05,
-0.73603,-5.41802e-05,0.676949,
0.673087,0.00016968,0.739563,
-0.000155345,1,-8.80511e-05,
-0.739563,-5.56211e-05,0.673087,
0.669207,0.000171445,0.743076,
-0.000157149,1,-8.91963e-05,
-0.743076,-5.70832e-05,0.669207,
0.665308,0.00017321,0.746569,
-0.000158962,1,-9.03488e-05,
-0.746569,-5.85666e-05,0.665308,
0.66139,0.000174976,0.750042,
-0.000160783,1,-9.15087e-05,
-0.750042,-6.00713e-05,0.661391,
0.657455,0.000176741,0.753494,
-0.000162613,1,-9.26758e-05,
-0.753494,-6.15974e-05,0.657455,
0.653502,0.000178506,0.756925,
-0.00016445,1,-9.38503e-05,
-0.756925,-6.31451e-05,0.653502,
0.649531,0.00018027,0.760335,
-0.000166296,1,-9.50321e-05,
-0.760335,-6.47142e-05,0.649531,
0.645542,0.000182034,0.763725,
-0.000168149,1,-9.62212e-05,
-0.763725,-6.63051e-05,0.645542,
0.641535,0.000183796,0.767094,
-0.000170011,1,-9.74176e-05,
-0.767094,-6.79176e-05,0.641535,
0.637511,0.000185558,0.770441,
-0.000171881,1,-9.86213e-05,
-0.770441,-6.95519e-05,0.637511,
0.633469,0.000187317,0.773768,
-0.000173758,1,-9.98322e-05,
-0.773768,-7.1208e-05,0.633469,
0.62941,0.000189075,0.777073,
-0.000175644,1,-0.00010105,
-0.777073,-7.2886e-05,0.62941,
0.625334,0.000190832,0.780357,
-0.000177537,1,-0.000102276,
-0.780357,-7.45859e-05,0.625334,
0.62124,0.000192586,0.78362,
-0.000179438,1,-0.000103508,
-0.78362,-7.63079e-05,0.62124,
0.61713,0.000194337,0.786861,
-0.000181347,1,-0.000104748,
-0.786861,-7.80519e-05,0.61713,
0.613003,0.000196086,0.790081,
-0.000183264,1,-0.000105995,
-0.790081,-7.9818e-05,0.613003,
0.608859,0.000197833,0.793279,
-0.000185189,1,-0.00010725,
-0.793279,-8.16063e-05,0.608859,
0.604698,0.000199576,0.796455,
-0.000187121,1,-0.000108511,
-0.796455,-8.34169e-05,0.604698,
0.60052,0.000201316,0.799609,
-0.000189061,1,-0.00010978,
-0.799609,-8.52497e-05,0.60052,
0.596327,0.000203052,0.802742,
-0.000191008,1,-0.000111056,
-0.802742,-8.71048e-05,0.596327,
0.592116,0.000204785,0.805852,
-0.000192963,1,-0.000112338,
-0.805852,-8.89822e-05,0.592116,
0.58789,0.000206514,0.808941,
-0.000194926,1,-0.000113629,
-0.808941,-9.08821e-05,0.58789,
0.583648,0.000208238,0.812007,
-0.000196896,1,-0.000114926,
-0.812007,-9.28044e-05,0.583648,
0.579389,0.000209958,0.815051,
-0.000198873,1,-0.00011623,
-0.815051,-9.47492e-05,0.579389,
0.575115,0.000211674,0.818073,
-0.000200858,1,-0.000117541,
-0.818073,-9.67166e-05,0.575115,
0.570825,0.000213385,0.821072,
-0.00020285,1,-0.00011886,
-0.821072,-9.87064e-05,0.570825,
0.566519,0.00021509,0.824049,
-0.00020485,1,-0.000120186,
-0.824049,-0.000100719,0.566519,
0.562198,0.00021679,0.827003,
-0.000206857,1,-0.000121518,
-0.827003,-0.000102754,0.562198,
0.557861,0.000218485,0.829934,
-0.000208871,1,-0.000122858,
-0.829934,-0.000104812,0.557861,
0.553509,0.000220174,0.832843,
-0.000210893,1,-0.000124204,
-0.832843,-0.000106892,0.553509,
0.549142,0.000221857,0.835729,
-0.000212921,1,-0.000125558,
-0.835729,-0.000108995,0.549142,
0.54476,0.000223533,0.838592,
-0.000214957,1,-0.000126919,
-0.838592,-0.000111121,0.54476,
0.540363,0.000225203,0.841432,
-0.000217,1,-0.000128287,
-0.841432,-0.000113269,0.540363,
0.535951,0.000226866,0.844249,
-0.00021905,1,-0.000129661,
-0.844249,-0.000115441,0.535951,
0.531525,0.000228523,0.847043,
-0.000221107,1,-0.000131043,
-0.847043,-0.000117635,0.531525,
0.527084,0.000230172,0.849813,
-0.000223171,1,-0.000132431,
-0.849813,-0.000119852,0.527084,
0.522628,0.000231813,0.852561,
-0.000225242,1,-0.000133827,
-0.852561,-0.000122091,0.522628,
0.518158,0.000233447,0.855285,
-0.00022732,1,-0.000135229,
-0.855285,-0.000124354,0.518158,
0.513674,0.000235073,0.857985,
-0.000229405,1,-0.000136638,
-0.857985,-0.000126639,0.513674,
0.509176,0.000236691,0.860662,
-0.000231497,1,-0.000138054,
-0.860662,-0.000128947,0.509176,
0.504664,0.000238301,0.863316,
-0.000233596,1,-0.000139477,
-0.863316,-0.000131278,0.504664,
0.500139,0.000239901,0.865945,
-0.000235701,1,-0.000140907,
-0.865945,-0.000133631,0.500139,
0.495599,0.000241493,0.868551,
-0.000237814,1,-0.000142344,
-0.868551,-0.000136008,0.495599,
0.491046,0.000243076,0.871134,
-0.000239933,1,-0.000143787,
-0.871134,-0.000138407,0.491046,
0.486479,0.000244649,0.873692,
-0.000242058,1,-0.000145238,
-0.873692,-0.000140829,0.486479,
0.4819,0.000246213,0.876226,
-0.000244191,1,-0.000146695,
-0.876226,-0.000143274,0.4819,
0.477306,0.000247767,0.878737,
-0.00024633,1,-0.000148158,
-0.878737,-0.000145742,0.477307,
0.4727,0.000249311,0.881223,
-0.000248475,1,-0.000149629,
-0.881223,-0.000148233,0.4727,
0.468081,0.000250844,0.883685,
-0.000250627,1,-0.000151106,
-0.883685,-0.000150746,0.468081,
0.463449,0.000252367,0.886123,
-0.000252786,1,-0.00015259,
-0.886123,-0.000153282,0.463449,
0.458805,0.000253879,0.888537,
-0.000254951,1,-0.000154081,
-0.888537,-0.000155841,0.458805,
0.454148,0.00025538,0.890926,
-0.000257123,1,-0.000155578,
-0.890926,-0.000158422,0.454148,
0.449478,0.00025687,0.893291,
-0.000259301,1,-0.000157082,
-0.893291,-0.000161026,0.449478,
0.444796,0.000258348,0.895632,
-0.000261485,1,-0.000158592,
-0.895632,-0.000163653,0.444796,
0.440102,0.000259814,0.897948,
-0.000263676,1,-0.000160109,
-0.897948,-0.000166302,0.440102,
0.435396,0.000261268,0.900239,
-0.000265873,1,-0.000161633,
-0.900239,-0.000168975,0.435396,
0.430678,0.00026271,0.902506,
-0.000268076,1,-0.000163163,
-0.902506,-0.000171669,0.430678,
0.425948,0.00026414,0.904748,
-0.000270285,1,-0.0001647,
-0.904748,-0.000174386,0.425948,
0.421207,0.000265556,0.906965,
-0.000272501,1,-0.000166244,
-0.906965,-0.000177126,0.421207,
0.416454,0.00026696,0.909157,
-0.000274723,1,-0.000167794,
-0.909157,-0.000179888,0.416454,
0.411689,0.000268351,0.911324,
-0.000276951,1,-0.00016935,
-0.911324,-0.000182673,0.411689,
0.406914,0.000269727,0.913467,
-0.000279185,1,-0.000170913,
-0.913467,-0.00018548,0.406914,
0.402127,0.000271091,0.915584,
-0.000281426,1,-0.000172482,
-0.915584,-0.000188309,0.402127,
0.397329,0.00027244,0.917676,
-0.000283672,1,-0.000174058,
-0.917676,-0.000191161,0.397329,
0.39252,0.000273775,0.919743,
-0.000285924,1,-0.00017564,
-0.919743,-0.000194035,0.39252,
0.387701,0.000275095,0.921785,
-0.000288182,1,-0.000177228,
-0.921785,-0.000196931,0.387701,
0.382871,0.000276401,0.923802,
-0.000290447,1,-0.000178823,
-0.923802,-0.000199849,0.382871,
0.37803,0.000277691,0.925793,
-0.000292717,1,-0.000180425,
-0.925793,-0.000202789,0.37803,
0.373179,0.000278967,0.927759,
-0.000294993,1,-0.000182032,
-0.927759,-0.000205752,0.373179,
0.368318,0.000280227,0.9297,
-0.000297274,1,-0.000183646,
-0.9297,-0.000208736,0.368318,
0.363447,0.000281471,0.931615,
-0.000299562,1,-0.000185266,
-0.931615,-0.000211742,0.363447,
0.358566,0.0002827,0.933505,
-0.000301855,1,-0.000186892,
-0.933504,-0.00021477,0.358566,
0.353675,0.000283912,0.935368,
-0.000304154,1,-0.000188525,
-0.935368,-0.00021782,0.353675,
0.348774,0.000285108,0.937207,
-0.000306459,1,-0.000190164,
-0.937207,-0.000220892,0.348774,
0.343864,0.000286287,0.93902,
-0.00030877,1,-0.000191809,
-0.93902,-0.000223985,0.343864,
0.338944,0.000287449,0.940806,
-0.000311086,1,-0.00019346,
-0.940806,-0.0002271,0.338944,
0.334015,0.000288594,0.942568,
-0.000313408,1,-0.000195117,
-0.942568,-0.000230236,0.334015,
0.329077,0.000289722,0.944303,
-0.000315735,1,-0.000196781,
-0.944303,-0.000233393,0.329077,
0.32413,0.000290832,0.946012,
-0.000318068,1,-0.000198451,
-0.946012,-0.000236572,0.32413,
0.319174,0.000291924,0.947696,
-0.000320406,1,-0.000200126,
-0.947696,-0.000239773,0.319174,
0.314209,0.000292998,0.949354,
-0.00032275,1,-0.000201808,
-0.949354,-0.000242994,0.31421,
0.309236,0.000294054,0.950985,
-0.0003251,1,-0.000203496,
-0.950985,-0.000246237,0.309236,
0.304255,0.000295091,0.952591,
-0.000327454,1,-0.000205189,
-0.952591,-0.0002495,0.304255,
0.299264,0.000296109,0.95417,
-0.000329814,1,-0.000206889,
-0.95417,-0.000252785,0.299265,
0.294266,0.000297108,0.955723,
-0.00033218,1,-0.000208595,
-0.955723,-0.00025609,0.294266,
0.28926,0.000298088,0.957251,
-0.000334551,1,-0.000210306,
-0.957251,-0.000259416,0.28926,
0.284246,0.000299048,0.958751,
-0.000336927,1,-0.000212024,
-0.958751,-0.000262762,0.284246,
0.279224,0.000299988,0.960226,
-0.000339308,1,-0.000213747,
-0.960226,-0.000266129,0.279224,
0.274194,0.000300909,0.961674,
-0.000341695,1,-0.000215476,
-0.961674,-0.000269517,0.274194,
0.269157,0.000301809,0.963096,
-0.000344087,1,-0.000217211,
-0.963096,-0.000272925,0.269157,
0.264112,0.000302688,0.964492,
-0.000346484,1,-0.000218952,
-0.964492,-0.000276353,0.264113,
0.259061,0.000303547,0.965861,
-0.000348886,1,-0.000220699,
-0.965861,-0.000279801,0.259061,
0.254002,0.000304385,0.967204,
-0.000351293,1,-0.000222451,
-0.967204,-0.000283269,0.254002,
0.248936,0.000305201,0.96852,
-0.000353705,1,-0.00022421,
-0.96852,-0.000286757,0.248936,
0.243864,0.000305997,0.96981,
-0.000356123,1,-0.000225973,
-0.969809,-0.000290265,0.243864,
0.238784,0.00030677,0.971073,
-0.000358545,1,-0.000227743,
-0.971073,-0.000293792,0.238784,
0.233698,0.000307521,0.972309,
-0.000360973,1,-0.000229518,
-0.972309,-0.000297339,0.233699,
0.228606,0.000308251,0.973519,
-0.000363405,1,-0.000231299,
-0.973519,-0.000300905,0.228606,
0.223508,0.000308957,0.974702,
-0.000365842,1,-0.000233085,
-0.974702,-0.000304491,0.223508,
0.218403,0.000309642,0.975859,
-0.000368284,1,-0.000234877,
-0.975859,-0.000308095,0.218403,
0.213293,0.000310303,0.976988,
-0.000370731,1,-0.000236675,
-0.976988,-0.000311719,0.213293,
0.208176,0.000310941,0.978091,
-0.000373183,1,-0.000238478,
-0.978091,-0.000315362,0.208176,
0.203054,0.000311556,0.979167,
-0.00037564,1,-0.000240287,
-0.979167,-0.000319023,0.203054,
0.197927,0.000312148,0.980217,
-0.000378102,1,-0.000242101,
-0.980217,-0.000322703,0.197927,
0.192794,0.000312715,0.981239,
-0.000380568,1,-0.00024392,
-0.981239,-0.000326402,0.192794,
0.187655,0.000313259,0.982235,
-0.000383039,1,-0.000245745,
-0.982235,-0.000330119,0.187656,
0.182512,0.000313778,0.983204,
-0.000385515,1,-0.000247575,
-0.983204,-0.000333854,0.182512,
0.177364,0.000314273,0.984145,
-0.000387995,1,-0.000249411,
-0.984145,-0.000337607,0.177364,
0.17221,0.000314743,0.98506,
-0.00039048,1,-0.000251252,
-0.98506,-0.000341378,0.17221,
0.167052,0.000315188,0.985948,
-0.00039297,1,-0.000253098,
-0.985948,-0.000345167,0.167052,
0.16189,0.000315608,0.986809,
-0.000395464,1,-0.00025495,
-0.986809,-0.000348974,0.16189,
0.156723,0.000316003,0.987643,
-0.000397963,1,-0.000256806,
-0.987643,-0.000352798,0.156723,
0.151551,0.000316372,0.988449,
-0.000400466,1,-0.000258668,
-0.988449,-0.000356639,0.151552,
0.146376,0.000316715,0.989229,
-0.000402974,1,-0.000260536,
-0.989229,-0.000360498,0.146376,
0.141197,0.000317032,0.989982,
-0.000405487,1,-0.000262408,
-0.989981,-0.000364373,0.141197,
0.136013,0.000317323,0.990707,
-0.000408003,1,-0.000264285,
-0.990707,-0.000368265,0.136014,
0.130826,0.000317588,0.991405,
-0.000410525,1,-0.000266168,
-0.991405,-0.000372174,0.130827,
0.125636,0.000317826,0.992076,
-0.00041305,1,-0.000268056,
-0.992076,-0.0003761,0.125636,
0.120442,0.000318036,0.99272,
-0.00041558,1,-0.000269948,
-0.99272,-0.000380042,0.120442,
0.115245,0.00031822,0.993337,
-0.000418115,1,-0.000271846,
-0.993337,-0.000384,0.115245,
0.110044,0.000318376,0.993927,
-0.000420653,1,-0.000273749,
-0.993927,-0.000387974,0.110044,
0.104841,0.000318505,0.994489,
-0.000423196,1,-0.000275656,
-0.994489,-0.000391964,0.104841,
0.0996344,0.000318606,0.995024,
-0.000425744,1,-0.000277569,
-0.995024,-0.00039597,0.0996345,
0.0944254,0.000318679,0.995532,
-0.000428295,1,-0.000279486,
-0.995532,-0.000399991,0.0944255,
0.0892137,0.000318724,0.996012,
-0.000430851,1,-0.000281409,
-0.996012,-0.000404027,0.0892139,
0.0839997,0.000318741,0.996466,
-0.000433411,1,-0.000283336,
-0.996466,-0.000408079,0.0839998,
0.0787834,0.000318729,0.996892,
-0.000435975,1,-0.000285268,
-0.996892,-0.000412146,0.0787835,
0.0735649,0.000318688,0.99729,
-0.000438543,1,-0.000287204,
-0.99729,-0.000416227,0.073565,
0.0683444,0.000318618,0.997662,
-0.000441116,1,-0.000289146,
-0.997662,-0.000420323,0.0683445,
0.063122,0.000318518,0.998006,
-0.000443692,1,-0.000291092,
-0.998006,-0.000424433,0.0631222,
0.057898,0.00031839,0.998322,
-0.000446273,1,-0.000293043,
-0.998322,-0.000428558,0.0578981,
0.0526723,0.000318231,0.998612,
-0.000448857,1,-0.000294998,
-0.998612,-0.000432696,0.0526724,
0.0474452,0.000318043,0.998874,
-0.000451446,1,-0.000296958,
-0.998874,-0.000436848,0.0474454,
0.0422168,0.000317825,0.999108,
-0.000454039,1,-0.000298923,
-0.999108,-0.000441014,0.042217,
0.0369873,0.000317576,0.999316,
-0.000456635,1,-0.000300892,
-0.999316,-0.000445194,0.0369874,
0.0317568,0.000317297,0.999496,
-0.000459236,1,-0.000302866,
-0.999496,-0.000449386,0.0317569,
0.0265254,0.000316988,0.999648,
-0.00046184,1,-0.000304844,
-0.999648,-0.000453592,0.0265255,
0.0212933,0.000316647,0.999773,
-0.000464449,1,-0.000306827,
-0.999773,-0.00045781,0.0212934,
0.0160606,0.000316276,0.999871,
-0.000467061,1,-0.000308814,
-0.999871,-0.000462041,0.0160607,
0.0108274,0.000315873,0.999941,
-0.000469677,1,-0.000310806,
-0.999941,-0.000466284,0.0108276,
0.00559404,0.000315439,0.999984,
-0.000472297,1,-0.000312802,
-0.999984,-0.00047054,0.00559419,
0.000360483,0.000314973,1,
-0.000474921,1,-0.000314802,
-1,-0.000474807,0.000360633,
-0.00487307,0.000314476,0.999988,
-0.000477548,1,-0.000316807,
-0.999988,-0.000479087,-0.00487292,
-0.0101065,0.000313946,0.999949,
-0.00048018,1,-0.000318816,
-0.999949,-0.000483377,-0.0101063,
-0.0153396,0.000313385,0.999882,
-0.000482815,1,-0.000320829,
-0.999882,-0.000487679,-0.0153395,
-0.0205723,0.000312791,0.999788,
-0.000485454,1,-0.000322846,
-0.999788,-0.000491993,-0.0205722,
-0.0258045,0.000312164,0.999667,
-0.000488096,1,-0.000324867,
-0.999667,-0.000496317,-0.0258043,
-0.0310359,0.000311505,0.999518,
-0.000490742,1,-0.000326893,
-0.999518,-0.000500651,-0.0310357,
-0.0362664,0.000310813,0.999342,
-0.000493392,1,-0.000328923,
-0.999342,-0.000504996,-0.0362663,
-0.041496,0.000310087,0.999139,
-0.000496046,1,-0.000330956,
-0.999139,-0.000509352,-0.0414958,
-0.0467244,0.000309329,0.998908,
-0.000498703,1,-0.000332994,
-0.998908,-0.000513717,-0.0467242,
-0.0519515,0.000308537,0.99865,
-0.000501364,1,-0.000335036,
-0.998649,-0.000518092,-0.0519514,
-0.0571772,0.000307711,0.998364,
-0.000504028,1,-0.000337082,
-0.998364,-0.000522477,-0.0571771,
-0.0624013,0.000306852,0.998051,
-0.000506696,1,-0.000339131,
-0.998051,-0.00052687,-0.0624012,
-0.0676237,0.000305959,0.997711,
-0.000509367,1,-0.000341185,
-0.997711,-0.000531273,-0.0676236,
-0.0728443,0.000305031,0.997343,
-0.000512042,1,-0.000343242,
-0.997343,-0.000535685,-0.0728441,
-0.0780628,0.000304069,0.996948,
-0.00051472,1,-0.000345304,
-0.996948,-0.000540105,-0.0780627,
-0.0832792,0.000303073,0.996526,
-0.000517402,1,-0.000347369,
-0.996526,-0.000544533,-0.083279,
-0.0884933,0.000302042,0.996077,
-0.000520087,1,-0.000349438,
-0.996077,-0.00054897,-0.0884931,
-0.093705,0.000300977,0.9956,
-0.000522776,1,-0.00035151,
-0.9956,-0.000553414,-0.0937048,
-0.0989141,0.000299876,0.995096,
-0.000525468,1,-0.000353587,
-0.995096,-0.000557866,-0.0989139,
-0.10412,0.000298741,0.994565,
-0.000528164,1,-0.000355666,
-0.994565,-0.000562325,-0.10412,
-0.109324,0.00029757,0.994006,
-0.000530863,1,-0.00035775,
-0.994006,-0.000566791,-0.109324,
-0.114525,0.000296363,0.99342,
-0.000533565,1,-0.000359837,
-0.99342,-0.000571265,-0.114524,
-0.119722,0.000295122,0.992807,
-0.000536271,1,-0.000361928,
-0.992807,-0.000575744,-0.119722,
-0.124916,0.000293844,0.992167,
-0.00053898,1,-0.000364022,
-0.992167,-0.00058023,-0.124916,
-0.130107,0.00029253,0.9915,
-0.000541692,1,-0.00036612,
-0.9915,-0.000584722,-0.130106,
-0.135294,0.000291181,0.990805,
-0.000544407,1,-0.000368221,
-0.990805,-0.00058922,-0.135294,
-0.140477,0.000289795,0.990084,
-0.000547126,1,-0.000370326,
-0.990084,-0.000593723,-0.140477,
-0.145657,0.000288373,0.989335,
-0.000549848,1,-0.000372434,
-0.989335,-0.000598231,-0.145656,
-0.150832,0.000286914,0.988559,
-0.000552573,1,-0.000374545,
-0.988559,-0.000602745,-0.150832,
-0.156004,0.000285419,0.987756,
-0.000555302,1,-0.00037666,
-0.987756,-0.000607263,-0.156003,
-0.161171,0.000283887,0.986927,
-0.000558033,1,-0.000378778,
-0.986926,-0.000611786,-0.16117,
-0.166333,0.000282319,0.98607,
-0.000560768,1,-0.000380899,
-0.986069,-0.000616313,-0.166333,
-0.171491,0.000280713,0.985186,
-0.000563506,1,-0.000383023,
-0.985185,-0.000620843,-0.171491,
-0.176645,0.00027907,0.984275,
-0.000566247,1,-0.000385151,
-0.984274,-0.000625378,-0.176645,
-0.181793,0.000277389,0.983337,
-0.000568992,1,-0.000387282,
-0.983337,-0.000629916,-0.181793,
-0.186937,0.000275672,0.982372,
-0.000571739,1,-0.000389415,
-0.982372,-0.000634457,-0.186937,
-0.192075,0.000273916,0.98138,
-0.00057449,1,-0.000391552,
-0.98138,-0.000639,-0.192075,
-0.197209,0.000272123,0.980362,
-0.000577243,1,-0.000393692,
-0.980361,-0.000643546,-0.197208,
-0.202336,0.000270293,0.979316,
-0.00058,1,-0.000395835,
-0.979316,-0.000648095,-0.202336,
-0.207459,0.000268424,0.978244,
-0.000582759,1,-0.000397981,
-0.978244,-0.000652645,-0.207458,
-0.212575,0.000266517,0.977145,
-0.000585522,1,-0.00040013,
-0.977145,-0.000657198,-0.212575,
-0.217686,0.000264572,0.976019,
-0.000588288,1,-0.000402281,
-0.976019,-0.000661751,-0.217686,
-0.222791,0.000262589,0.974866,
-0.000591057,1,-0.000404436,
-0.974866,-0.000666306,-0.22279,
-0.227889,0.000260567,0.973687,
-0.000593828,1,-0.000406593,
-0.973687,-0.000670861,-0.227889,
-0.232982,0.000258507,0.972481,
-0.000596603,1,-0.000408753,
-0.972481,-0.000675417,-0.232981,
-0.238068,0.000256408,0.971249,
-0.000599381,1,-0.000410916,
-0.971248,-0.000679973,-0.238067,
-0.243147,0.000254271,0.969989,
-0.000602161,1,-0.000413081,
-0.969989,-0.00068453,-0.243147,
-0.24822,0.000252095,0.968704,
-0.000604945,1,-0.00041525,
-0.968704,-0.000689086,-0.24822,
-0.253286,0.000249879,0.967391,
-0.000607731,1,-0.00041742,
-0.967391,-0.000693641,-0.253286,
-0.258345,0.000247625,0.966053,
-0.000610521,1,-0.000419594,
-0.966053,-0.000698195,-0.258345,
-0.263397,0.000245331,0.964688,
-0.000613313,1,-0.00042177,
-0.964687,-0.000702748,-0.263397,
-0.268442,0.000242999,0.963296,
-0.000616108,1,-0.000423948,
-0.963296,-0.0007073,-0.268441,
-0.273479,0.000240626,0.961878,
-0.000618906,1,-0.000426129,
-0.961878,-0.000711849,-0.273479,
-0.278509,0.000238215,0.960434,
-0.000621707,1,-0.000428312,
-0.960433,-0.000716397,-0.278509,
-0.283531,0.000235764,0.958963,
-0.000624511,1,-0.000430498,
-0.958963,-0.000720942,-0.283531,
-0.288546,0.000233273,0.957466,
-0.000627317,1,-0.000432686,
-0.957466,-0.000725485,-0.288545,
-0.293552,0.000230742,0.955943,
-0.000630126,1,-0.000434877,
-0.955943,-0.000730024,-0.293552,
-0.298551,0.000228172,0.954394,
-0.000632939,1,-0.000437069,
-0.954394,-0.00073456,-0.29855,
-0.303541,0.000225562,0.952818,
-0.000635753,1,-0.000439264,
-0.952818,-0.000739092,-0.303541,
-0.308523,0.000222912,0.951217,
-0.000638571,1,-0.000441462,
-0.951217,-0.000743621,-0.308523,
-0.313497,0.000220222,0.949589,
-0.000641392,1,-0.000443661,
-0.949589,-0.000748145,-0.313496,
-0.318462,0.000217491,0.947936,
-0.000644215,1,-0.000445862,
-0.947936,-0.000752664,-0.318461,
-0.323418,0.000214721,0.946256,
-0.000647041,1,-0.000448066,
-0.946256,-0.000757179,-0.323418,
-0.328365,0.00021191,0.944551,
-0.00064987,1,-0.000450272,
-0.944551,-0.000761688,-0.328365,
-0.333304,0.000209059,0.94282,
-0.000652701,1,-0.000452479,
-0.942819,-0.000766192,-0.333303,
-0.338233,0.000206167,0.941062,
-0.000655535,1,-0.000454689,
-0.941062,-0.00077069,-0.338233,
-0.343153,0.000203235,0.93928,
-0.000658372,1,-0.000456901,
-0.939279,-0.000775182,-0.343152,
-0.348063,0.000200263,0.937471,
-0.000661211,1,-0.000459114,
-0.937471,-0.000779667,-0.348063,
-0.352964,0.00019725,0.935637,
-0.000664054,1,-0.00046133,
-0.935637,-0.000784146,-0.352964,
-0.357856,0.000194196,0.933777,
-0.000666899,1,-0.000463547,
-0.933777,-0.000788617,-0.357855,
-0.362737,0.000191101,0.931891,
-0.000669746,1,-0.000465766,
-0.931891,-0.000793081,-0.362737,
-0.367609,0.000187966,0.92998,
-0.000672596,1,-0.000467987,
-0.92998,-0.000797537,-0.367609,
-0.37247,0.00018479,0.928044,
-0.000675449,1,-0.000470209,
-0.928044,-0.000801986,-0.37247,
-0.377322,0.000181573,0.926082,
-0.000678305,1,-0.000472433,
-0.926082,-0.000806425,-0.377321,
-0.382163,0.000178315,0.924095,
-0.000681163,1,-0.000474659,
-0.924095,-0.000810856,-0.382162,
-0.386993,0.000175016,0.922083,
-0.000684024,1,-0.000476886,
-0.922082,-0.000815278,-0.386993,
-0.391813,0.000171677,0.920045,
-0.000686887,1,-0.000479115,
-0.920045,-0.00081969,-0.391813,
-0.396622,0.000168296,0.917982,
-0.000689753,1,-0.000481346,
-0.917982,-0.000824093,-0.396622,
-0.401421,0.000164874,0.915894,
-0.000692621,1,-0.000483578,
-0.915894,-0.000828486,-0.40142,
-0.406208,0.000161411,0.913781,
-0.000695493,1,-0.000485811,
-0.91378,-0.000832868,-0.406208,
-0.410984,0.000157906,0.911643,
-0.000698366,1,-0.000488046,
-0.911642,-0.00083724,-0.410984,
-0.415749,0.000154361,0.909479,
-0.000701243,1,-0.000490283,
-0.909479,-0.0008416,-0.415749,
-0.420502,0.000150775,0.907291,
-0.000704121,1,-0.00049252,
-0.907291,-0.000845949,-0.420502,
-0.425244,0.000147147,0.905079,
-0.000707003,1,-0.000494759,
-0.905078,-0.000850287,-0.425244,
-0.429975,0.000143478,0.902841,
-0.000709887,1,-0.000496999,
-0.902841,-0.000854612,-0.429974,
-0.434693,0.000139767,0.900579,
-0.000712773,1,-0.00049924,
-0.900578,-0.000858925,-0.434693,
-0.4394,0.000136016,0.898292,
-0.000715662,1,-0.000501483,
-0.898291,-0.000863225,-0.4394,
-0.444095,0.000132223,0.89598,
-0.000718554,1,-0.000503726,
-0.89598,-0.000867512,-0.444094,
-0.448777,0.000128389,0.893644,
-0.000721448,1,-0.000505971,
-0.893643,-0.000871786,-0.448777,
-0.453447,0.000124513,0.891283,
-0.000724345,1,-0.000508217,
-0.891283,-0.000876046,-0.453447,
-0.458105,0.000120596,0.888898,
-0.000727244,1,-0.000510464,
-0.888898,-0.000880292,-0.458105,
-0.46275,0.000116638,0.886489,
-0.000730146,1,-0.000512712,
-0.886488,-0.000884523,-0.46275,
-0.467383,0.000112639,0.884055,
-0.00073305,1,-0.00051496,
-0.884055,-0.00088874,-0.467382,
-0.472002,0.000108598,0.881597,
-0.000735956,1,-0.00051721,
-0.881597,-0.000892942,-0.472002,
-0.476609,0.000104516,0.879115,
-0.000738866,1,-0.00051946,
-0.879115,-0.000897128,-0.476609,
-0.481203,0.000100392,0.876609,
-0.000741777,1,-0.000521712,
-0.876609,-0.000901298,-0.481202,
-0.485783,9.62274e-05,0.874079,
-0.000744691,1,-0.000523964,
-0.874079,-0.000905452,-0.485783,
-0.49035,9.20213e-05,0.871525,
-0.000747608,1,-0.000526217,
-0.871525,-0.00090959,-0.49035,
-0.494904,8.77739e-05,0.868948,
-0.000750527,1,-0.00052847,
-0.868947,-0.000913711,-0.494904,
-0.499444,8.34852e-05,0.866346,
-0.000753449,1,-0.000530724,
-0.866346,-0.000917815,-0.499444,
-0.503971,7.91553e-05,0.863721,
-0.000756373,1,-0.000532979,
-0.86372,-0.000921901,-0.503971,
-0.508484,7.47841e-05,0.861072,
-0.000759299,1,-0.000535235,
-0.861071,-0.000925969,-0.508483,
-0.512982,7.03717e-05,0.858399,
-0.000762229,1,-0.000537491,
-0.858399,-0.00093002,-0.512982,
-0.517467,6.59182e-05,0.855703,
-0.00076516,1,-0.000539747,
-0.855703,-0.000934051,-0.517467,
-0.521938,6.14235e-05,0.852984,
-0.000768094,1,-0.000542004,
-0.852983,-0.000938064,-0.521938,
-0.526394,5.68876e-05,0.850241,
-0.00077103,1,-0.000544262,
-0.85024,-0.000942057,-0.526394,
-0.530836,5.23107e-05,0.847475,
-0.000773969,1,-0.000546519,
-0.847474,-0.000946031,-0.530836,
-0.535263,4.76927e-05,0.844685,
-0.000776911,1,-0.000548778,
-0.844685,-0.000949985,-0.535263,
-0.539676,4.30337e-05,0.841873,
-0.000779854,1,-0.000551036,
-0.841873,-0.000953919,-0.539676,
-0.544074,3.83338e-05,0.839037,
-0.000782801,1,-0.000553295,
-0.839037,-0.000957832,-0.544073,
-0.548457,3.35929e-05,0.836179,
-0.000785749,1,-0.000555554,
-0.836179,-0.000961724,-0.548456,
-0.552825,2.88111e-05,0.833298,
-0.0007887,1,-0.000557813,
-0.833297,-0.000965595,-0.552824,
-0.557177,2.39886e-05,0.830394,
-0.000791654,1,-0.000560072,
-0.830393,-0.000969444,-0.557177,
-0.561515,1.91252e-05,0.827467,
-0.00079461,1,-0.000562332,
-0.827466,-0.000973271,-0.561515,
-0.565837,1.42212e-05,0.824517,
-0.000797569,1,-0.000564591,
-0.824517,-0.000977075,-0.565837,
-0.570144,9.27643e-06,0.821545,
-0.000800529,1,-0.000566851,
-0.821545,-0.000980857,-0.570143,
-0.574435,4.29112e-06,0.81855,
-0.000803493,1,-0.00056911,
-0.81855,-0.000984616,-0.574434,
-0.57871,-7.34726e-07,0.815533,
-0.000806459,1,-0.00057137,
-0.815533,-0.000988351,-0.57871,
-0.582969,-5.80103e-06,0.812494,
-0.000809427,1,-0.000573629,
-0.812494,-0.000992063,-0.582969,
-0.587213,-1.09077e-05,0.809433,
-0.000812398,1,-0.000575888,
-0.809432,-0.00099575,-0.587213,
-0.59144,-1.60548e-05,0.806349,
-0.000815371,1,-0.000578147,
-0.806348,-0.000999413,-0.59144,
-0.595651,-2.1242e-05,0.803243,
-0.000818347,0.999999,-0.000580406,
-0.803243,-0.00100305,-0.595651,
-0.599846,-2.64695e-05,0.800115,
-0.000821325,0.999999,-0.000582665,
-0.800115,-0.00100666,-0.599846,
-0.604025,-3.1737e-05,0.796966,
-0.000824305,0.999999,-0.000584923,
-0.796965,-0.00101025,-0.604025,
-0.608187,-3.70445e-05,0.793794,
-0.000827288,0.999999,-0.000587182,
-0.793794,-0.00101381,-0.608186,
-0.612332,-4.2392e-05,0.790601,
-0.000830274,0.999999,-0.000589439,
-0.7906,-0.00101735,-0.612332,
-0.61646,-4.77792e-05,0.787386,
-0.000833262,0.999999,-0.000591697,
-0.787385,-0.00102086,-0.61646,
-0.620572,-5.32063e-05,0.784149,
-0.000836252,0.999999,-0.000593953,
-0.784149,-0.00102434,-0.620572,
-0.624667,-5.86729e-05,0.780892,
-0.000839245,0.999999,-0.00059621,
-0.780891,-0.00102779,-0.624666,
-0.628744,-6.41791e-05,0.777612,
-0.00084224,0.999999,-0.000598466,
-0.777612,-0.00103122,-0.628744,
-0.632804,-6.97248e-05,0.774312,
-0.000845238,0.999999,-0.000600721,
-0.774311,-0.00103462,-0.632804,
