0.999986,0,0.00523596,
0,1,0,
-0.00523596,0,0.999986,
0.999945,1.4316e-11,0.0104718,
-1.42516e-11,1,-6.22546e-12,
-0.0104718,6.07588e-12,0.999945,
0.999877,4.30105e-11,0.0157073,
-4.27221e-11,1,-1.86986e-11,
-0.0157073,1.80253e-11,0.999877,
0.999781,8.61441e-11,0.0209424,
-8.53787e-11,1,-3.74416e-11,
-0.0209424,3.56453e-11,0.999781,
0.999657,1.43775e-10,0.0261769,
-1.42189e-10,1,-6.24762e-11,
-0.0261769,5.87327e-11,0.999657,
0.999507,2.15961e-10,0.0314108,
-2.13119e-10,1,-9.38243e-11,
-0.0314108,8.70837e-11,0.999507,
0.999328,3.02755e-10,0.0366437,
-2.98136e-10,1,-1.31507e-10,
-0.0366437,1.20494e-10,0.999328,
0.999123,4.0421e-10,0.0418757,
-3.97207e-10,1,-1.75547e-10,
-0.0418757,1.58759e-10,0.999123,
0.99889,5.20377e-10,0.0471065,
-5.10299e-10,1,-2.25964e-10,
-0.0471065,2.01675e-10,0.99889,
0.99863,6.51304e-10,0.052336,
-6.37378e-10,1,-2.82779e-10,
-0.052336,2.49034e-10,0.99863,
0.998342,7.97038e-10,0.057564,
-7.78411e-10,1,-3.46015e-10,
-0.057564,3.00632e-10,0.998342,
0.998027,9.57623e-10,0.0627905,
-9.33363e-10,1,-4.1569e-10,
-0.0627905,3.56263e-10,0.998027,
0.997684,1.1331e-09,0.0680153,
-1.1022e-09,1,-4.91826e-10,
-0.0680153,4.1572e-10,0.997684,
0.997314,1.32351e-09,0.0732382,
-1.28489e-09,1,-5.74443e-10,
-0.0732382,4.78797e-10,0.997314,
0.996917,1.5289e-09,0.0784591,
-1.4814e-09,1,-6.63561e-10,
-0.0784591,5.45286e-10,0.996917,
0.996493,1.74929e-09,0.0836778,
-1.6917e-09,1,-7.592e-10,
-0.0836778,6.1498e-10,0.996493,
0.996041,1.98473e-09,0.0888943,
-1.91574e-09,1,-8.61381e-10,
-0.0888943,6.87672e-10,0.996041,
0.995562,2.23524e-09,0.0941083,
-2.1535e-09,1,-9.70122e-10,
-0.0941083,7.63154e-10,0.995562,
0.995056,2.50085e-09,0.0993197,
-2.40494e-09,1,-1.08544e-09,
-0.0993197,8.41218e-10,0.995056,
0.994522,2.7816e-09,0.104528,
-2.67003e-09,1,-1.20736e-09,
-0.104528,9.21655e-10,0.994522,
0.993961,3.07751e-09,0.109734,
-2.94872e-09,1,-1.3359e-09,
-0.109734,1.00426e-09,0.993961,
0.993373,3.3886e-09,0.114937,
-3.241e-09,1,-1.47108e-09,
-0.114937,1.08882e-09,0.993373,
0.992757,3.7149e-09,0.120137,
-3.54682e-09,1,-1.61291e-09,
-0.120137,1.17512e-09,0.992757,
0.992115,4.05643e-09,0.125333,
-3.86615e-09,1,-1.76141e-09,
-0.125333,1.26297e-09,0.992115,
0.991445,4.41319e-09,0.130526,
-4.19895e-09,1,-1.91661e-09,
-0.130526,1.35214e-09,0.991445,
0.990748,4.78522e-09,0.135716,
-4.54519e-09,1,-2.07852e-09,
-0.135716,1.44244e-09,0.990748,
0.990024,5.17252e-09,0.140901,
-4.90483e-09,1,-2.24716e-09,
-0.140901,1.53365e-09,0.990024,
0.989272,5.57511e-09,0.146083,
-5.27783e-09,1,-2.42255e-09,
-0.146083,1.62556e-09,0.989272,
0.988494,5.99299e-09,0.151261,
-5.66417e-09,1,-2.6047e-09,
-0.151261,1.71796e-09,0.988494,
0.987688,6.42617e-09,0.156434,
-6.06381e-09,1,-2.79363e-09,
-0.156434,1.81065e-09,0.987688,
0.986856,6.87466e-09,0.161604,
-6.4767e-09,1,-2.98936e-09,
-0.161604,1.90341e-09,0.986856,
0.985996,7.33847e-09,0.166769,
-6.90283e-09,1,-3.19191e-09,
-0.166769,1.99603e-09,0.985996,
0.985109,7.81759e-09,0.171929,
-7.34214e-09,1,-3.40129e-09,
-0.171929,2.08831e-09,0.985109,
0.984196,8.31202e-09,0.177085,
-7.7946e-09,1,-3.61752e-09,
-0.177085,2.18004e-09,0.984196,
0.983255,8.82176e-09,0.182236,
-8.26018e-09,1,-3.84062e-09,
-0.182236,2.271e-09,0.983255,
0.982287,9.34681e-09,0.187381,
-8.73885e-09,1,-4.07059e-09,
-0.187381,2.361e-09,0.982287,
0.981293,9.88716e-09,0.192522,
-9.23056e-09,1,-4.30747e-09,
-0.192522,2.4498e-09,0.981293,
0.980271,1.04428e-08,0.197657,
-9.73528e-09,1,-4.55126e-09,
-0.197657,2.53722e-09,0.980271,
0.979223,1.10137e-08,0.202787,
-1.0253e-08,1,-4.80198e-09,
-0.202787,2.62304e-09,0.979223,
0.978148,1.15999e-08,0.207912,
-1.07836e-08,1,-5.05965e-09,
-0.207912,2.70705e-09,0.978148,
0.977046,1.22014e-08,0.21303,
-1.13271e-08,1,-5.32428e-09,
-0.21303,2.78904e-09,0.977046,
0.975917,1.2818e-08,0.218143,
-1.18835e-08,1,-5.59589e-09,
-0.218143,2.86881e-09,0.975917,
0.974761,1.34499e-08,0.22325,
-1.24527e-08,1,-5.87448e-09,
-0.22325,2.94614e-09,0.974761,
0.973579,1.4097e-08,0.228351,
-1.30348e-08,1,-6.16008e-09,
-0.228351,3.02083e-09,0.973579,
0.97237,1.47593e-08,0.233445,
-1.36295e-08,1,-6.45271e-09,
-0.233445,3.09267e-09,0.97237,
0.971134,1.54367e-08,0.238533,
-1.4237e-08,1,-6.75237e-09,
-0.238533,3.16145e-09,0.971134,
0.969872,1.61293e-08,0.243615,
-1.48572e-08,1,-7.05907e-09,
-0.243615,3.22697e-09,0.969872,
0.968583,1.68369e-08,0.24869,
-1.549e-08,1,-7.37284e-09,
-0.24869,3.28901e-09,0.968583,
0.967268,1.75596e-08,0.253758,
-1.61354e-08,1,-7.69369e-09,
-0.253758,3.34738e-09,0.967268,
0.965926,1.82973e-08,0.258819,
-1.67934e-08,1,-8.02163e-09,
-0.258819,3.40185e-09,0.965926,
0.964557,1.905e-08,0.263873,
-1.74639e-08,1,-8.35667e-09,
-0.263873,3.45224e-09,0.964557,
0.963163,1.98177e-08,0.26892,
-1.81469e-08,1,-8.69883e-09,
-0.26892,3.49833e-09,0.963163,
0.961741,2.06003e-08,0.273959,
-1.88424e-08,1,-9.04812e-09,
-0.273959,3.53991e-09,0.961741,
0.960294,2.13978e-08,0.278991,
-1.95503e-08,1,-9.40456e-09,
-0.278991,3.57679e-09,0.960294,
0.95882,2.22101e-08,0.284015,
-2.02705e-08,1,-9.76815e-09,
-0.284015,3.60875e-09,0.95882,
0.95732,2.30372e-08,0.289032,
-2.10031e-08,1,-1.01389e-08,
-0.289032,3.63559e-09,0.95732,
0.955793,2.3879e-08,0.29404,
-2.17481e-08,1,-1.05168e-08,
-0.29404,3.65712e-09,0.955793,
0.95424,2.47356e-08,0.299041,
-2.25053e-08,1,-1.0902e-08,
-0.299041,3.67311e-09,0.95424,
0.952661,2.56067e-08,0.304033,
-2.32747e-08,1,-1.12943e-08,
-0.304033,3.68338e-09,0.952661,
0.951057,2.64925e-08,0.309017,
-2.40563e-08,1,-1.16939e-08,
-0.309017,3.68772e-09,0.951057,
0.949425,2.73928e-08,0.313992,
-2.48501e-08,1,-1.21006e-08,
-0.313992,3.68592e-09,0.949425,
0.947768,2.83076e-08,0.318959,
-2.5656e-08,1,-1.25147e-08,
-0.318959,3.67778e-09,0.947768,
0.946085,2.92368e-08,0.323917,
-2.6474e-08,1,-1.29359e-08,
-0.323917,3.66312e-09,0.946085,
0.944376,3.01804e-08,0.328867,
-2.7304e-08,1,-1.33645e-08,
-0.328867,3.64171e-09,0.944376,
0.942641,3.11382e-08,0.333807,
-2.8146e-08,1,-1.38003e-08,
-0.333807,3.61337e-09,0.942641,
0.940881,3.21103e-08,0.338738,
-2.9e-08,1,-1.42433e-08,
-0.338738,3.57789e-09,0.940881,
0.939094,3.30966e-08,0.34366,
-2.98659e-08,1,-1.46937e-08,
-0.34366,3.53507e-09,0.939094,
0.937282,3.40969e-08,0.348572,
-3.07437e-08,1,-1.51514e-08,
-0.348572,3.48472e-09,0.937282,
0.935444,3.51113e-08,0.353475,
-3.16334e-08,1,-1.56164e-08,
-0.353475,3.42664e-09,0.935444,
0.93358,3.61396e-08,0.358368,
-3.25349e-08,1,-1.60887e-08,
-0.358368,3.36063e-09,0.93358,
0.931691,3.71818e-08,0.363251,
-3.34481e-08,1,-1.65683e-08,
-0.363251,3.2865e-09,0.931691,
0.929776,3.82378e-08,0.368125,
-3.43731e-08,1,-1.70553e-08,
-0.368125,3.20405e-09,0.929776,
0.927836,3.93076e-08,0.372988,
-3.53098e-08,1,-1.75497e-08,
-0.372988,3.11308e-09,0.927836,
0.925871,4.03909e-08,0.377841,
-3.62582e-08,1,-1.80514e-08,
-0.377841,3.0134e-09,0.925871,
0.92388,4.14879e-08,0.382683,
-3.72182e-08,1,-1.85604e-08,
-0.382683,2.90482e-09,0.92388,
0.921863,4.25983e-08,0.387516,
-3.81897e-08,1,-1.90768e-08,
-0.387516,2.78714e-09,0.921863,
0.919822,4.37221e-08,0.392337,
-3.91728e-08,1,-1.96007e-08,
-0.392337,2.66017e-09,0.919822,
0.917755,4.48592e-08,0.397148,
-4.01674e-08,1,-2.01319e-08,
-0.397148,2.52372e-09,0.917755,
0.915663,4.60095e-08,0.401948,
-4.11735e-08,1,-2.06705e-08,
-0.401948,2.3776e-09,0.915663,
0.913545,4.71729e-08,0.406737,
-4.2191e-08,1,-2.12165e-08,
-0.406737,2.22162e-09,0.913545,
0.911403,4.83494e-08,0.411514,
-4.32199e-08,1,-2.17699e-08,
-0.411514,2.0556e-09,0.911403,
0.909236,4.95388e-08,0.416281,
-4.42601e-08,1,-2.23308e-08,
-0.416281,1.87933e-09,0.909236,
0.907044,5.0741e-08,0.421036,
-4.53117e-08,1,-2.28991e-08,
-0.421036,1.69264e-09,0.907044,
0.904827,5.1956e-08,0.425779,
-4.63745e-08,1,-2.34748e-08,
-0.425779,1.49534e-09,0.904827,
0.902585,5.31836e-08,0.430511,
-4.74486e-08,1,-2.4058e-08,
-0.430511,1.28724e-09,0.902585,
0.900319,5.44237e-08,0.435231,
-4.85338e-08,1,-2.46486e-08,
-0.435231,1.06816e-09,0.900319,
0.898028,5.56763e-08,0.439939,
-4.96302e-08,1,-2.52467e-08,
-0.439939,8.3791e-10,0.898028,
0.895712,5.69412e-08,0.444635,
-5.07378e-08,1,-2.58522e-08,
-0.444635,5.96314e-10,0.895712,
0.893371,5.82183e-08,0.449319,
-5.18564e-08,1,-2.64652e-08,
-0.449319,3.43188e-10,0.893371,
0.891007,5.95075e-08,0.45399,
-5.2986e-08,1,-2.70857e-08,
-0.45399,7.83502e-11,0.891007,
0.888617,6.08087e-08,0.45865,
-5.41267e-08,1,-2.77136e-08,
-0.45865,-1.98379e-10,0.888617,
0.886204,6.21218e-08,0.463296,
-5.52783e-08,1,-2.8349e-08,
-0.463296,-4.8718e-10,0.886204,
0.883766,6.34466e-08,0.46793,
-5.64408e-08,1,-2.8992e-08,
-0.46793,-7.88229e-10,0.883766,
0.881303,6.47831e-08,0.472551,
-5.76142e-08,1,-2.96424e-08,
-0.472551,-1.1017e-09,0.881303,
0.878817,6.61311e-08,0.477159,
-5.87985e-08,1,-3.03003e-08,
-0.477159,-1.42778e-09,0.878817,
0.876307,6.74906e-08,0.481754,
-5.99935e-08,1,-3.09657e-08,
-0.481754,-1.76664e-09,0.876307,
0.873772,6.88613e-08,0.486335,
-6.11993e-08,1,-3.16386e-08,
-0.486335,-2.11844e-09,0.873772,
0.871214,7.02431e-08,0.490904,
-6.24159e-08,1,-3.23191e-08,
-0.490904,-2.48337e-09,0.871214,
0.868632,7.1636e-08,0.495459,
-6.36431e-08,1,-3.3007e-08,
-0.495459,-2.8616e-09,0.868632,
0.866025,7.30398e-08,0.5,
-6.4881e-08,1,-3.37025e-08,
-0.5,-3.25329e-09,0.866025,
0.863396,7.44544e-08,0.504528,
-6.61295e-08,1,-3.44055e-08,
-0.504528,-3.65862e-09,0.863396,
0.860742,7.58796e-08,0.509041,
-6.73885e-08,1,-3.5116e-08,
-0.509041,-4.07775e-09,0.860742,
0.858065,7.73153e-08,0.513541,
-6.86581e-08,1,-3.5834e-08,
-0.513541,-4.51086e-09,0.858065,
0.855364,7.87614e-08,0.518027,
-6.99381e-08,1,-3.65596e-08,
-0.518027,-4.9581e-09,0.855364,
0.85264,8.02178e-08,0.522499,
-7.12287e-08,1,-3.72927e-08,
-0.522499,-5.41964e-09,0.85264,
0.849893,8.16842e-08,0.526956,
-7.25296e-08,1,-3.80333e-08,
-0.526956,-5.89566e-09,0.849893,
0.847122,8.31606e-08,0.531399,
-7.38409e-08,1,-3.87815e-08,
-0.531399,-6.3863e-09,0.847122,
0.844328,8.46469e-08,0.535827,
-7.51625e-08,1,-3.95372e-08,
-0.535827,-6.89173e-09,0.844328,
0.841511,8.61428e-08,0.54024,
-7.64944e-08,1,-4.03004e-08,
-0.54024,-7.41212e-09,0.841511,
0.838671,8.76482e-08,0.544639,
-7.78366e-08,1,-4.10712e-08,
-0.544639,-7.94761e-09,0.838671,
0.835807,8.91631e-08,0.549023,
-7.9189e-08,1,-4.18496e-08,
-0.549023,-8.49838e-09,0.835807,
0.832921,9.06872e-08,0.553392,
-8.05515e-08,1,-4.26354e-08,
-0.553392,-9.06456e-09,0.832921,
0.830012,9.22203e-08,0.557745,
-8.19242e-08,1,-4.34289e-08,
-0.557745,-9.64633e-09,0.830012,
0.827081,9.37624e-08,0.562083,
-8.3307e-08,1,-4.42298e-08,
-0.562083,-1.02438e-08,0.827081,
0.824126,9.53133e-08,0.566406,
-8.46998e-08,1,-4.50383e-08,
-0.566406,-1.08572e-08,0.824126,
0.821149,9.68729e-08,0.570714,
-8.61027e-08,1,-4.58544e-08,
-0.570714,-1.14866e-08,0.821149,
0.81815,9.84409e-08,0.575005,
-8.75155e-08,1,-4.6678e-08,
-0.575005,-1.21322e-08,0.81815,
0.815128,1.00017e-07,0.579281,
-8.89382e-08,1,-4.75092e-08,
-0.579281,-1.27942e-08,0.815128,
0.812084,1.01602e-07,0.583541,
-9.03709e-08,1,-4.83479e-08,
-0.583541,-1.34726e-08,0.812084,
0.809017,1.03194e-07,0.587785,
-9.18134e-08,1,-4.91941e-08,
-0.587785,-1.41677e-08,0.809017,
0.805928,1.04795e-07,0.592013,
-9.32657e-08,1,-5.00479e-08,
-0.592013,-1.48795e-08,0.805928,
0.802818,1.06403e-07,0.596225,
-9.47279e-08,1,-5.09093e-08,
-0.596225,-1.56082e-08,0.802818,
0.799685,1.08018e-07,0.60042,
-9.61997e-08,1,-5.17781e-08,
-0.60042,-1.6354e-08,0.799685,
0.79653,1.09641e-07,0.604599,
-9.76812e-08,1,-5.26546e-08,
-0.604599,-1.7117e-08,0.79653,
0.793353,1.11271e-07,0.608761,
-9.91724e-08,1,-5.35385e-08,
-0.608761,-1.78974e-08,0.793353,
0.790155,1.12908e-07,0.612907,
-1.00673e-07,1,-5.443e-08,
-0.612907,-1.86952e-08,0.790155,
0.786935,1.14552e-07,0.617036,
-1.02184e-07,1,-5.53291e-08,
-0.617036,-1.95106e-08,0.786935,
0.783693,1.16202e-07,0.621148,
-1.03704e-07,1,-5.62356e-08,
-0.621148,-2.03438e-08,0.783693,
0.78043,1.1786e-07,0.625243,
-1.05233e-07,1,-5.71497e-08,
-0.625243,-2.11948e-08,0.78043,
0.777146,1.19523e-07,0.62932,
-1.06772e-07,1,-5.80714e-08,
-0.62932,-2.20638e-08,0.777146,
0.77384,1.21192e-07,0.633381,
-1.0832e-07,1,-5.90005e-08,
-0.633381,-2.2951e-08,0.77384,
0.770513,1.22868e-07,0.637424,
-1.09878e-07,1,-5.99372e-08,
-0.637424,-2.38565e-08,0.770513,
0.767165,1.24549e-07,0.64145,
-1.11445e-07,1,-6.08814e-08,
-0.64145,-2.47803e-08,0.767165,
0.763796,1.26236e-07,0.645458,
-1.13021e-07,1,-6.18331e-08,
-0.645458,-2.57227e-08,0.763796,
0.760406,1.27928e-07,0.649448,
-1.14607e-07,1,-6.27923e-08,
-0.649448,-2.66837e-08,0.760406,
0.756995,1.29626e-07,0.653421,
-1.16202e-07,1,-6.37591e-08,
-0.653421,-2.76634e-08,0.756995,
0.753563,1.31328e-07,0.657375,
-1.17806e-07,1,-6.47333e-08,
-0.657375,-2.86621e-08,0.753563,
0.750111,1.33036e-07,0.661312,
-1.19419e-07,1,-6.5715e-08,
-0.661312,-2.96797e-08,0.750111,
0.746638,1.34748e-07,0.66523,
-1.21041e-07,1,-6.67043e-08,
-0.66523,-3.07165e-08,0.746638,
0.743145,1.36464e-07,0.669131,
-1.22673e-07,1,-6.7701e-08,
-0.669131,-3.17725e-08,0.743145,
0.739631,1.38185e-07,0.673012,
-1.24313e-07,1,-6.87052e-08,
-0.673012,-3.28478e-08,0.739631,
0.736097,1.3991e-07,0.676876,
-1.25963e-07,1,-6.97169e-08,
-0.676876,-3.39426e-08,0.736097,
0.732543,1.41639e-07,0.680721,
-1.27621e-07,1,-7.0736e-08,
-0.680721,-3.5057e-08,0.732543,
0.728969,1.43372e-07,0.684547,
-1.29288e-07,1,-7.17627e-08,
-0.684547,-3.61911e-08,0.728969,
0.725374,1.45108e-07,0.688355,
-1.30964e-07,1,-7.27968e-08,
-0.688355,-3.73449e-08,0.725374,
0.72176,1.46848e-07,0.692143,
-1.32649e-07,1,-7.38383e-08,
-0.692143,-3.85187e-08,0.72176,
0.718126,1.4859e-07,0.695913,
-1.34343e-07,1,-7.48873e-08,
-0.695913,-3.97124e-08,0.718126,
0.714473,1.50336e-07,0.699663,
-1.36045e-07,1,-7.59438e-08,
-0.699663,-4.09262e-08,0.714473,
0.7108,1.52084e-07,0.703395,
-1.37757e-07,1,-7.70077e-08,
-0.703395,-4.21603e-08,0.7108,
0.707107,1.53835e-07,0.707107,
-1.39477e-07,1,-7.8079e-08,
-0.707107,-4.34146e-08,0.707107,
0.703395,1.55588e-07,0.710799,
-1.41205e-07,1,-7.91578e-08,
-0.710799,-4.46893e-08,0.703395,
0.699663,1.57344e-07,0.714473,
-1.42942e-07,1,-8.02439e-08,
-0.714473,-4.59846e-08,0.699663,
0.695913,1.59101e-07,0.718126,
-1.44688e-07,1,-8.13375e-08,
-0.718126,-4.73004e-08,0.695913,
0.692143,1.6086e-07,0.72176,
-1.46442e-07,1,-8.24385e-08,
-0.72176,-4.86369e-08,0.692143,
0.688355,1.6262e-07,0.725374,
-1.48205e-07,1,-8.35469e-08,
-0.725374,-4.99941e-08,0.688355,
0.684547,1.64382e-07,0.728969,
-1.49976e-07,1,-8.46627e-08,
-0.728969,-5.13722e-08,0.684547,
0.680721,1.66145e-07,0.732543,
-1.51756e-07,1,-8.57858e-08,
-0.732543,-5.27713e-08,0.680721,
0.676876,1.67909e-07,0.736097,
-1.53543e-07,1,-8.69163e-08,
-0.736097,-5.41913e-08,0.676876,
0.673013,1.69673e-07,0.739631,
-1.5534e-07,1,-8.80542e-08,
-0.739631,-5.56325e-08,0.673013,
0.669131,1.71438e-07,0.743145,
-1.57144e-07,1,-8.91994e-08,
-0.743145,-5.70949e-08,0.669131,
0.66523,1.73203e-07,0.746638,
-1.58957e-07,1,-9.0352e-08,
-0.746638,-5.85785e-08,0.66523,
0.661312,1.74969e-07,0.750111,
-1.60778e-07,1,-9.15119e-08,
-0.750111,-6.00835e-08,0.661312,
0.657375,1.76734e-07,0.753563,
-1.62607e-07,1,-9.26792e-08,
-0.753563,-6.16099e-08,0.657375,
0.653421,1.78498e-07,0.756995,
-1.64445e-07,1,-9.38537e-08,
-0.756995,-6.31578e-08,0.653421,
0.649448,1.80262e-07,0.760406,
-1.6629e-07,1,-9.50356e-08,
-0.760406,-6.47272e-08,0.649448,
0.645458,1.82026e-07,0.763796,
-1.68143e-07,1,-9.62248e-08,
-0.763796,-6.63183e-08,0.645458,
0.64145,1.83788e-07,0.767165,
-1.70005e-07,1,-9.74212e-08,
-0.767165,-6.79311e-08,0.64145,
0.637424,1.85549e-07,0.770513,
-1.71874e-07,1,-9.86249e-08,
-0.770513,-6.95656e-08,0.637424,
0.633381,1.87308e-07,0.77384,
-1.73752e-07,1,-9.98359e-08,
-0.77384,-7.1222e-08,0.633381,
0.62932,1.89066e-07,0.777146,
-1.75637e-07,1,-1.01054e-07,
-0.777146,-7.29003e-08,0.62932,
0.625243,1.90822e-07,0.78043,
-1.7753e-07,1,-1.0228e-07,
-0.78043,-7.46005e-08,0.625243,
0.621148,1.92575e-07,0.783693,
-1.79432e-07,1,-1.03512e-07,
-0.783693,-7.63228e-08,0.621148,
0.617036,1.94327e-07,0.786935,
-1.8134e-07,1,-1.04752e-07,
-0.786935,-7.80671e-08,0.617036,
0.612907,1.96076e-07,0.790155,
-1.83257e-07,1,-1.06e-07,
-0.790155,-7.98335e-08,0.612907,
0.608762,1.97821e-07,0.793353,
-1.85181e-07,1,-1.07254e-07,
-0.793353,-8.16221e-08,0.608762,
0.604599,1.99564e-07,0.79653,
-1.87113e-07,1,-1.08515e-07,
-0.79653,-8.3433e-08,0.604599,
0.60042,2.01304e-07,0.799685,
-1.89053e-07,1,-1.09784e-07,
-0.799685,-8.52661e-08,0.60042,
0.596225,2.0304e-07,0.802817,
-1.91e-07,1,-1.1106e-07,
-0.802817,-8.71215e-08,0.596225,
0.592013,2.04772e-07,0.805928,
-1.92955e-07,1,-1.12343e-07,
-0.805928,-8.89993e-08,0.592013,
0.587785,2.06501e-07,0.809017,
-1.94917e-07,1,-1.13633e-07,
-0.809017,-9.08995e-08,0.587785,
0.583541,2.08225e-07,0.812083,
-1.96887e-07,1,-1.1493e-07,
-0.812083,-9.28221e-08,0.583541,
0.579281,2.09945e-07,0.815128,
-1.98864e-07,1,-1.16235e-07,
-0.815128,-9.47672e-08,0.579281,
0.575005,2.1166e-07,0.81815,
-2.00849e-07,1,-1.17546e-07,
-0.81815,-9.67349e-08,0.575005,
0.570714,2.1337e-07,0.821149,
-2.02841e-07,1,-1.18865e-07,
-0.821149,-9.87251e-08,0.570714,
0.566406,2.15075e-07,0.824126,
-2.04841e-07,1,-1.20191e-07,
-0.824126,-1.00738e-07,0.566406,
0.562083,2.16775e-07,0.82708,
-2.06847e-07,1,-1.21523e-07,
-0.82708,-1.02773e-07,0.562083,
0.557745,2.18469e-07,0.830012,
-2.08861e-07,1,-1.22863e-07,
-0.830012,-1.04831e-07,0.557745,
0.553392,2.20158e-07,0.832921,
-2.10883e-07,1,-1.2421e-07,
-0.832921,-1.06912e-07,0.553392,
0.549023,2.2184e-07,0.835807,
-2.12911e-07,1,-1.25564e-07,
-0.835807,-1.09015e-07,0.549023,
0.544639,2.23516e-07,0.83867,
-2.14947e-07,1,-1.26924e-07,
-0.83867,-1.11142e-07,0.544639,
0.54024,2.25186e-07,0.841511,
-2.1699e-07,1,-1.28292e-07,
-0.841511,-1.1329e-07,0.54024,
0.535827,2.26849e-07,0.844328,
-2.19039e-07,1,-1.29667e-07,
-0.844328,-1.15462e-07,0.535827,
0.531399,2.28504e-07,0.847122,
-2.21096e-07,1,-1.31049e-07,
-0.847122,-1.17656e-07,0.531399,
0.526956,2.30153e-07,0.849893,
-2.2316e-07,1,-1.32437e-07,
-0.849893,-1.19874e-07,0.526956,
0.522499,2.31794e-07,0.85264,
-2.25231e-07,1,-1.33833e-07,
-0.85264,-1.22114e-07,0.522499,
0.518027,2.33427e-07,0.855364,
-2.27309e-07,1,-1.35235e-07,
-0.855364,-1.24376e-07,0.518027,
0.513541,2.35053e-07,0.858065,
-2.29394e-07,1,-1.36645e-07,
-0.858065,-1.26662e-07,0.513541,
0.509042,2.3667e-07,0.860742,
-2.31485e-07,1,-1.38061e-07,
-0.860742,-1.2897e-07,0.509042,
0.504528,2.38279e-07,0.863395,
-2.33584e-07,1,-1.39484e-07,
-0.863395,-1.31302e-07,0.504528,
0.5,2.39879e-07,0.866025,
-2.35689e-07,1,-1.40914e-07,
-0.866025,-1.33656e-07,0.5,
0.495459,2.41471e-07,0.868631,
-2.37801e-07,1,-1.4235e-07,
-0.868631,-1.36032e-07,0.495459,
0.490904,2.43053e-07,0.871214,
-2.39919e-07,1,-1.43794e-07,
-0.871214,-1.38432e-07,0.490904,
0.486336,2.44625e-07,0.873772,
-2.42045e-07,1,-1.45244e-07,
-0.873772,-1.40855e-07,0.486336,
0.481754,2.46189e-07,0.876307,
-2.44177e-07,1,-1.46701e-07,
-0.876307,-1.433e-07,0.481754,
0.477159,2.47742e-07,0.878817,
-2.46316e-07,1,-1.48165e-07,
-0.878817,-1.45768e-07,0.477159,
0.472551,2.49285e-07,0.881303,
-2.48461e-07,1,-1.49636e-07,
-0.881303,-1.48259e-07,0.472551,
0.46793,2.50818e-07,0.883766,
-2.50613e-07,1,-1.51113e-07,
-0.883766,-1.50773e-07,0.46793,
0.463296,2.5234e-07,0.886203,
-2.52771e-07,1,-1.52597e-07,
-0.886203,-1.53309e-07,0.463296,
0.45865,2.53851e-07,0.888617,
-2.54936e-07,1,-1.54088e-07,
-0.888617,-1.55868e-07,0.45865,
0.453991,2.55352e-07,0.891006,
-2.57107e-07,1,-1.55585e-07,
-0.891006,-1.5845e-07,0.453991,
0.449319,2.56841e-07,0.893371,
-2.59285e-07,1,-1.57089e-07,
-0.893371,-1.61054e-07,0.449319,
0.444635,2.58318e-07,0.895712,
-2.61469e-07,1,-1.586e-07,
-0.895712,-1.63682e-07,0.444635,
0.439939,2.59784e-07,0.898027,
-2.63659e-07,1,-1.60117e-07,
-0.898027,-1.66331e-07,0.439939,
0.435231,2.61237e-07,0.900319,
-2.65856e-07,1,-1.61641e-07,
-0.900319,-1.69004e-07,0.435231,
0.430511,2.62679e-07,0.902585,
-2.68059e-07,1,-1.63171e-07,
-0.902585,-1.71699e-07,0.430511,
0.425779,2.64107e-07,0.904827,
-2.70268e-07,1,-1.64708e-07,
-0.904827,-1.74416e-07,0.425779,
0.421036,2.65523e-07,0.907044,
-2.72484e-07,1,-1.66252e-07,
-0.907044,-1.77157e-07,0.421036,
0.416281,2.66926e-07,0.909236,
-2.74705e-07,1,-1.67802e-07,
-0.909236,-1.79919e-07,0.416281,
0.411515,2.68316e-07,0.911403,
-2.76933e-07,1,-1.69358e-07,
-0.911403,-1.82704e-07,0.411515,
0.406737,2.69692e-07,0.913545,
-2.79167e-07,1,-1.70921e-07,
-0.913545,-1.85511e-07,0.406737,
0.401948,2.71054e-07,0.915663,
-2.81407e-07,1,-1.72491e-07,
-0.915663,-1.88341e-07,0.401948,
0.397148,2.72402e-07,0.917755,
-2.83652e-07,1,-1.74067e-07,
-0.917755,-1.91193e-07,0.397148,
0.392337,2.73736e-07,0.919821,
-2.85904e-07,1,-1.75649e-07,
-0.919821,-1.94067e-07,0.392337,
0.387516,2.75056e-07,0.921863,
-2.88162e-07,1,-1.77237e-07,
-0.921863,-1.96964e-07,0.387516,
0.382684,2.76361e-07,0.923879,
-2.90426e-07,1,-1.78832e-07,
-0.923879,-1.99882e-07,0.382684,
0.377841,2.77651e-07,0.925871,
-2.92696e-07,1,-1.80434e-07,
-0.925871,-2.02823e-07,0.377841,
0.372988,2.78925e-07,0.927836,
-2.94971e-07,1,-1.82041e-07,
-0.927836,-2.05786e-07,0.372988,
0.368125,2.80185e-07,0.929776,
-2.97253e-07,1,-1.83655e-07,
-0.929776,-2.0877e-07,0.368125,
0.363251,2.81428e-07,0.931691,
-2.9954e-07,1,-1.85276e-07,
-0.931691,-2.11777e-07,0.363251,
0.358368,2.82655e-07,0.93358,
-3.01833e-07,1,-1.86902e-07,
-0.93358,-2.14806e-07,0.358368,
0.353475,2.83867e-07,0.935444,
-3.04132e-07,1,-1.88535e-07,
-0.935444,-2.17856e-07,0.353475,
0.348572,2.85062e-07,0.937282,
-3.06436e-07,1,-1.90174e-07,
-0.937282,-2.20928e-07,0.348572,
0.34366,2.8624e-07,0.939094,
-3.08746e-07,1,-1.91819e-07,
-0.939094,-2.24021e-07,0.34366,
0.338738,2.87401e-07,0.940881,
-3.11062e-07,1,-1.9347e-07,
-0.940881,-2.27136e-07,0.338738,
0.333807,2.88545e-07,0.942641,
-3.13383e-07,1,-1.95128e-07,
-0.942641,-2.30273e-07,0.333807,
0.328867,2.89672e-07,0.944376,
-3.1571e-07,1,-1.96791e-07,
-0.944376,-2.33431e-07,0.328867,
0.323918,2.90781e-07,0.946085,
-3.18043e-07,1,-1.98461e-07,
-0.946085,-2.3661e-07,0.323918,
0.31896,2.91872e-07,0.947768,
-3.20381e-07,1,-2.00137e-07,
-0.947768,-2.39811e-07,0.31896,
0.313993,2.92945e-07,0.949425,
-3.22724e-07,1,-2.01819e-07,
-0.949425,-2.43033e-07,0.313993,
0.309017,2.93999e-07,0.951056,
-3.25073e-07,1,-2.03506e-07,
-0.951056,-2.46276e-07,0.309017,
0.304033,2.95035e-07,0.952661,
-3.27427e-07,1,-2.052e-07,
-0.952661,-2.4954e-07,0.304033,
0.299041,2.96052e-07,0.95424,
-3.29787e-07,1,-2.069e-07,
-0.95424,-2.52824e-07,0.299041,
0.294041,2.9705e-07,0.955793,
-3.32152e-07,1,-2.08606e-07,
-0.955793,-2.5613e-07,0.294041,
0.289032,2.98029e-07,0.957319,
-3.34522e-07,1,-2.10318e-07,
-0.957319,-2.59456e-07,0.289032,
0.284016,2.98988e-07,0.95882,
-3.36898e-07,1,-2.12035e-07,
-0.95882,-2.62803e-07,0.284016,
0.278991,2.99927e-07,0.960294,
-3.39279e-07,1,-2.13759e-07,
-0.960294,-2.6617e-07,0.278991,
0.273959,3.00846e-07,0.961741,
-3.41665e-07,1,-2.15488e-07,
-0.961741,-2.69558e-07,0.273959,
0.26892,3.01745e-07,0.963163,
-3.44056e-07,1,-2.17223e-07,
-0.963163,-2.72966e-07,0.26892,
0.263873,3.02623e-07,0.964557,
-3.46453e-07,1,-2.18964e-07,
-0.964557,-2.76395e-07,0.263873,
0.258819,3.03481e-07,0.965926,
-3.48854e-07,1,-2.20711e-07,
-0.965926,-2.79843e-07,0.258819,
0.253758,3.04317e-07,0.967268,
-3.51261e-07,1,-2.22464e-07,
-0.967268,-2.83312e-07,0.253758,
0.24869,3.05132e-07,0.968583,
-3.53673e-07,1,-2.24222e-07,
-0.968583,-2.868e-07,0.24869,
0.243615,3.05926e-07,0.969872,
-3.5609e-07,1,-2.25986e-07,
-0.969872,-2.90308e-07,0.243615,
0.238534,3.06698e-07,0.971134,
-3.58512e-07,1,-2.27756e-07,
-0.971134,-2.93836e-07,0.238534,
0.233446,3.07448e-07,0.97237,
-3.60939e-07,1,-2.29531e-07,
-0.97237,-2.97383e-07,0.233446,
0.228351,3.08176e-07,0.973579,
-3.6337e-07,1,-2.31312e-07,
-0.973579,-3.00949e-07,0.228351,
0.22325,3.08882e-07,0.974761,
-3.65807e-07,1,-2.33098e-07,
-0.974761,-3.04535e-07,0.22325,
0.218144,3.09565e-07,0.975917,
-3.68249e-07,1,-2.3489e-07,
-0.975917,-3.0814e-07,0.218144,
0.213031,3.10224e-07,0.977046,
-3.70695e-07,1,-2.36688e-07,
-0.977046,-3.11764e-07,0.213031,
0.207912,3.10861e-07,0.978148,
-3.73147e-07,1,-2.38491e-07,
-0.978148,-3.15407e-07,0.207912,
0.202788,3.11475e-07,0.979223,
-3.75603e-07,1,-2.403e-07,
-0.979223,-3.19069e-07,0.202788,
0.197658,3.12065e-07,0.980271,
-3.78064e-07,1,-2.42114e-07,
-0.980271,-3.22749e-07,0.197658,
0.192522,3.12631e-07,0.981293,
-3.80529e-07,1,-2.43934e-07,
-0.981293,-3.26448e-07,0.192522,
0.187382,3.13173e-07,0.982287,
-3.83e-07,1,-2.45759e-07,
-0.982287,-3.30165e-07,0.187382,
0.182236,3.13691e-07,0.983255,
-3.85475e-07,1,-2.47589e-07,
-0.983255,-3.33901e-07,0.182236,
0.177085,3.14184e-07,0.984196,
-3.87955e-07,1,-2.49425e-07,
-0.984196,-3.37654e-07,0.177085,
0.171929,3.14652e-07,0.985109,
-3.90439e-07,1,-2.51266e-07,
-0.985109,-3.41425e-07,0.171929,
0.166769,3.15096e-07,0.985996,
-3.92928e-07,1,-2.53112e-07,
-0.985996,-3.45215e-07,0.166769,
0.161604,3.15514e-07,0.986856,
-3.95422e-07,1,-2.54964e-07,
-0.986856,-3.49021e-07,0.161604,
0.156435,3.15907e-07,0.987688,
-3.9792e-07,1,-2.56821e-07,
-0.987688,-3.52845e-07,0.156435,
0.151261,3.16275e-07,0.988494,
-4.00423e-07,1,-2.58683e-07,
-0.988494,-3.56687e-07,0.151261,
0.146083,3.16616e-07,0.989272,
-4.0293e-07,1,-2.6055e-07,
-0.989272,-3.60546e-07,0.146083,
0.140902,3.16932e-07,0.990024,
-4.05442e-07,1,-2.62423e-07,
-0.990024,-3.64421e-07,0.140902,
0.135716,3.17221e-07,0.990748,
-4.07958e-07,1,-2.643e-07,
-0.990748,-3.68314e-07,0.135716,
0.130526,3.17484e-07,0.991445,
-4.10479e-07,1,-2.66183e-07,
-0.991445,-3.72223e-07,0.130526,
0.125334,3.1772e-07,0.992115,
-4.13004e-07,1,-2.68071e-07,
-0.992115,-3.76149e-07,0.125334,
0.120137,3.17929e-07,0.992757,
-4.15533e-07,1,-2.69963e-07,
-0.992757,-3.80091e-07,0.120137,
0.114937,3.18111e-07,0.993373,
-4.18067e-07,1,-2.71861e-07,
-0.993373,-3.84049e-07,0.114937,
0.109735,3.18266e-07,0.993961,
-4.20605e-07,1,-2.73764e-07,
-0.993961,-3.88023e-07,0.109735,
0.104529,3.18393e-07,0.994522,
-4.23147e-07,1,-2.75672e-07,
-0.994522,-3.92013e-07,0.104529,
0.0993201,3.18492e-07,0.995056,
-4.25694e-07,1,-2.77584e-07,
-0.995056,-3.96019e-07,0.0993201,
0.0941086,3.18563e-07,0.995562,
-4.28244e-07,1,-2.79502e-07,
-0.995562,-4.0004e-07,0.0941086,
0.0888946,3.18606e-07,0.996041,
-4.308e-07,1,-2.81424e-07,
-0.996041,-4.04077e-07,0.0888946,
0.0836782,3.18621e-07,0.996493,
-4.33359e-07,1,-2.83352e-07,
-0.996493,-4.08129e-07,0.0836782,
0.0784594,3.18606e-07,0.996917,
-4.35922e-07,1,-2.85284e-07,
-0.996917,-4.12195e-07,0.0784594,
0.0732385,3.18563e-07,0.997314,
-4.3849e-07,1,-2.8722e-07,
-0.997314,-4.16276e-07,0.0732385,
0.0680156,3.18491e-07,0.997684,
-4.41061e-07,1,-2.89162e-07,
-0.997684,-4.20372e-07,0.0680156,
0.0627909,3.1839e-07,0.998027,
-4.43637e-07,1,-2.91108e-07,
-0.998027,-4.24483e-07,0.0627909,
0.0575644,3.1826e-07,0.998342,
-4.46217e-07,1,-2.93059e-07,
-0.998342,-4.28607e-07,0.0575644,
0.0523363,3.18099e-07,0.99863,
-4.48801e-07,1,-2.95015e-07,
-0.99863,-4.32746e-07,0.0523363,
0.0471068,3.17909e-07,0.99889,
-4.51389e-07,1,-2.96975e-07,
-0.99889,-4.36898e-07,0.0471068,
0.041876,3.17689e-07,0.999123,
-4.5398e-07,1,-2.9894e-07,
-0.999123,-4.41064e-07,0.041876,
0.0366441,3.17438e-07,0.999328,
-4.56576e-07,1,-3.00909e-07,
-0.999328,-4.45243e-07,0.0366441,
0.0314111,3.17157e-07,0.999507,
-4.59176e-07,1,-3.02883e-07,
-0.999507,-4.49435e-07,0.0314111,
0.0261773,3.16845e-07,0.999657,
-4.6178e-07,1,-3.04862e-07,
-0.999657,-4.53641e-07,0.0261773,
0.0209428,3.16503e-07,0.999781,
-4.64387e-07,1,-3.06844e-07,
-0.999781,-4.57859e-07,0.0209428,
0.0157077,3.16129e-07,0.999877,
-4.66999e-07,1,-3.08832e-07,
-0.999877,-4.6209e-07,0.0157077,
0.0104721,3.15724e-07,0.999945,
-4.69614e-07,1,-3.10823e-07,
-0.999945,-4.66333e-07,0.0104721,
0.00523632,3.15288e-07,0.999986,
-4.72233e-07,1,-3.12819e-07,
-0.999986,-4.70589e-07,0.00523632,
3.60644e-07,3.1482e-07,1,
-4.74856e-07,1,-3.1482e-07,
-1,-4.74856e-07,3.60644e-07,
-0.0052356,3.1432e-07,0.999986,
-4.77483e-07,1,-3.16824e-07,
-0.999986,-4.79135e-07,-0.0052356,
-0.0104714,3.13788e-07,0.999945,
-4.80113e-07,1,-3.18833e-07,
-0.999945,-4.83426e-07,-0.0104714,
-0.0157069,3.13224e-07,0.999877,
-4.82747e-07,1,-3.20846e-07,
-0.999877,-4.87727e-07,-0.0157069,
-0.020942,3.12628e-07,0.999781,
-4.85385e-07,1,-3.22864e-07,
-0.999781,-4.9204e-07,-0.020942,
-0.0261766,3.11999e-07,0.999657,
-4.88027e-07,1,-3.24885e-07,
-0.999657,-4.96364e-07,-0.0261766,
-0.0314104,3.11337e-07,0.999507,
-4.90672e-07,1,-3.26911e-07,
-0.999507,-5.00699e-07,-0.0314104,
-0.0366433,3.10643e-07,0.999328,
-4.93321e-07,1,-3.28941e-07,
-0.999328,-5.05043e-07,-0.0366433,
-0.0418753,3.09915e-07,0.999123,
-4.95974e-07,1,-3.30974e-07,
-0.999123,-5.09398e-07,-0.0418753,
-0.0471061,3.09154e-07,0.99889,
-4.9863e-07,1,-3.33012e-07,
-0.99889,-5.13763e-07,-0.0471061,
-0.0523356,3.0836e-07,0.99863,
-5.0129e-07,1,-3.35054e-07,
-0.99863,-5.18138e-07,-0.0523356,
-0.0575636,3.07532e-07,0.998342,
-5.03953e-07,1,-3.371e-07,
-0.998342,-5.22522e-07,-0.0575636,
-0.0627901,3.0667e-07,0.998027,
-5.0662e-07,1,-3.3915e-07,
-0.998027,-5.26916e-07,-0.0627901,
-0.0680149,3.05774e-07,0.997684,
-5.0929e-07,1,-3.41203e-07,
-0.997684,-5.31318e-07,-0.0680149,
-0.0732378,3.04844e-07,0.997315,
-5.11964e-07,1,-3.43261e-07,
-0.997315,-5.35729e-07,-0.0732378,
-0.0784587,3.0388e-07,0.996917,
-5.14642e-07,1,-3.45322e-07,
-0.996917,-5.40149e-07,-0.0784587,
-0.0836774,3.02881e-07,0.996493,
-5.17323e-07,1,-3.47387e-07,
-0.996493,-5.44577e-07,-0.0836774,
-0.0888939,3.01847e-07,0.996041,
-5.20007e-07,1,-3.49456e-07,
-0.996041,-5.49013e-07,-0.0888939,
-0.0941079,3.00779e-07,0.995562,
-5.22695e-07,1,-3.51529e-07,
-0.995562,-5.53457e-07,-0.0941079,
-0.0993193,2.99676e-07,0.995056,
-5.25386e-07,1,-3.53605e-07,
-0.995056,-5.57908e-07,-0.0993193,
-0.104528,2.98538e-07,0.994522,
-5.2808e-07,1,-3.55685e-07,
-0.994522,-5.62367e-07,-0.104528,
-0.109734,2.97364e-07,0.993961,
-5.30778e-07,1,-3.57769e-07,
-0.993961,-5.66832e-07,-0.109734,
-0.114937,2.96155e-07,0.993373,
-5.3348e-07,1,-3.59856e-07,
-0.993373,-5.71305e-07,-0.114937,
-0.120136,2.9491e-07,0.992757,
-5.36184e-07,1,-3.61947e-07,
-0.992757,-5.75784e-07,-0.120136,
-0.125333,2.9363e-07,0.992115,
-5.38892e-07,1,-3.64041e-07,
-0.992115,-5.80269e-07,-0.125333,
-0.130526,2.92314e-07,0.991445,
-5.41603e-07,1,-3.66139e-07,
-0.991445,-5.8476e-07,-0.130526,
-0.135715,2.90961e-07,0.990748,
-5.44318e-07,1,-3.6824e-07,
-0.990748,-5.89257e-07,-0.135715,
-0.140901,2.89573e-07,0.990024,
-5.47035e-07,1,-3.70345e-07,
-0.990024,-5.9376e-07,-0.140901,
-0.146083,2.88148e-07,0.989272,
-5.49756e-07,1,-3.72453e-07,
-0.989272,-5.98268e-07,-0.146083,
-0.15126,2.86686e-07,0.988494,
-5.5248e-07,1,-3.74564e-07,
-0.988494,-6.0278e-07,-0.15126,
-0.156434,2.85188e-07,0.987688,
-5.55208e-07,1,-3.76679e-07,
-0.987688,-6.07298e-07,-0.156434,
-0.161603,2.83653e-07,0.986856,
-5.57938e-07,1,-3.78797e-07,
-0.986856,-6.1182e-07,-0.161603,
-0.166768,2.82082e-07,0.985996,
-5.60672e-07,1,-3.80918e-07,
-0.985996,-6.16346e-07,-0.166768,
-0.171929,2.80473e-07,0.985109,
-5.63409e-07,1,-3.83043e-07,
-0.985109,-6.20876e-07,-0.171929,
-0.177084,2.78827e-07,0.984196,
-5.66149e-07,1,-3.8517e-07,
-0.984196,-6.25409e-07,-0.177084,
-0.182235,2.77143e-07,0.983255,
-5.68892e-07,1,-3.87301e-07,
-0.983255,-6.29946e-07,-0.182235,
-0.187381,2.75423e-07,0.982287,
-5.71638e-07,1,-3.89435e-07,
-0.982287,-6.34486e-07,-0.187381,
-0.192522,2.73664e-07,0.981293,
-5.74388e-07,1,-3.91572e-07,
-0.981293,-6.39029e-07,-0.192522,
-0.197657,2.71868e-07,0.980271,
-5.7714e-07,1,-3.93711e-07,
-0.980271,-6.43574e-07,-0.197657,
-0.202787,2.70034e-07,0.979223,
-5.79896e-07,1,-3.95854e-07,
-0.979223,-6.48121e-07,-0.202787,
-0.207911,2.68163e-07,0.978148,
-5.82654e-07,1,-3.98e-07,
-0.978148,-6.52671e-07,-0.207911,
-0.21303,2.66253e-07,0.977046,
-5.85416e-07,1,-4.00149e-07,
-0.977046,-6.57222e-07,-0.21303,
-0.218143,2.64305e-07,0.975917,
-5.8818e-07,1,-4.02301e-07,
-0.975917,-6.61774e-07,-0.218143,
-0.22325,2.62318e-07,0.974761,
-5.90948e-07,1,-4.04455e-07,
-0.974761,-6.66327e-07,-0.22325,
-0.22835,2.60293e-07,0.973579,
-5.93718e-07,1,-4.06612e-07,
-0.973579,-6.70882e-07,-0.22835,
-0.233445,2.5823e-07,0.97237,
-5.96492e-07,1,-4.08772e-07,
-0.97237,-6.75436e-07,-0.233445,
-0.238533,2.56128e-07,0.971134,
-5.99268e-07,1,-4.10935e-07,
-0.971134,-6.79991e-07,-0.238533,
-0.243615,2.53987e-07,0.969872,
-6.02048e-07,1,-4.13101e-07,
-0.969872,-6.84546e-07,-0.243615,
-0.248689,2.51808e-07,0.968583,
-6.0483e-07,1,-4.15269e-07,
-0.968583,-6.89101e-07,-0.248689,
-0.253757,2.49589e-07,0.967268,
-6.07615e-07,1,-4.17439e-07,
-0.967268,-6.93655e-07,-0.253757,
-0.258819,2.47331e-07,0.965926,
-6.10403e-07,1,-4.19613e-07,
-0.965926,-6.98208e-07,-0.258819,
-0.263873,2.45034e-07,0.964558,
-6.13194e-07,1,-4.21789e-07,
-0.964558,-7.02759e-07,-0.263873,
-0.268919,2.42698e-07,0.963163,
-6.15988e-07,1,-4.23967e-07,
-0.963163,-7.07309e-07,-0.268919,
-0.273959,2.40323e-07,0.961741,
-6.18785e-07,1,-4.26148e-07,
-0.961741,-7.11858e-07,-0.273959,
-0.278991,2.37908e-07,0.960294,
-6.21584e-07,1,-4.28331e-07,
-0.960294,-7.16404e-07,-0.278991,
-0.284015,2.35453e-07,0.95882,
-6.24386e-07,1,-4.30517e-07,
-0.95882,-7.20947e-07,-0.284015,
-0.289031,2.32959e-07,0.95732,
-6.27192e-07,1,-4.32705e-07,
-0.95732,-7.25488e-07,-0.289031,
-0.29404,2.30425e-07,0.955793,
-6.3e-07,1,-4.34895e-07,
-0.955793,-7.30026e-07,-0.29404,
-0.29904,2.27851e-07,0.95424,
-6.3281e-07,1,-4.37088e-07,
-0.95424,-7.3456e-07,-0.29904,
-0.304033,2.25237e-07,0.952662,
-6.35624e-07,1,-4.39283e-07,
-0.952662,-7.39091e-07,-0.304033,
-0.309017,2.22584e-07,0.951057,
-6.3844e-07,1,-4.4148e-07,
-0.951057,-7.43617e-07,-0.309017,
-0.313992,2.1989e-07,0.949426,
-6.41259e-07,1,-4.43679e-07,
-0.949426,-7.4814e-07,-0.313992,
-0.318959,2.17156e-07,0.947769,
-6.44081e-07,1,-4.45881e-07,
-0.947769,-7.52658e-07,-0.318959,
-0.323917,2.14382e-07,0.946086,
-6.46906e-07,1,-4.48084e-07,
-0.946086,-7.5717e-07,-0.323917,
-0.328866,2.11568e-07,0.944377,
-6.49733e-07,1,-4.5029e-07,
-0.944377,-7.61678e-07,-0.328866,
-0.333806,2.08713e-07,0.942642,
-6.52563e-07,1,-4.52497e-07,
-0.942642,-7.6618e-07,-0.333806,
-0.338737,2.05818e-07,0.940881,
-6.55396e-07,1,-4.54707e-07,
-0.940881,-7.70676e-07,-0.338737,
-0.343659,2.02882e-07,0.939094,
-6.58231e-07,1,-4.56918e-07,
-0.939094,-7.75165e-07,-0.343659,
-0.348572,1.99906e-07,0.937282,
-6.61069e-07,1,-4.59132e-07,
-0.937282,-7.79649e-07,-0.348572,
-0.353474,1.96889e-07,0.935444,
-6.6391e-07,1,-4.61347e-07,
-0.935444,-7.84125e-07,-0.353474,
-0.358367,1.93832e-07,0.933581,
-6.66754e-07,1,-4.63564e-07,
-0.933581,-7.88594e-07,-0.358367,
-0.363251,1.90733e-07,0.931691,
-6.696e-07,1,-4.65783e-07,
-0.931691,-7.93056e-07,-0.363251,
-0.368124,1.87594e-07,0.929777,
-6.72448e-07,1,-4.68004e-07,
-0.929777,-7.9751e-07,-0.368124,
-0.372987,1.84415e-07,0.927836,
-6.753e-07,1,-4.70226e-07,
-0.927836,-8.01956e-07,-0.372987,
-0.37784,1.81194e-07,0.925871,
-6.78154e-07,1,-4.7245e-07,
-0.925871,-8.06393e-07,-0.37784,
-0.382683,1.77932e-07,0.92388,
-6.8101e-07,1,-4.74676e-07,
-0.92388,-8.10822e-07,-0.382683,
-0.387515,1.7463e-07,0.921863,
-6.8387e-07,1,-4.76903e-07,
-0.921863,-8.15241e-07,-0.387515,
-0.392337,1.71286e-07,0.919822,
-6.86731e-07,1,-4.79132e-07,
-0.919822,-8.19651e-07,-0.392337,
-0.397147,1.67901e-07,0.917755,
-6.89596e-07,1,-4.81362e-07,
-0.917755,-8.24052e-07,-0.397147,
-0.401947,1.64475e-07,0.915663,
-6.92463e-07,1,-4.83594e-07,
-0.915663,-8.28442e-07,-0.401947,
-0.406736,1.61009e-07,0.913546,
-6.95332e-07,1,-4.85827e-07,
-0.913546,-8.32821e-07,-0.406736,
-0.411514,1.575e-07,0.911404,
-6.98205e-07,1,-4.88062e-07,
-0.911404,-8.3719e-07,-0.411514,
-0.41628,1.53951e-07,0.909236,
-7.01079e-07,1,-4.90298e-07,
-0.909236,-8.41548e-07,-0.41628,
-0.421035,1.50361e-07,0.907044,
-7.03957e-07,1,-4.92535e-07,
-0.907044,-8.45894e-07,-0.421035,
-0.425779,1.46729e-07,0.904827,
-7.06836e-07,1,-4.94774e-07,
-0.904827,-8.50229e-07,-0.425779,
-0.430511,1.43056e-07,0.902586,
-7.09719e-07,1,-4.97014e-07,
-0.902586,-8.54552e-07,-0.430511,
-0.435231,1.39342e-07,0.900319,
-7.12604e-07,1,-4.99255e-07,
-0.900319,-8.58862e-07,-0.435231,
-0.439939,1.35586e-07,0.898028,
-7.15491e-07,1,-5.01497e-07,
-0.898028,-8.63159e-07,-0.439939,
-0.444635,1.31789e-07,0.895712,
-7.18381e-07,1,-5.03741e-07,
-0.895712,-8.67443e-07,-0.444635,
-0.449318,1.27951e-07,0.893372,
-7.21273e-07,1,-5.05985e-07,
-0.893372,-8.71714e-07,-0.449318,
-0.45399,1.24072e-07,0.891007,
-7.24168e-07,1,-5.08231e-07,
-0.891007,-8.75971e-07,-0.45399,
-0.458649,1.20151e-07,0.888618,
-7.27066e-07,1,-5.10477e-07,
-0.888618,-8.80213e-07,-0.458649,
-0.463295,1.16189e-07,0.886204,
-7.29966e-07,1,-5.12725e-07,
-0.886204,-8.84442e-07,-0.463295,
-0.467929,1.12185e-07,0.883766,
-7.32868e-07,1,-5.14973e-07,
-0.883766,-8.88655e-07,-0.467929,
-0.47255,1.0814e-07,0.881304,
-7.35773e-07,1,-5.17223e-07,
-0.881304,-8.92854e-07,-0.47255,
-0.477158,1.04054e-07,0.878817,
-7.38681e-07,1,-5.19473e-07,
-0.878817,-8.97036e-07,-0.477158,
-0.481753,9.99266e-08,0.876307,
-7.41591e-07,1,-5.21724e-07,
-0.876307,-9.01203e-07,-0.481753,
-0.486335,9.57577e-08,0.873773,
-7.44503e-07,1,-5.23976e-07,
-0.873773,-9.05354e-07,-0.486335,
-0.490903,9.15475e-08,0.871214,
-7.47418e-07,1,-5.26228e-07,
-0.871214,-9.09488e-07,-0.490903,
-0.495458,8.7296e-08,0.868632,
-7.50336e-07,1,-5.28482e-07,
-0.868632,-9.13606e-07,-0.495458,
-0.499999,8.30032e-08,0.866026,
-7.53255e-07,1,-5.30735e-07,
-0.866026,-9.17706e-07,-0.499999,
-0.504527,7.86692e-08,0.863396,
-7.56178e-07,1,-5.3299e-07,
-0.863396,-9.21789e-07,-0.504527,
-0.509041,7.42939e-08,0.860742,
-7.59103e-07,1,-5.35245e-07,
-0.860742,-9.25853e-07,-0.509041,
-0.513541,6.98774e-08,0.858065,
-7.6203e-07,1,-5.37501e-07,
-0.858065,-9.299e-07,-0.513541,
-0.518026,6.54197e-08,0.855365,
-7.6496e-07,1,-5.39757e-07,
-0.855365,-9.33928e-07,-0.518026,
-0.522498,6.09209e-08,0.852641,
-7.67892e-07,1,-5.42014e-07,
-0.852641,-9.37937e-07,-0.522498,
-0.526955,5.63809e-08,0.849893,
-7.70826e-07,1,-5.44271e-07,
-0.849893,-9.41926e-07,-0.526955,
-0.531398,5.17998e-08,0.847122,
-7.73763e-07,1,-5.46528e-07,
-0.847122,-9.45896e-07,-0.531398,
-0.535826,4.71777e-08,0.844328,
-7.76703e-07,1,-5.48786e-07,
-0.844328,-9.49846e-07,-0.535826,
-0.54024,4.25146e-08,0.841511,
-7.79645e-07,1,-5.51044e-07,
-0.841511,-9.53776e-07,-0.54024,
-0.544638,3.78105e-08,0.838671,
-7.82589e-07,1,-5.53302e-07,
-0.838671,-9.57685e-07,-0.544638,
-0.549022,3.30654e-08,0.835808,
-7.85536e-07,1,-5.55561e-07,
-0.835808,-9.61572e-07,-0.549022,
-0.553391,2.82795e-08,0.832922,
-7.88485e-07,1,-5.5782e-07,
-0.832922,-9.65439e-07,-0.553391,
-0.557745,2.34527e-08,0.830013,
-7.91437e-07,1,-5.60079e-07,
-0.830013,-9.69284e-07,-0.557745,
-0.562083,1.85852e-08,0.827081,
-7.94391e-07,1,-5.62338e-07,
-0.827081,-9.73106e-07,-0.562083,
-0.566406,1.36769e-08,0.824127,
-7.97348e-07,1,-5.64597e-07,
-0.824127,-9.76906e-07,-0.566406,
-0.570713,8.72804e-09,0.82115,
-8.00307e-07,1,-5.66856e-07,
-0.82115,-9.80684e-07,-0.570713,
-0.575005,3.73854e-09,0.81815,
-8.03268e-07,1,-5.69115e-07,
-0.81815,-9.84438e-07,-0.575005,
-0.579281,-1.29149e-09,0.815128,
-8.06232e-07,1,-5.71374e-07,
-0.815128,-9.88168e-07,-0.579281,
-0.583541,-6.36199e-09,0.812084,
-8.09198e-07,1,-5.73633e-07,
-0.812084,-9.91875e-07,-0.583541,
-0.587785,-1.14729e-08,0.809017,
-8.12167e-07,1,-5.75892e-07,
-0.809017,-9.95558e-07,-0.587785,
-0.592013,-1.66241e-08,0.805929,
-8.15138e-07,1,-5.78151e-07,
-0.805929,-9.99216e-07,-0.592013,
-0.596224,-2.18156e-08,0.802818,
-8.18112e-07,1,-5.80409e-07,
-0.802818,-1.00285e-06,-0.596224,
-0.60042,-2.70472e-08,0.799685,
-8.21088e-07,1,-5.82667e-07,
-0.799685,-1.00646e-06,-0.60042,
-0.604599,-3.23189e-08,0.79653,
-8.24067e-07,1,-5.84925e-07,
-0.79653,-1.01004e-06,-0.604599,
-0.608761,-3.76306e-08,0.793354,
-8.27048e-07,1,-5.87183e-07,
-0.793354,-1.0136e-06,-0.608761,
-0.612906,-4.29823e-08,0.790155,
-8.30031e-07,1,-5.8944e-07,
-0.790155,-1.01713e-06,-0.612906,
-0.617035,-4.83737e-08,0.786935,
-8.33017e-07,1,-5.91697e-07,
-0.786935,-1.02063e-06,-0.617035,
-0.621147,-5.38049e-08,0.783694,
-8.36006e-07,1,-5.93953e-07,
-0.783694,-1.0241e-06,-0.621147,
-0.625242,-5.92758e-08,0.780431,
-8.38996e-07,1,-5.96209e-07,
-0.780431,-1.02755e-06,-0.625242,
-0.62932,-6.47861e-08,0.777146,
-8.4199e-07,1,-5.98465e-07,
-0.777146,-1.03097e-06,-0.62932,
-0.63338,-7.03359e-08,0.773841,
-8.44985e-07,1,-6.00719e-07,
-0.773841,-1.03437e-06,-0.63338,
-0.637423,-7.59251e-08,0.770514,
-8.47983e-07,1,-6.02974e-07,
