1,0,0,
0,1,0,
0,0,1,
1,-1.91965e-09,-0.000134629,
1.91973e-09,1,5.76005e-10,
0.000134629,-5.76263e-10,1,
1,-5.75873e-09,-0.000403886,
5.75943e-09,1,1.72742e-09,
0.000403886,-1.72975e-09,1,
1,-1.15168e-08,-0.000807773,
1.15196e-08,1,3.45324e-09,
0.000807773,-3.46254e-09,1,
0.999999,-1.9193e-08,-0.00134629,
1.92008e-08,1,5.75203e-09,
0.00134629,-5.77788e-09,0.999999,
0.999998,-2.87866e-08,-0.00201943,
2.88041e-08,1,8.62197e-09,
0.00201943,-8.68012e-09,0.999998,
0.999996,-4.02964e-08,-0.0028272,
4.03306e-08,1,1.20608e-08,
0.0028272,-1.21748e-08,0.999996,
0.999993,-5.37208e-08,-0.0037696,
5.37818e-08,1,1.60659e-08,
0.0037696,-1.62685e-08,0.999993,
0.999988,-6.90583e-08,-0.00484662,
6.91591e-08,1,2.0634e-08,
0.00484662,-2.0969e-08,0.999988,
0.999982,-8.63068e-08,-0.00605826,
8.64645e-08,1,2.57619e-08,
0.00605826,-2.62852e-08,0.999982,
0.999973,-1.05464e-07,-0.00740452,
1.057e-07,1,3.14454e-08,
0.00740452,-3.22272e-08,0.999973,
0.999961,-1.26528e-07,-0.00888539,
1.26868e-07,1,3.76803e-08,
0.00888539,-3.88061e-08,0.999961,
0.999945,-1.49496e-07,-0.0105009,
1.49971e-07,1,4.44618e-08,
0.0105009,-4.60342e-08,0.999945,
0.999925,-1.74364e-07,-0.0122509,
1.75011e-07,1,5.17848e-08,
0.0122509,-5.39249e-08,0.999925,
0.9999,-2.01129e-07,-0.0141356,
2.01992e-07,1,5.96435e-08,
0.0141356,-6.24928e-08,0.9999,
0.99987,-2.29788e-07,-0.0161548,
2.30917e-07,1,6.80523e-08,
0.0161548,-7.17739e-08,0.99987,
0.999832,-2.60336e-07,-0.0183085,
2.61789e-07,1,7.69873e-08,
0.0183085,-8.17673e-08,0.999832,
0.999788,-2.92768e-07,-0.0205968,
2.94611e-07,1,8.64416e-08,
0.0205968,-9.24913e-08,0.999788,
0.999735,-3.27081e-07,-0.0230195,
3.29388e-07,1,9.64081e-08,
0.0230195,-1.03965e-07,0.999735,
0.999673,-3.63269e-07,-0.0255767,
3.66122e-07,1,1.06879e-07,
0.0255767,-1.16209e-07,0.999673,
0.9996,-4.01326e-07,-0.0282683,
4.04819e-07,1,1.17847e-07,
0.0282683,-1.29244e-07,0.9996,
0.999516,-4.41247e-07,-0.0310943,
4.45483e-07,1,1.29303e-07,
0.0310943,-1.43092e-07,0.999516,
0.99942,-4.83024e-07,-0.0340545,
4.88117e-07,1,1.41238e-07,
0.0340545,-1.57779e-07,0.99942,
0.99931,-5.26652e-07,-0.037149,
5.32727e-07,1,1.53643e-07,
0.037149,-1.73327e-07,0.99931,
0.999184,-5.72122e-07,-0.0403777,
5.79318e-07,1,1.66508e-07,
0.0403777,-1.89764e-07,0.999184,
0.999043,-6.19427e-07,-0.0437404,
6.27893e-07,1,1.79822e-07,
0.0437404,-2.07115e-07,0.999043,
0.998884,-6.68558e-07,-0.0472372,
6.7846e-07,1,1.93576e-07,
0.0472372,-2.25409e-07,0.998884,
0.998705,-7.19507e-07,-0.0508678,
7.31021e-07,1,2.07758e-07,
0.0508678,-2.44674e-07,0.998705,
0.998507,-7.72263e-07,-0.0546321,
7.85584e-07,1,2.22355e-07,
0.0546321,-2.64942e-07,0.998507,
0.998286,-8.26817e-07,-0.0585301,
8.42153e-07,1,2.37357e-07,
0.0585301,-2.86242e-07,0.998286,
0.998041,-8.83157e-07,-0.0625616,
9.00734e-07,1,2.52751e-07,
0.0625616,-3.08607e-07,0.998041,
0.997771,-9.41273e-07,-0.0667264,
9.61333e-07,1,2.68522e-07,
0.0667264,-3.3207e-07,0.997771,
0.997475,-1.00115e-06,-0.0710243,
1.02396e-06,1,2.84659e-07,
0.0710243,-3.56666e-07,0.997475,
0.997149,-1.06278e-06,-0.0754551,
1.08861e-06,1,3.01146e-07,
0.0754551,-3.82429e-07,0.997149,
0.996793,-1.12615e-06,-0.0800186,
1.1553e-06,1,3.1797e-07,
0.0800186,-4.09396e-07,0.996793,
0.996405,-1.19123e-06,-0.0847147,
1.22402e-06,1,3.35116e-07,
0.0847147,-4.37604e-07,0.996405,
0.995983,-1.25803e-06,-0.0895429,
1.2948e-06,1,3.52567e-07,
0.0895429,-4.67091e-07,0.995983,
0.995525,-1.32651e-06,-0.094503,
1.36763e-06,1,3.70308e-07,
0.094503,-4.97896e-07,0.995525,
0.995028,-1.39667e-06,-0.0995948,
1.44252e-06,1,3.88323e-07,
0.0995948,-5.30059e-07,0.995028,
0.994491,-1.46849e-06,-0.104818,
1.51948e-06,1,4.06594e-07,
0.104818,-5.63622e-07,0.994491,
0.993913,-1.54194e-06,-0.110172,
1.5985e-06,1,4.25104e-07,
0.110172,-5.98626e-07,0.993913,
0.993289,-1.61701e-06,-0.115656,
1.67961e-06,1,4.43835e-07,
0.115656,-6.35114e-07,0.993289,
0.992619,-1.69367e-06,-0.121271,
1.7628e-06,1,4.62769e-07,
0.121271,-6.7313e-07,0.992619,
0.991901,-1.77191e-06,-0.127015,
1.84808e-06,1,4.81886e-07,
0.127015,-7.12718e-07,0.991901,
0.991131,-1.8517e-06,-0.132889,
1.93546e-06,1,5.01167e-07,
0.132889,-7.53924e-07,0.991131,
0.990308,-1.93301e-06,-0.138891,
2.02495e-06,1,5.20593e-07,
0.138891,-7.96793e-07,0.990308,
0.989429,-2.01583e-06,-0.145021,
2.11654e-06,1,5.40141e-07,
0.145021,-8.41374e-07,0.989429,
0.988491,-2.10012e-06,-0.151279,
2.21024e-06,1,5.59792e-07,
0.151279,-8.87713e-07,0.988491,
0.987493,-2.18586e-06,-0.157663,
2.30607e-06,1,5.79524e-07,
0.157663,-9.35859e-07,0.987493,
0.986431,-2.27302e-06,-0.164174,
2.40403e-06,1,5.99314e-07,
0.164174,-9.85862e-07,0.986431,
0.985304,-2.36156e-06,-0.170811,
2.50411e-06,1,6.1914e-07,
0.170811,-1.03777e-06,0.985304,
0.984108,-2.45145e-06,-0.177572,
2.60634e-06,1,6.38978e-07,
0.177572,-1.09164e-06,0.984108,
0.982841,-2.54267e-06,-0.184457,
2.71071e-06,1,6.58805e-07,
0.184457,-1.14751e-06,0.982841,
0.981499,-2.63518e-06,-0.191465,
2.81723e-06,1,6.78597e-07,
0.191465,-1.20544e-06,0.981499,
0.980082,-2.72893e-06,-0.198596,
2.9259e-06,1,6.98328e-07,
0.198596,-1.26549e-06,0.980082,
0.978584,-2.8239e-06,-0.205847,
3.03672e-06,1,7.17974e-07,
0.205847,-1.3277e-06,0.978584,
0.977004,-2.92004e-06,-0.213219,
3.14972e-06,1,7.37507e-07,
0.213219,-1.39213e-06,0.977004,
0.975339,-3.0173e-06,-0.22071,
3.26487e-06,1,7.56903e-07,
0.22071,-1.45883e-06,0.975339,
0.973586,-3.11566e-06,-0.228319,
3.3822e-06,1,7.76133e-07,
0.228319,-1.52786e-06,0.973586,
0.971742,-3.21506e-06,-0.236045,
3.50171e-06,1,7.95171e-07,
0.236045,-1.59926e-06,0.971742,
0.969804,-3.31546e-06,-0.243887,
3.62339e-06,1,8.13987e-07,
0.243887,-1.67311e-06,0.969804,
0.967768,-3.4168e-06,-0.251843,
3.74726e-06,1,8.32554e-07,
0.251843,-1.74944e-06,0.967768,
0.965632,-3.51904e-06,-0.259913,
3.87331e-06,1,8.50842e-07,
0.259913,-1.82832e-06,0.965632,
0.963393,-3.62213e-06,-0.268093,
4.00154e-06,1,8.68822e-07,
0.268093,-1.9098e-06,0.963393,
0.961047,-3.72601e-06,-0.276384,
4.13197e-06,1,8.86462e-07,
0.276384,-1.99394e-06,0.961047,
0.958592,-3.83063e-06,-0.284784,
4.26458e-06,1,9.03733e-07,
0.284784,-2.08079e-06,0.958592,
0.956024,-3.93592e-06,-0.29329,
4.39939e-06,1,9.20603e-07,
0.29329,-2.17042e-06,0.956024,
0.953339,-4.04183e-06,-0.301901,
4.53639e-06,1,9.3704e-07,
0.301901,-2.26286e-06,0.953339,
0.950535,-4.14829e-06,-0.310616,
4.67559e-06,1,9.53011e-07,
0.310616,-2.35818e-06,0.950535,
0.947609,-4.25524e-06,-0.319433,
4.81697e-06,1,9.68485e-07,
0.319433,-2.45644e-06,0.947609,
0.944556,-4.36262e-06,-0.328349,
4.96055e-06,1,9.83426e-07,
0.328349,-2.55769e-06,0.944556,
0.941375,-4.47034e-06,-0.337363,
5.10632e-06,1,9.97801e-07,
0.337363,-2.66199e-06,0.941375,
0.93806,-4.57835e-06,-0.346472,
5.25428e-06,1,1.01158e-06,
0.346472,-2.76938e-06,0.93806,
0.93461,-4.68657e-06,-0.355674,
5.40443e-06,1,1.02472e-06,
0.355674,-2.87993e-06,0.93461,
0.93102,-4.79492e-06,-0.364968,
5.55676e-06,1,1.03718e-06,
0.364968,-2.99368e-06,0.93102,
0.927288,-4.90332e-06,-0.37435,
5.71128e-06,1,1.04895e-06,
0.37435,-3.11069e-06,0.927288,
0.923409,-5.0117e-06,-0.383818,
5.86797e-06,1,1.05997e-06,
0.383818,-3.23101e-06,0.923409,
0.91938,-5.11996e-06,-0.39337,
6.02683e-06,1,1.0702e-06,
0.39337,-3.3547e-06,0.91938,
0.915199,-5.22803e-06,-0.403003,
6.18786e-06,1,1.07962e-06,
0.403003,-3.48179e-06,0.915199,
0.910861,-5.33581e-06,-0.412714,
6.35105e-06,1,1.08819e-06,
0.412714,-3.61235e-06,0.910861,
0.906363,-5.44321e-06,-0.4225,
6.51639e-06,1,1.09586e-06,
0.4225,-3.74642e-06,0.906363,
0.901702,-5.55015e-06,-0.432359,
6.68388e-06,1,1.1026e-06,
0.432359,-3.88405e-06,0.901702,
0.896874,-5.65651e-06,-0.442287,
6.8535e-06,1,1.10837e-06,
0.442287,-4.02528e-06,0.896874,
0.891876,-5.76221e-06,-0.452281,
7.02525e-06,1,1.11312e-06,
0.452281,-4.17015e-06,0.891876,
0.886704,-5.86714e-06,-0.462338,
7.19912e-06,1,1.11683e-06,
0.462338,-4.31872e-06,0.886704,
0.881355,-5.97119e-06,-0.472455,
7.3751e-06,1,1.11944e-06,
0.472455,-4.47102e-06,0.881355,
0.875826,-6.07427e-06,-0.482627,
7.55317e-06,1,1.12092e-06,
0.482627,-4.6271e-06,0.875826,
0.870113,-6.17626e-06,-0.492853,
7.73332e-06,1,1.12123e-06,
0.492853,-4.78698e-06,0.870113,
0.864213,-6.27704e-06,-0.503126,
7.91554e-06,1,1.12032e-06,
0.503126,-4.95071e-06,0.864213,
0.858122,-6.37651e-06,-0.513445,
8.09981e-06,1,1.11816e-06,
0.513445,-5.11833e-06,0.858122,
0.851838,-6.47454e-06,-0.523805,
8.28611e-06,1,1.1147e-06,
0.523805,-5.28985e-06,0.851838,
0.845357,-6.57102e-06,-0.534202,
8.47444e-06,1,1.1099e-06,
0.534202,-5.46532e-06,0.845357,
0.838676,-6.66581e-06,-0.544631,
8.66477e-06,1,1.10372e-06,
0.544631,-5.64476e-06,0.838676,
0.831791,-6.7588e-06,-0.555089,
8.85708e-06,1,1.09611e-06,
0.555089,-5.8282e-06,0.831791,
0.824699,-6.84985e-06,-0.565571,
9.05135e-06,1,1.08703e-06,
0.565571,-6.01566e-06,0.824699,
0.817398,-6.93884e-06,-0.576073,
9.24757e-06,1,1.07644e-06,
0.576073,-6.20715e-06,0.817398,
0.809885,-7.02562e-06,-0.586589,
9.4457e-06,1,1.0643e-06,
0.586589,-6.4027e-06,0.809885,
0.802155,-7.11007e-06,-0.597115,
9.64573e-06,1,1.05056e-06,
0.597115,-6.60232e-06,0.802155,
0.794208,-7.19204e-06,-0.607647,
9.84763e-06,1,1.03518e-06,
0.607647,-6.80602e-06,0.794208,
0.786038,-7.27138e-06,-0.618178,
1.00514e-05,1,1.01811e-06,
0.618178,-7.01381e-06,0.786038,
0.777644,-7.34797e-06,-0.628704,
1.02569e-05,1,9.99321e-07,
0.628704,-7.22569e-06,0.777644,
0.769024,-7.42164e-06,-0.63922,
1.04643e-05,1,9.78757e-07,
0.63922,-7.44166e-06,0.769024,
0.760173,-7.49224e-06,-0.64972,
1.06734e-05,1,9.56378e-07,
0.64972,-7.66173e-06,0.760173,
0.751091,-7.55963e-06,-0.660199,
1.08842e-05,1,9.32142e-07,
0.660199,-7.88587e-06,0.751091,
0.741773,-7.62366e-06,-0.670651,
1.10967e-05,1,9.06004e-07,
0.670651,-8.11409e-06,0.741773,
0.732219,-7.68415e-06,-0.681069,
1.13109e-05,1,8.77922e-07,
0.681069,-8.34636e-06,0.732219,
0.722425,-7.74096e-06,-0.691449,
1.15267e-05,1,8.47854e-07,
0.691449,-8.58267e-06,0.722425,
0.71239,-7.79392e-06,-0.701784,
1.17441e-05,1,8.15755e-07,
0.701784,-8.82299e-06,0.71239,
0.70211,-7.84287e-06,-0.712068,
1.19631e-05,1,7.81584e-07,
0.712068,-9.0673e-06,0.70211,
0.691586,-7.88765e-06,-0.722295,
1.21836e-05,1,7.45298e-07,
0.722295,-9.31555e-06,0.691586,
0.680813,-7.92808e-06,-0.732457,
1.24055e-05,1,7.06857e-07,
0.732457,-9.56773e-06,0.680813,
0.669791,-7.96399e-06,-0.742549,
1.26288e-05,1,6.66217e-07,
0.742549,-9.82377e-06,0.669791,
0.658519,-7.99523e-06,-0.752564,
1.28536e-05,1,6.2334e-07,
0.752564,-1.00836e-05,0.658519,
0.646994,-8.0216e-06,-0.762495,
1.30797e-05,1,5.78183e-07,
0.762495,-1.03473e-05,0.646994,
0.635215,-8.04295e-06,-0.772335,
1.3307e-05,1,5.30707e-07,
0.772335,-1.06146e-05,0.635215,
0.623181,-8.05908e-06,-0.782077,
1.35356e-05,1,4.80872e-07,
0.782077,-1.08856e-05,0.623181,
0.610892,-8.06984e-06,-0.791714,
1.37654e-05,1,4.28641e-07,
0.791714,-1.11602e-05,0.610892,
0.598345,-8.07503e-06,-0.801238,
1.39964e-05,1,3.73974e-07,
0.801238,-1.14382e-05,0.598345,
0.585541,-8.07448e-06,-0.810643,
1.42284e-05,1,3.16834e-07,
0.810643,-1.17197e-05,0.585541,
0.572479,-8.06801e-06,-0.81992,
1.44615e-05,1,2.57185e-07,
0.81992,-1.20045e-05,0.572479,
0.559158,-8.05544e-06,-0.829061,
1.46955e-05,1,1.94991e-07,
0.829061,-1.22925e-05,0.559158,
0.545578,-8.0366e-06,-0.83806,
1.49304e-05,1,1.30216e-07,
0.83806,-1.25837e-05,0.545578,
0.53174,-8.01129e-06,-0.846908,
1.51663e-05,1,6.28284e-08,
0.846908,-1.28778e-05,0.53174,
0.517643,-7.97934e-06,-0.855597,
1.54029e-05,1,-7.2065e-09,
0.855597,-1.31749e-05,0.517643,
0.503287,-7.94056e-06,-0.864119,
1.56402e-05,1,-7.992e-08,
0.864119,-1.34748e-05,0.503287,
0.488674,-7.89478e-06,-0.872467,
1.58782e-05,1,-1.55343e-07,
0.872467,-1.37773e-05,0.488674,
0.473804,-7.84182e-06,-0.88063,
1.61168e-05,1,-2.33505e-07,
0.88063,-1.40823e-05,0.473804,
0.458678,-7.7815e-06,-0.888603,
1.63559e-05,1,-3.14434e-07,
0.888603,-1.43897e-05,0.458678,
0.443297,-7.71363e-06,-0.896375,
1.65955e-05,1,-3.98157e-07,
0.896375,-1.46993e-05,0.443297,
0.427662,-7.63805e-06,-0.903939,
1.68355e-05,1,-4.847e-07,
0.903939,-1.5011e-05,0.427662,
0.411776,-7.55458e-06,-0.911285,
1.70758e-05,1,-5.74088e-07,
0.911285,-1.53245e-05,0.411776,
0.395641,-7.46303e-06,-0.918405,
1.73164e-05,1,-6.66341e-07,
0.918405,-1.56398e-05,0.395641,
0.379257,-7.36325e-06,-0.925291,
1.75571e-05,1,-7.61483e-07,
0.925291,-1.59566e-05,0.379257,
0.362628,-7.25506e-06,-0.931934,
1.77979e-05,1,-8.59531e-07,
0.931934,-1.62748e-05,0.362628,
0.345757,-7.1383e-06,-0.938324,
1.80388e-05,1,-9.60504e-07,
0.938324,-1.65941e-05,0.345757,
0.328646,-7.0128e-06,-0.944453,
1.82796e-05,1,-1.06442e-06,
0.944453,-1.69144e-05,0.328646,
0.311298,-6.87839e-06,-0.950312,
1.85202e-05,1,-1.17129e-06,
0.950312,-1.72353e-05,0.311298,
0.293718,-6.73493e-06,-0.955892,
1.87606e-05,1,-1.28112e-06,
0.955892,-1.75568e-05,0.293718,
0.275908,-6.58226e-06,-0.961184,
1.90007e-05,1,-1.39394e-06,
0.961184,-1.78786e-05,0.275908,
0.257872,-6.42023e-06,-0.966179,
1.92404e-05,1,-1.50973e-06,
0.966179,-1.82003e-05,0.257872,
0.239616,-6.2487e-06,-0.970868,
1.94796e-05,1,-1.62852e-06,
0.970868,-1.85219e-05,0.239616,
0.221143,-6.06752e-06,-0.975241,
1.97182e-05,1,-1.75031e-06,
0.975241,-1.88429e-05,0.221143,
0.202459,-5.87656e-06,-0.979291,
1.99562e-05,1,-1.87509e-06,
0.979291,-1.91633e-05,0.202459,
0.183568,-5.67569e-06,-0.983007,
2.01934e-05,1,-2.00286e-06,
0.983007,-1.94826e-05,0.183568,
0.164476,-5.46479e-06,-0.986381,
2.04297e-05,1,-2.13363e-06,
0.986381,-1.98006e-05,0.164476,
0.14519,-5.24373e-06,-0.989404,
2.06652e-05,1,-2.26739e-06,
0.989404,-2.0117e-05,0.14519,
0.125714,-5.01242e-06,-0.992067,
2.08996e-05,1,-2.40412e-06,
0.992067,-2.04315e-05,0.125714,
0.106056,-4.77074e-06,-0.99436,
2.11328e-05,1,-2.54382e-06,
0.99436,-2.07438e-05,0.106056,
0.0862223,-4.5186e-06,-0.996276,
2.13648e-05,1,-2.68648e-06,
0.996276,-2.10536e-05,0.0862223,
0.06622,-4.25591e-06,-0.997805,
2.15955e-05,1,-2.83207e-06,
0.997805,-2.13606e-05,0.06622,
0.0460565,-3.98259e-06,-0.998939,
2.18248e-05,1,-2.98057e-06,
0.998939,-2.16644e-05,0.0460565,
0.0257396,-3.69856e-06,-0.999669,
2.20526e-05,1,-3.13198e-06,
0.999669,-2.19647e-05,0.0257396,
0.00527741,-3.40378e-06,-0.999986,
2.22787e-05,1,-3.28625e-06,
0.999986,-2.22611e-05,0.00527741,
-0.0153216,-3.09818e-06,-0.999883,
2.25032e-05,1,-3.44337e-06,
0.999883,-2.25533e-05,-0.0153216,
-0.0360487,-2.78172e-06,-0.99935,
2.27258e-05,1,-3.60329e-06,
0.99935,-2.28409e-05,-0.0360487,
-0.0568948,-2.45436e-06,-0.99838,
2.29465e-05,1,-3.766e-06,
0.99838,-2.31236e-05,-0.0568948,
-0.0778503,-2.11609e-06,-0.996965,
2.31651e-05,1,-3.93144e-06,
0.996965,-2.34009e-05,-0.0778503,
-0.0989055,-1.7669e-06,-0.995097,
2.33817e-05,1,-4.09957e-06,
0.995097,-2.36725e-05,-0.0989055,
-0.12005,-1.40678e-06,-0.992768,
2.3596e-05,1,-4.27036e-06,
0.992768,-2.3938e-05,-0.12005,
-0.141274,-1.03574e-06,-0.989971,
2.3808e-05,1,-4.44376e-06,
0.989971,-2.4197e-05,-0.141274,
-0.162566,-6.53826e-07,-0.986698,
2.40175e-05,1,-4.61971e-06,
0.986698,-2.44491e-05,-0.162566,
-0.183914,-2.61061e-07,-0.982942,
2.42246e-05,1,-4.79815e-06,
0.982942,-2.46938e-05,-0.183914,
-0.205308,1.42501e-07,-0.978697,
2.4429e-05,1,-4.97904e-06,
0.978697,-2.49308e-05,-0.205308,
-0.226736,5.56793e-07,-0.973956,
2.46306e-05,1,-5.1623e-06,
0.973956,-2.51596e-05,-0.226736,
-0.248185,9.81736e-07,-0.968713,
2.48295e-05,1,-5.34788e-06,
0.968713,-2.53799e-05,-0.248185,
-0.269642,1.41723e-06,-0.962961,
2.50253e-05,1,-5.5357e-06,
0.962961,-2.55911e-05,-0.269642,
-0.291096,1.86318e-06,-0.956694,
2.52182e-05,1,-5.72569e-06,
0.956694,-2.57928e-05,-0.291096,
-0.312531,2.31944e-06,-0.949907,
2.54079e-05,1,-5.91777e-06,
0.949907,-2.59847e-05,-0.312531,
-0.333936,2.78589e-06,-0.942596,
2.55944e-05,1,-6.11186e-06,
0.942596,-2.61662e-05,-0.333936,
-0.355296,3.26236e-06,-0.934754,
2.57776e-05,1,-6.30788e-06,
0.934754,-2.63369e-05,-0.355296,
-0.376596,3.74867e-06,-0.926377,
2.59573e-05,1,-6.50573e-06,
0.926377,-2.64963e-05,-0.376596,
-0.397823,4.24464e-06,-0.917462,
2.61335e-05,1,-6.70533e-06,
0.917462,-2.66441e-05,-0.397823,
-0.418961,4.75006e-06,-0.908004,
2.63062e-05,1,-6.90658e-06,
0.908004,-2.67797e-05,-0.418961,
-0.439996,5.2647e-06,-0.898,
2.64751e-05,1,-7.10938e-06,
0.898,-2.69027e-05,-0.439996,
-0.460911,5.78831e-06,-0.887446,
2.66402e-05,1,-7.31362e-06,
0.887446,-2.70127e-05,-0.460911,
-0.481692,6.32063e-06,-0.876341,
2.68014e-05,1,-7.5192e-06,
0.876341,-2.71091e-05,-0.481692,
-0.502321,6.86139e-06,-0.864681,
2.69587e-05,1,-7.726e-06,
0.864681,-2.71916e-05,-0.502321,
-0.522783,7.41026e-06,-0.852466,
2.71119e-05,1,-7.93391e-06,
0.852466,-2.72597e-05,-0.522783,
-0.543061,7.96695e-06,-0.839693,
2.7261e-05,1,-8.14281e-06,
0.839693,-2.73129e-05,-0.543061,
-0.563139,8.53109e-06,-0.826362,
2.74059e-05,1,-8.35256e-06,
0.826362,-2.73509e-05,-0.563139,
-0.582999,9.10234e-06,-0.812473,
2.75465e-05,1,-8.56305e-06,
0.812473,-2.7373e-05,-0.582999,
-0.602624,9.68031e-06,-0.798025,
2.76828e-05,1,-8.77415e-06,
0.798025,-2.73791e-05,-0.602624,
-0.621997,1.02646e-05,-0.78302,
2.78146e-05,1,-8.98571e-06,
0.78302,-2.73685e-05,-0.621997,
-0.641099,1.08548e-05,-0.767458,
2.79419e-05,1,-9.1976e-06,
0.767458,-2.73408e-05,-0.641099,
-0.659914,1.14504e-05,-0.751341,
2.80647e-05,1,-9.40967e-06,
0.751341,-2.72957e-05,-0.659914,
-0.678422,1.2051e-05,-0.734672,
2.81829e-05,1,-9.62178e-06,
0.734672,-2.72328e-05,-0.678422,
-0.696606,1.26561e-05,-0.717454,
2.82963e-05,1,-9.83377e-06,
0.717454,-2.71516e-05,-0.696606,
-0.714448,1.32652e-05,-0.699689,
2.84051e-05,1,-1.00455e-05,
0.699689,-2.70517e-05,-0.714448,
-0.731928,1.38778e-05,-0.681382,
2.85091e-05,1,-1.02568e-05,
0.681382,-2.69328e-05,-0.731928,
-0.749029,1.44933e-05,-0.662537,
2.86083e-05,1,-1.04675e-05,
0.662537,-2.67945e-05,-0.749029,
-0.765731,1.51111e-05,-0.643161,
2.87026e-05,1,-1.06775e-05,
0.643161,-2.66364e-05,-0.765731,
-0.782016,1.57307e-05,-0.623258,
2.8792e-05,1,-1.08865e-05,
0.623258,-2.64583e-05,-0.782016,
-0.797865,1.63515e-05,-0.602836,
2.88765e-05,1,-1.10944e-05,
0.602836,-2.62597e-05,-0.797865,
-0.81326,1.69727e-05,-0.581901,
2.89561e-05,1,-1.13011e-05,
0.581901,-2.60403e-05,-0.81326,
-0.82818,1.75938e-05,-0.560462,
2.90307e-05,1,-1.15063e-05,
0.560462,-2.57999e-05,-0.82818,
-0.842609,1.8214e-05,-0.538526,
2.91003e-05,1,-1.171e-05,
0.538526,-2.55382e-05,-0.842609,
-0.856525,1.88328e-05,-0.516105,
2.91649e-05,1,-1.19118e-05,
0.516105,-2.52549e-05,-0.856525,
-0.869912,1.94493e-05,-0.493207,
2.92245e-05,1,-1.21116e-05,
0.493207,-2.49497e-05,-0.869912,
-0.88275,2.00628e-05,-0.469843,
2.92791e-05,1,-1.23092e-05,
0.469843,-2.46225e-05,-0.88275,
-0.895021,2.06726e-05,-0.446024,
2.93288e-05,1,-1.25045e-05,
0.446024,-2.42731e-05,-0.895021,
-0.906706,2.12779e-05,-0.421763,
2.93734e-05,1,-1.26972e-05,
0.421763,-2.39012e-05,-0.906706,
-0.917787,2.18779e-05,-0.397073,
2.94131e-05,1,-1.28871e-05,
0.397073,-2.35068e-05,-0.917787,
-0.928246,2.24718e-05,-0.371967,
2.94479e-05,1,-1.30741e-05,
0.371967,-2.30896e-05,-0.928246,
-0.938065,2.30588e-05,-0.346459,
2.94778e-05,1,-1.32579e-05,
0.346459,-2.26497e-05,-0.938065,
-0.947226,2.3638e-05,-0.320565,
2.95028e-05,1,-1.34384e-05,
0.320565,-2.21868e-05,-0.947226,
-0.955713,2.42085e-05,-0.294301,
2.9523e-05,1,-1.36154e-05,
0.294301,-2.1701e-05,-0.955713,
-0.963507,2.47696e-05,-0.267682,
2.95385e-05,1,-1.37886e-05,
0.267682,-2.11923e-05,-0.963507,
-0.970593,2.53203e-05,-0.240727,
2.95493e-05,1,-1.39578e-05,
0.240727,-2.06607e-05,-0.970593,
-0.976953,2.58596e-05,-0.213453,
2.95554e-05,1,-1.41229e-05,
0.213453,-2.01061e-05,-0.976953,
-0.982572,2.63868e-05,-0.18588,
2.9557e-05,1,-1.42836e-05,
0.18588,-1.95288e-05,-0.982572,
-0.987435,2.69008e-05,-0.158026,
2.95541e-05,1,-1.44398e-05,
0.158026,-1.89287e-05,-0.987435,
-0.991525,2.74008e-05,-0.129913,
2.95468e-05,1,-1.45912e-05,
0.129913,-1.83061e-05,-0.991525,
-0.994829,2.78857e-05,-0.10156,
2.95352e-05,1,-1.47377e-05,
0.10156,-1.76611e-05,-0.994829,
-0.997333,2.83547e-05,-0.072991,
2.95194e-05,1,-1.4879e-05,
0.072991,-1.6994e-05,-0.997333,
-0.999022,2.88067e-05,-0.044227,
2.94996e-05,1,-1.5015e-05,
0.044227,-1.63049e-05,-0.999022,
-0.999883,2.92408e-05,-0.0152916,
2.94759e-05,1,-1.51453e-05,
0.0152916,-1.55943e-05,-0.999883,
-0.999905,2.96561e-05,0.0137913,
2.94483e-05,1,-1.527e-05,
-0.0137913,-1.48624e-05,-0.999905,
-0.999075,3.00515e-05,0.0429971,
2.9417e-05,1,-1.53886e-05,
-0.0429971,-1.41096e-05,-0.999075,
-0.997383,3.0426e-05,0.0723005,
2.93822e-05,1,-1.55012e-05,
-0.0723005,-1.33362e-05,-0.997383,
-0.994818,3.07788e-05,0.101676,
2.9344e-05,1,-1.56074e-05,
-0.101676,-1.25429e-05,-0.994818,
-0.99137,3.11088e-05,0.131096,
2.93026e-05,1,-1.5707e-05,
-0.131096,-1.173e-05,-0.99137,
-0.98703,3.14151e-05,0.160534,
2.92581e-05,1,-1.58e-05,
-0.160534,-1.08982e-05,-0.98703,
-0.981791,3.16966e-05,0.189962,
2.92108e-05,1,-1.58861e-05,
-0.189962,-1.00479e-05,-0.981791,
-0.975646,3.19525e-05,0.219352,
2.91607e-05,1,-1.59651e-05,
-0.219352,-9.17984e-06,-0.975646,
-0.968587,3.21818e-05,0.248675,
2.91082e-05,1,-1.60369e-05,
-0.248675,-8.29469e-06,-0.968587,
-0.96061,3.23835e-05,0.277901,
2.90533e-05,1,-1.61013e-05,
-0.277901,-7.39315e-06,-0.96061,
-0.95171,3.25567e-05,0.307,
2.89964e-05,1,-1.61582e-05,
-0.307,-6.47598e-06,-0.95171,
-0.941883,3.27005e-05,0.335941,
2.89376e-05,1,-1.62073e-05,
-0.335941,-5.54401e-06,-0.941883,
-0.931127,3.28141e-05,0.364694,
2.88772e-05,1,-1.62485e-05,
-0.364694,-4.59809e-06,-0.931127,
-0.919441,3.28964e-05,0.393228,
2.88153e-05,1,-1.62817e-05,
-0.393228,-3.63912e-06,-0.919441,
-0.906824,3.29467e-05,0.421509,
2.87523e-05,1,-1.63068e-05,
-0.421509,-2.66805e-06,-0.906824,
-0.893277,3.29642e-05,0.449507,
2.86883e-05,1,-1.63236e-05,
-0.449507,-1.68587e-06,-0.893277,
-0.878801,3.29479e-05,0.477188,
2.86237e-05,1,-1.63319e-05,
-0.477188,-6.93632e-07,-0.878801,
-0.8634,3.28973e-05,0.50452,
2.85587e-05,1,-1.63318e-05,
-0.50452,3.07579e-07,-0.8634,
-0.847078,3.28113e-05,0.531469,
2.84935e-05,1,-1.63229e-05,
-0.531469,1.31663e-06,-0.847078,
-0.829839,3.26895e-05,0.558003,
2.84285e-05,1,-1.63054e-05,
-0.558003,2.33234e-06,-0.829839,
-0.811691,3.2531e-05,0.584087,
2.83639e-05,1,-1.6279e-05,
-0.584087,3.35348e-06,-0.811691,
-0.792641,3.23353e-05,0.609688,
2.83e-05,1,-1.62436e-05,
-0.609688,4.37879e-06,-0.792641,
-0.772699,3.21016e-05,0.634773,
2.82371e-05,1,-1.61993e-05,
-0.634773,5.40695e-06,-0.772699,
-0.751874,3.18295e-05,0.659307,
2.81755e-05,1,-1.61459e-05,
-0.659307,6.43661e-06,-0.751874,
-0.730179,3.15184e-05,0.683256,
2.81155e-05,1,-1.60834e-05,
-0.683256,7.46637e-06,-0.730179,
-0.707626,3.11678e-05,0.706588,
2.80575e-05,1,-1.60117e-05,
-0.706588,8.49479e-06,-0.707626,
-0.684229,3.07774e-05,0.729267,
2.80017e-05,1,-1.59308e-05,
-0.729267,9.5204e-06,-0.684229,
-0.660005,3.03466e-05,0.751261,
2.79485e-05,1,-1.58407e-05,
-0.751261,1.05417e-05,-0.660005,
-0.63497,2.98752e-05,0.772537,
2.78981e-05,1,-1.57413e-05,
-0.772537,1.15571e-05,-0.63497,
-0.609143,2.93629e-05,0.79306,
2.7851e-05,1,-1.56327e-05,
-0.79306,1.2565e-05,-0.609143,
-0.582544,2.88095e-05,0.812799,
2.78075e-05,1,-1.55148e-05,
-0.812799,1.35638e-05,-0.582544,
-0.555194,2.82149e-05,0.831721,
2.77678e-05,1,-1.53878e-05,
-0.831721,1.45519e-05,-0.555194,
-0.527115,2.75788e-05,0.849794,
2.77324e-05,1,-1.52516e-05,
-0.849794,1.55275e-05,-0.527115,
-0.498331,2.69014e-05,0.866987,
2.77016e-05,1,-1.51062e-05,
-0.866987,1.6489e-05,-0.498331,
-0.468869,2.61827e-05,0.883268,
2.76756e-05,1,-1.49518e-05,
-0.883268,1.74346e-05,-0.468869,
-0.438753,2.54227e-05,0.898607,
2.7655e-05,1,-1.47884e-05,
-0.898607,1.83625e-05,-0.438753,
-0.408137,2.46214e-05,0.912921,
2.76401e-05,1,-1.4613e-05,
-0.912921,1.92691e-05,-0.408137,
-0.377055,2.37795e-05,0.926191,
2.76313e-05,1,-1.44258e-05,
-0.926191,2.01525e-05,-0.377055,
-0.345542,2.28976e-05,0.938403,
2.7629e-05,1,-1.4227e-05,
-0.938403,2.10111e-05,-0.345542,
-0.313634,2.19764e-05,0.949544,
2.76336e-05,1,-1.40168e-05,
-0.949544,2.18432e-05,-0.313634,
-0.281368,2.10167e-05,0.9596,
2.76456e-05,1,-1.37955e-05,
-0.9596,2.26471e-05,-0.281368,
-0.248781,2.00195e-05,0.96856,
2.76652e-05,1,-1.35633e-05,
-0.96856,2.34211e-05,-0.248781,
-0.215909,1.89855e-05,0.976413,
2.76928e-05,1,-1.33206e-05,
-0.976413,2.41636e-05,-0.215909,
-0.182791,1.79159e-05,0.983152,
2.77288e-05,1,-1.30675e-05,
-0.983152,2.4873e-05,-0.182791,
-0.149464,1.68117e-05,0.988767,
2.77735e-05,1,-1.28044e-05,
-0.988767,2.55477e-05,-0.149464,
-0.115967,1.5674e-05,0.993253,
2.78273e-05,1,-1.25315e-05,
-0.993253,2.61863e-05,-0.115967,
-0.0823368,1.4504e-05,0.996605,
2.78905e-05,1,-1.22492e-05,
-0.996605,2.67872e-05,-0.0823368,
-0.0486127,1.3303e-05,0.998818,
2.79633e-05,1,-1.19578e-05,
-0.998818,2.7349e-05,-0.0486127,
-0.014833,1.20724e-05,0.99989,
2.80462e-05,1,-1.16576e-05,
-0.99989,2.78702e-05,-0.014833,
0.0189636,1.08134e-05,0.99982,
2.81394e-05,1,-1.1349e-05,
-0.99982,2.83495e-05,0.0189636,
0.0527385,9.52752e-06,0.998608,
2.82431e-05,1,-1.10324e-05,
-0.998608,2.87856e-05,0.0527385,
0.0864532,8.2163e-06,0.996256,
2.83576e-05,1,-1.0708e-05,
-0.996256,2.91772e-05,0.0864532,
0.120069,6.88124e-06,0.992766,
2.84833e-05,1,-1.03763e-05,
-0.992766,2.95231e-05,0.120069,
0.153548,5.52397e-06,0.988141,
2.86202e-05,1,-1.00376e-05,
-0.988141,2.98221e-05,0.153548,
0.186851,4.14614e-06,0.982388,
2.87688e-05,1,-9.69232e-06,
-0.982388,3.00731e-05,0.186851,
0.219941,2.74944e-06,0.975513,
2.89291e-05,1,-9.34087e-06,
-0.975513,3.02751e-05,0.219941,
0.25278,1.33564e-06,0.967524,
2.91014e-05,1,-8.98364e-06,
-0.967524,3.04271e-05,0.25278,
0.28533,-9.34639e-08,0.958429,
2.92858e-05,1,-8.62104e-06,
-0.958429,3.05282e-05,0.28533,
0.317554,-1.53604e-06,0.94824,
2.94826e-05,1,-8.25348e-06,
-0.94824,3.05775e-05,0.317554,
0.349416,-2.99021e-06,0.936968,
2.96919e-05,1,-7.88138e-06,
-0.936968,3.05742e-05,0.349416,
0.380878,-4.45405e-06,0.924625,
2.99138e-05,1,-7.50517e-06,
-0.924625,3.05176e-05,0.380878,
0.411905,-5.92561e-06,0.911227,
3.01485e-05,1,-7.12527e-06,
-0.911227,3.04071e-05,0.411905,
0.442462,-7.40289e-06,0.896787,
3.03962e-05,1,-6.74212e-06,
-0.896787,3.0242e-05,0.442462,
0.472513,-8.8839e-06,0.881323,
3.06568e-05,1,-6.35616e-06,
-0.881323,3.00219e-05,0.472513,
0.502025,-1.03666e-05,0.864853,
3.09305e-05,1,-5.96782e-06,
-0.864853,2.97463e-05,0.502025,
0.530963,-1.18489e-05,0.847395,
3.12173e-05,1,-5.57756e-06,
-0.847395,2.94149e-05,0.530963,
0.559295,-1.33286e-05,0.828969,
3.15174e-05,1,-5.18582e-06,
-0.828969,2.90273e-05,0.559295,
0.586988,-1.48038e-05,0.809596,
3.18307e-05,1,-4.79304e-06,
-0.809596,2.85835e-05,0.586988,
0.614011,-1.62723e-05,0.789298,
3.21573e-05,1,-4.39967e-06,
-0.789298,2.80832e-05,0.614011,
0.640332,-1.77319e-05,0.768098,
3.24972e-05,1,-4.00616e-06,
-0.768098,2.75264e-05,0.640332,
0.665921,-1.91805e-05,0.746022,
3.28505e-05,1,-3.61297e-06,
-0.746022,2.69131e-05,0.665921,
0.690751,-2.06159e-05,0.723093,
3.3217e-05,1,-3.22054e-06,
-0.723093,2.62435e-05,0.690751,
0.714791,-2.20359e-05,0.699338,
3.35967e-05,1,-2.82932e-06,
-0.699338,2.55178e-05,0.714791,
0.738014,-2.34385e-05,0.674785,
3.39896e-05,1,-2.43975e-06,
-0.674785,2.47363e-05,0.738014,
0.760395,-2.48214e-05,0.649461,
3.43957e-05,1,-2.05229e-06,
-0.649461,2.38992e-05,0.760395,
0.781907,-2.61825e-05,0.623395,
3.48148e-05,1,-1.66737e-06,
-0.623395,2.30071e-05,0.781907,
0.802526,-2.75196e-05,0.596616,
3.52469e-05,1,-1.28543e-06,
-0.596616,2.20605e-05,0.802526,
0.822229,-2.88307e-05,0.569157,
3.56918e-05,1,-9.06915e-07,
-0.569157,2.10599e-05,0.822229,
0.840992,-3.01134e-05,0.541047,
3.61495e-05,1,-5.3225e-07,
-0.541047,2.00062e-05,0.840992,
0.858795,-3.13659e-05,0.51232,
3.66197e-05,1,-1.61866e-07,
-0.51232,1.89e-05,0.858795,
0.875617,-3.25859e-05,0.483007,
3.71024e-05,1,2.03816e-07,
-0.483007,1.77422e-05,0.875617,
0.891438,-3.37715e-05,0.453142,
3.75974e-05,1,5.64376e-07,
-0.453142,1.65338e-05,0.891438,
0.906242,-3.49205e-05,0.42276,
3.81044e-05,1,9.19404e-07,
-0.42276,1.52758e-05,0.906242,
0.92001,-3.6031e-05,0.391895,
3.86234e-05,1,1.26849e-06,
-0.391895,1.39693e-05,0.92001,
0.932727,-3.7101e-05,0.360582,
3.9154e-05,1,1.61125e-06,
-0.360582,1.26154e-05,0.932727,
0.944379,-3.81286e-05,0.328858,
3.96961e-05,1,1.94727e-06,
-0.328858,1.12154e-05,0.944379,
0.954953,-3.91119e-05,0.296758,
4.02495e-05,1,2.27618e-06,
-0.296758,9.77071e-06,0.954953,
0.964435,-4.00489e-05,0.264319,
4.08139e-05,1,2.59761e-06,
-0.264319,8.28264e-06,0.964435,
0.972816,-4.0938e-05,0.231578,
4.13889e-05,1,2.91118e-06,
-0.231578,6.75272e-06,0.972816,
0.980086,-4.17773e-05,0.198572,
4.19745e-05,1,3.21653e-06,
-0.198572,5.18249e-06,0.980086,
0.986237,-4.25652e-05,0.16534,
4.25702e-05,1,3.51333e-06,
-0.16534,3.57358e-06,0.986237,
0.991261,-4.32999e-05,0.131919,
4.31758e-05,1,3.80122e-06,
-0.131919,1.9277e-06,0.991261,
0.995152,-4.39799e-05,0.0983469,
4.3791e-05,1,4.07988e-06,
-0.0983469,2.46601e-07,0.995152,
0.997907,-4.46037e-05,0.0646627,
4.44154e-05,1,4.349e-06,
-0.0646627,-1.46788e-06,0.997907,
0.999522,-4.51697e-05,0.0309046,
4.50488e-05,1,4.60826e-06,
-0.0309046,-3.21384e-06,0.999522,
0.999996,-4.56765e-05,-0.0028887,
4.56907e-05,1,4.85737e-06,
0.0028887,-4.98933e-06,0.999996,
0.999327,-4.61229e-05,-0.0366787,
4.63409e-05,1,5.09604e-06,
0.0366787,-6.79234e-06,0.999327,
0.997517,-4.65074e-05,-0.0704269,
4.6999e-05,1,5.324e-06,
0.0704269,-8.62078e-06,0.997517,
0.994567,-4.68289e-05,-0.104095,
4.76646e-05,1,5.541e-06,
0.104095,-1.04725e-05,0.994567,
0.990482,-4.70863e-05,-0.137643,
4.83374e-05,1,5.74677e-06,
0.137643,-1.23454e-05,0.990482,
0.985265,-4.72785e-05,-0.171035,
4.90169e-05,1,5.9411e-06,
0.171035,-1.42372e-05,0.985265,
0.978923,-4.74045e-05,-0.204231,
4.97028e-05,1,6.12375e-06,
0.204231,-1.61455e-05,0.978923,
0.971462,-4.74635e-05,-0.237194,
5.03947e-05,1,6.29452e-06,
0.237194,-1.80682e-05,0.971462,
0.962892,-4.74545e-05,-0.269886,
5.10921e-05,1,6.45321e-06,
0.269886,-2.00028e-05,0.962892,
0.953222,-4.7377e-05,-0.30227,
5.17947e-05,1,6.59964e-06,
0.30227,-2.19469e-05,0.953222,
0.942464,-4.72301e-05,-0.334308,
5.2502e-05,1,6.73364e-06,
0.334308,-2.38981e-05,0.942464,
0.930629,-4.70134e-05,-0.365965,
5.32136e-05,1,6.85507e-06,
0.365965,-2.58539e-05,0.930629,
0.91773,-4.67264e-05,-0.397204,
5.39292e-05,1,6.96378e-06,
0.397204,-2.78117e-05,0.91773,
0.903784,-4.63687e-05,-0.427989,
5.46481e-05,1,7.05964e-06,
0.427989,-2.97692e-05,0.903784,
0.888805,-4.594e-05,-0.458285,
5.53702e-05,1,7.14256e-06,
0.458285,-3.17236e-05,0.888805,
0.872812,-4.54401e-05,-0.488057,
5.60947e-05,1,7.21242e-06,
0.488057,-3.36725e-05,0.872812,
0.855821,-4.48689e-05,-0.517273,
5.68215e-05,1,7.26917e-06,
0.517273,-3.56133e-05,0.855821,
0.837852,-4.42263e-05,-0.545897,
5.75499e-05,1,7.31272e-06,
0.545897,-3.75433e-05,0.837852,
0.818927,-4.35126e-05,-0.573898,
5.82796e-05,1,7.34303e-06,
0.573898,-3.94599e-05,0.818927,
0.799066,-4.27278e-05,-0.601243,
5.90101e-05,1,7.36006e-06,
0.601243,-4.13606e-05,0.799066,
0.778293,-4.18722e-05,-0.627902,
5.97409e-05,1,7.3638e-06,
0.627902,-4.32426e-05,0.778293,
0.75663,-4.09461e-05,-0.653843,
6.04716e-05,1,7.35424e-06,
0.653843,-4.51034e-05,0.75663,
0.734104,-3.99502e-05,-0.679037,
6.12018e-05,1,7.33139e-06,
0.679037,-4.69403e-05,0.734104,
0.710738,-3.88848e-05,-0.703456,
6.1931e-05,1,7.29528e-06,
0.703456,-4.87508e-05,0.710738,
0.686562,-3.77507e-05,-0.727072,
6.26587e-05,1,7.24595e-06,
0.727072,-5.05322e-05,0.686562,
0.6616,-3.65487e-05,-0.749857,
6.33846e-05,1,7.18346e-06,
0.749857,-5.22819e-05,0.6616,
0.635883,-3.52795e-05,-0.771785,
6.41081e-05,1,7.10787e-06,
0.771785,-5.39974e-05,0.635883,
0.60944,-3.39442e-05,-0.792832,
6.48288e-05,1,7.01928e-06,
0.792832,-5.56762e-05,0.60944,
0.582301,-3.25437e-05,-0.812973,
6.55463e-05,1,6.91778e-06,
0.812973,-5.73156e-05,0.582301,
0.554497,-3.10793e-05,-0.832186,
6.62602e-05,1,6.80349e-06,
0.832186,-5.89133e-05,0.554497,
0.526059,-2.95521e-05,-0.850448,
6.697e-05,1,6.67654e-06,
0.850448,-6.04668e-05,0.526059,
0.49702,-2.79635e-05,-0.867739,
6.76753e-05,1,6.53708e-06,
0.867739,-6.19736e-05,0.49702,
0.467414,-2.63149e-05,-0.884039,
6.83757e-05,1,6.38526e-06,
0.884039,-6.34313e-05,0.467414,
0.437274,-2.46079e-05,-0.899329,
6.90707e-05,1,6.22126e-06,
0.899329,-6.48377e-05,0.437274,
0.406634,-2.28439e-05,-0.913591,
6.976e-05,1,6.04527e-06,
0.913591,-6.61904e-05,0.406634,
0.37553,-2.10247e-05,-0.92681,
7.04432e-05,1,5.85748e-06,
0.92681,-6.74871e-05,0.37553,
0.343997,-1.91522e-05,-0.938971,
7.11198e-05,1,5.65812e-06,
0.938971,-6.87258e-05,0.343997,
0.312071,-1.7228e-05,-0.950059,
7.17895e-05,1,5.4474e-06,
0.950059,-6.99042e-05,0.312071,
0.279788,-1.52543e-05,-0.960062,
7.24518e-05,1,5.22557e-06,
0.960062,-7.10203e-05,0.279788,
0.247186,-1.3233e-05,-0.968968,
7.31065e-05,1,4.99289e-06,
0.968968,-7.2072e-05,0.247186,
0.214302,-1.11662e-05,-0.976768,
7.37531e-05,1,4.74962e-06,
0.976768,-7.30575e-05,0.214302,
0.181173,-9.05605e-06,-0.983451,
7.43914e-05,1,4.49603e-06,
0.983451,-7.39749e-05,0.181173,
0.147836,-6.90491e-06,-0.989012,
7.50209e-05,1,4.23242e-06,
0.989012,-7.48222e-05,0.147836,
0.114332,-4.71506e-06,-0.993443,
7.56413e-05,1,3.95909e-06,
0.993443,-7.55979e-05,0.114332,
0.080696,-2.4889e-06,-0.996739,
7.62523e-05,1,3.67635e-06,
0.996739,-7.63003e-05,0.080696,
0.0469683,-2.28899e-07,-0.998896,
7.68536e-05,1,3.38452e-06,
0.998896,-7.69278e-05,0.0469683,
0.0131869,2.06241e-06,-0.999913,
7.74449e-05,1,3.08394e-06,
0.999913,-7.74789e-05,0.0131869,
-0.0206095,4.38243e-06,-0.999788,
7.80259e-05,1,2.77494e-06,
0.999788,-7.79522e-05,-0.0206095,
-0.0543824,6.72851e-06,-0.99852,
7.85964e-05,1,2.45789e-06,
0.99852,-7.83464e-05,-0.0543824,
-0.0880932,9.09795e-06,-0.996112,
7.91559e-05,1,2.13314e-06,
0.996112,-7.86603e-05,-0.0880932,
-0.121703,1.1488e-05,-0.992567,
7.97044e-05,1,1.80107e-06,
0.992567,-7.88927e-05,-0.121703,
-0.155174,1.38958e-05,-0.987887,
8.02415e-05,1,1.46206e-06,
0.987887,-7.90427e-05,-0.155174,
-0.188468,1.63185e-05,-0.982079,
8.07671e-05,1,1.11648e-06,
0.982079,-7.91093e-05,-0.188468,
-0.221547,1.87533e-05,-0.97515,
8.12809e-05,1,7.64743e-07,
0.97515,-7.90916e-05,-0.221547,
-0.254373,2.11971e-05,-0.967106,
8.17827e-05,1,4.07243e-07,
0.967106,-7.89889e-05,-0.254373,
-0.286908,2.36471e-05,-0.957958,
8.22723e-05,1,4.43904e-08,
0.957958,-7.88007e-05,-0.286908,
-0.319115,2.61001e-05,-0.947716,
8.27495e-05,1,-3.23401e-07,
0.947716,-7.85263e-05,-0.319115,
-0.350958,2.85532e-05,-0.936391,
8.32143e-05,1,-6.95711e-07,
0.936391,-7.81653e-05,-0.350958,
-0.3824,3.10034e-05,-0.923997,
8.36664e-05,1,-1.07211e-06,
0.923997,-7.77175e-05,-0.3824,
-0.413405,3.34474e-05,-0.910547,
8.41057e-05,1,-1.45218e-06,
0.910547,-7.71826e-05,-0.413405,
-0.443938,3.58823e-05,-0.896058,
8.45321e-05,1,-1.83548e-06,
0.896058,-7.65605e-05,-0.443938,
-0.473964,3.83049e-05,-0.880544,
8.49455e-05,1,-2.22157e-06,
0.880544,-7.58513e-05,-0.473964,
-0.503448,4.07121e-05,-0.864025,
8.53459e-05,1,-2.61e-06,
0.864025,-7.5055e-05,-0.503448,
-0.532358,4.31008e-05,-0.84652,
8.5733e-05,1,-3.00035e-06,
0.84652,-7.41719e-05,-0.532358,
-0.560659,4.54678e-05,-0.828047,
8.6107e-05,1,-3.39215e-06,
0.828047,-7.32024e-05,-0.560659,
-0.58832,4.781e-05,-0.808628,
8.64677e-05,1,-3.78497e-06,
0.808628,-7.2147e-05,-0.58832,
-0.615309,5.01244e-05,-0.788286,
8.68151e-05,1,-4.17836e-06,
0.788286,-7.10061e-05,-0.615309,
-0.641595,5.24077e-05,-0.767043,
8.71492e-05,1,-4.57186e-06,
0.767043,-6.97805e-05,-0.641595,
-0.667149,5.46569e-05,-0.744925,
8.747e-05,1,-4.96502e-06,
0.744925,-6.84709e-05,-0.667149,
-0.69194,5.68689e-05,-0.721955,
8.77775e-05,1,-5.35741e-06,
0.721955,-6.70784e-05,-0.69194,
-0.715941,5.90408e-05,-0.698161,
8.80718e-05,1,-5.74856e-06,
0.698161,-6.56039e-05,-0.715941,
-0.739124,6.11694e-05,-0.673569,
8.83528e-05,1,-6.13803e-06,
0.673569,-6.40485e-05,-0.739124,
-0.761463,6.32517e-05,-0.648208,
8.86208e-05,1,-6.52538e-06,
0.648208,-6.24136e-05,-0.761463,
-0.782933,6.52848e-05,-0.622107,
8.88757e-05,1,-6.91017e-06,
0.622107,-6.07004e-05,-0.782933,
-0.803508,6.72659e-05,-0.595295,
8.91177e-05,1,-7.29195e-06,
0.595295,-5.89104e-05,-0.803508,
-0.823165,6.91919e-05,-0.567803,
8.93468e-05,1,-7.67029e-06,
0.567803,-5.70452e-05,-0.823165,
-0.841882,7.10601e-05,-0.539662,
8.95632e-05,1,-8.04475e-06,
0.539662,-5.51066e-05,-0.841882,
-0.859637,7.28678e-05,-0.510905,
8.9767e-05,1,-8.41492e-06,
0.510905,-5.30962e-05,-0.859637,
-0.876411,7.46121e-05,-0.481565,
8.99583e-05,1,-8.78036e-06,
0.481565,-5.10159e-05,-0.876411,
-0.892183,7.62905e-05,-0.451674,
9.01374e-05,1,-9.14066e-06,
0.451674,-4.88679e-05,-0.892183,
-0.906936,7.79003e-05,-0.421268,
9.03045e-05,1,-9.49541e-06,
0.421268,-4.66541e-05,-0.906936,
-0.920654,7.9439e-05,-0.39038,
9.04596e-05,1,-9.8442e-06,
0.39038,-4.43767e-05,-0.920654,
-0.93332,8.09041e-05,-0.359046,
9.0603e-05,1,-1.01866e-05,
0.359046,-4.20381e-05,-0.93332,
-0.94492,8.22933e-05,-0.327303,
9.0735e-05,1,-1.05223e-05,
0.327303,-3.96406e-05,-0.94492,
-0.95544,8.36042e-05,-0.295185,
9.08558e-05,1,-1.08509e-05,
0.295185,-3.71866e-05,-0.95544,
-0.964869,8.48346e-05,-0.262731,
9.09655e-05,1,-1.11719e-05,
0.262731,-3.46789e-05,-0.964869,
-0.973196,8.59824e-05,-0.229976,
9.10646e-05,1,-1.14851e-05,
0.229976,-3.21199e-05,-0.973196,
-0.980412,8.70455e-05,-0.196958,
9.11532e-05,1,-1.17901e-05,
0.196958,-2.95125e-05,-0.980412,
-0.986507,8.8022e-05,-0.163716,
9.12317e-05,1,-1.20864e-05,
0.163716,-2.68594e-05,-0.986508,
-0.991476,8.89099e-05,-0.130287,
9.13003e-05,1,-1.23739e-05,
0.130287,-2.41636e-05,-0.991476,
-0.995313,8.97075e-05,-0.0967085,
9.13593e-05,1,-1.26521e-05,
0.0967085,-2.1428e-05,-0.995313,
-0.998012,9.04131e-05,-0.0630198,
9.14091e-05,1,-1.29207e-05,
0.0630198,-1.86556e-05,-0.998012,
-0.999572,9.10252e-05,-0.0292591,
9.14499e-05,1,-1.31795e-05,
0.0292591,-1.58496e-05,-0.999572,
-0.99999,9.15422e-05,0.00453495,
9.14822e-05,1,-1.34281e-05,
-0.00453495,-1.30131e-05,-0.99999,
-0.999265,9.19628e-05,0.0383238,
9.15063e-05,1,-1.36663e-05,
-0.0383238,-1.01493e-05,-0.999265,
-0.9974,9.22858e-05,0.072069,
9.15225e-05,1,-1.38937e-05,
-0.072069,-7.26163e-06,-0.9974,
-0.994395,9.251e-05,0.105732,
9.15312e-05,1,-1.41101e-05,
-0.105732,-4.35329e-06,-0.994395,
-0.990254,9.26344e-05,0.139274,
9.15328e-05,1,-1.43154e-05,
-0.139274,-1.42773e-06,-0.990254,
-0.984982,9.26581e-05,0.172657,
9.15276e-05,1,-1.45091e-05,
-0.172657,1.51163e-06,-0.984982,
-0.978585,9.25803e-05,0.205843,
9.15161e-05,1,-1.46912e-05,
-0.205843,4.4613e-06,-0.978585,
-0.97107,9.24004e-05,0.238793,
9.14986e-05,1,-1.48614e-05,
-0.238793,7.41778e-06,-0.97107,
-0.962447,9.21177e-05,0.271471,
9.14755e-05,1,-1.50195e-05,
-0.271471,1.03775e-05,-0.962447,
-0.952723,9.17319e-05,0.303839,
9.14474e-05,1,-1.51653e-05,
-0.303839,1.33369e-05,-0.952723,
-0.941912,9.12426e-05,0.33586,
9.14145e-05,1,-1.52987e-05,
-0.33586,1.62924e-05,-0.941912,
-0.930025,9.06498e-05,0.367497,
9.13773e-05,1,-1.54195e-05,
-0.367497,1.92403e-05,-0.930025,
-0.917075,8.99533e-05,0.398714,
9.13363e-05,1,-1.55276e-05,
-0.398714,2.21771e-05,-0.917075,
-0.903078,8.91533e-05,0.429476,
9.12918e-05,1,-1.56228e-05,
-0.429476,2.5099e-05,-0.903078,
-0.88805,8.82499e-05,0.459747,
9.12443e-05,1,-1.57051e-05,
-0.459747,2.80024e-05,-0.88805,
-0.872007,8.72435e-05,0.489494,
9.11943e-05,1,-1.57744e-05,
-0.489494,3.08837e-05,-0.872007,
-0.854968,8.61345e-05,0.518681,
9.11421e-05,1,-1.58305e-05,
-0.518681,3.37391e-05,-0.854968,
-0.836953,8.49236e-05,0.547276,
9.10883e-05,1,-1.58734e-05,
-0.547276,3.65651e-05,-0.836953,
-0.817981,8.36116e-05,0.575245,
9.10332e-05,1,-1.5903e-05,
-0.575245,3.9358e-05,-0.817981,
-0.798075,8.21991e-05,0.602558,
9.09773e-05,1,-1.59194e-05,
-0.602558,4.21142e-05,-0.798075,
-0.777258,8.06874e-05,0.629182,
9.09212e-05,1,-1.59225e-05,
-0.629182,4.48301e-05,-0.777258,
-0.755553,7.90774e-05,0.655088,
9.08651e-05,1,-1.59123e-05,
-0.655088,4.7502e-05,-0.755553,
-0.732985,7.73704e-05,0.680245,
9.08096e-05,1,-1.58888e-05,
-0.680245,5.01266e-05,-0.732985,
-0.709579,7.55678e-05,0.704625,
9.07552e-05,1,-1.5852e-05,
-0.704625,5.27001e-05,-0.709579,
-0.685364,7.36711e-05,0.728201,
9.07022e-05,1,-1.58021e-05,
-0.728201,5.52193e-05,-0.685364,
-0.660365,7.16819e-05,0.750945,
9.06511e-05,1,-1.57389e-05,
-0.750945,5.76805e-05,-0.660365,
-0.634612,6.9602e-05,0.772831,
9.06024e-05,1,-1.56627e-05,
-0.772831,6.00806e-05,-0.634612,
-0.608134,6.74332e-05,0.793834,
9.05564e-05,1,-1.55735e-05,
-0.793834,6.2416e-05,-0.608134,
-0.580962,6.51776e-05,0.813931,
9.05137e-05,1,-1.54714e-05,
-0.813931,6.46836e-05,-0.580962,
-0.553126,6.28373e-05,0.833098,
9.04747e-05,1,-1.53565e-05,
-0.833098,6.68802e-05,-0.553126,
-0.524658,6.04145e-05,0.851313,
