1,0,0,
0,1,0,
0,0,1,
1,0,9.10193e-05,
0,1,0,
-9.10193e-05,0,1,
1,0,0.000273058,
0,1,0,
-0.000273058,0,1,
1,0,0.000546116,
0,1,0,
-0.000546116,0,1,
1,0,0.000910193,
0,1,0,
-0.000910193,0,1,
0.999999,0,0.00136529,
0,1,0,
-0.00136529,0,0.999999,
0.999998,0,0.0019114,
0,1,0,
-0.0019114,0,0.999998,
0.999997,0,0.00254854,
0,1,0,
-0.00254854,0,0.999997,
0.999995,0,0.00327669,
0,1,0,
-0.00327669,0,0.999995,
0.999992,0,0.00409586,
0,1,0,
-0.00409586,0,0.999992,
0.999987,0,0.00500604,
0,1,0,
-0.00500604,0,0.999987,
0.999982,0,0.00600724,
0,1,0,
-0.00600724,0,0.999982,
0.999975,0,0.00709945,
0,1,0,
-0.00709945,0,0.999975,
0.999966,0,0.00828266,
0,1,0,
-0.00828266,0,0.999966,
0.999954,0,0.00955688,
0,1,0,
-0.00955688,0,0.999954,
0.99994,0,0.0109221,
0,1,0,
-0.0109221,0,0.99994,
0.999923,0,0.0123783,
0,1,0,
-0.0123783,0,0.999923,
0.999903,0,0.0139255,
0,1,0,
-0.0139255,0,0.999903,
0.999879,0,0.0155637,
0,1,0,
-0.0155637,0,0.999879,
0.99985,0,0.0172928,
0,1,0,
-0.0172928,0,0.99985,
0.999817,0,0.0191129,
0,1,0,
-0.0191129,0,0.999817,
0.999779,0,0.0210239,
0,1,0,
-0.0210239,0,0.999779,
0.999735,0,0.0230259,
0,1,0,
-0.0230259,0,0.999735,
0.999684,0,0.0251187,
0,1,0,
-0.0251187,0,0.999684,
0.999627,0,0.0273024,
0,1,0,
-0.0273024,0,0.999627,
0.999563,0,0.029577,
0,1,0,
-0.029577,0,0.999563,
0.99949,0,0.0319424,
0,1,0,
-0.0319424,0,0.99949,
0.999408,0,0.0343985,
0,1,0,
-0.0343985,0,0.999408,
0.999317,0,0.0369455,
0,1,0,
-0.0369455,0,0.999317,
0.999216,0,0.0395831,
0,1,0,
-0.0395831,0,0.999216,
0.999104,0,0.0423114,
0,1,0,
-0.0423114,0,0.999104,
0.998981,0,0.0451303,
0,1,0,
-0.0451303,0,0.998981,
0.998845,0,0.0480397,
0,1,0,
-0.0480397,0,0.998845,
0.998697,0,0.0510397,
0,1,0,
-0.0510397,0,0.998697,
0.998534,0,0.0541301,
0,1,0,
-0.0541301,0,0.998534,
0.998356,0,0.0573108,
0,1,0,
-0.0573108,0,0.998356,
0.998163,0,0.0605818,
0,1,0,
-0.0605818,0,0.998163,
0.997954,0,0.063943,
0,1,0,
-0.063943,0,0.997954,
0.997726,0,0.0673943,
0,1,0,
-0.0673943,0,0.997726,
0.997481,0,0.0709355,
0,1,0,
-0.0709355,0,0.997481,
0.997216,0,0.0745667,
0,1,0,
-0.0745667,0,0.997216,
0.996931,0,0.0782875,
0,1,0,
-0.0782875,0,0.996931,
0.996624,0,0.082098,
0,1,0,
-0.082098,0,0.996624,
0.996295,0,0.085998,
0,1,0,
-0.085998,0,0.996295,
0.995943,0,0.0899874,
0,1,0,
-0.0899874,0,0.995943,
0.995566,0,0.0940659,
0,1,0,
-0.0940659,0,0.995566,
0.995163,0,0.0982334,
0,1,0,
-0.0982334,0,0.995163,
0.994734,0,0.10249,
0,1,0,
-0.10249,0,0.994734,
0.994277,0,0.106835,
0,1,0,
-0.106835,0,0.994277,
0.99379,0,0.111268,
0,1,0,
-0.111268,0,0.99379,
0.993274,0,0.11579,
0,1,0,
-0.11579,0,0.993274,
0.992726,0,0.120399,
0,1,0,
-0.120399,0,0.992726,
0.992145,0,0.125096,
0,1,0,
-0.125096,0,0.992145,
0.99153,0,0.129881,
0,1,0,
-0.129881,0,0.99153,
0.990879,0,0.134753,
0,1,0,
-0.134753,0,0.990879,
0.990192,0,0.139712,
0,1,0,
-0.139712,0,0.990192,
0.989467,0,0.144757,
0,1,0,
-0.144757,0,0.989467,
0.988703,0,0.149888,
0,1,0,
-0.149888,0,0.988703,
0.987898,0,0.155106,
0,1,0,
-0.155106,0,0.987898,
0.987051,0,0.160409,
0,1,0,
-0.160409,0,0.987051,
0.98616,0,0.165797,
0,1,0,
-0.165797,0,0.98616,
0.985224,0,0.171269,
0,1,0,
-0.171269,0,0.985224,
0.984242,0,0.176827,
0,1,0,
-0.176827,0,0.984242,
0.983212,0,0.182467,
0,1,0,
-0.182467,0,0.983212,
0.982132,0,0.188192,
0,1,0,
-0.188192,0,0.982132,
0.981002,0,0.193999,
0,1,0,
-0.193999,0,0.981002,
0.979819,0,0.199889,
0,1,0,
-0.199889,0,0.979819,
0.978581,0,0.20586,
0,1,0,
-0.20586,0,0.978581,
0.977289,0,0.211913,
0,1,0,
-0.211913,0,0.977289,
0.975938,0,0.218047,
0,1,0,
-0.218047,0,0.975938,
0.974529,0,0.22426,
0,1,0,
-0.22426,0,0.974529,
0.97306,0,0.230553,
0,1,0,
-0.230553,0,0.97306,
0.971528,0,0.236925,
0,1,0,
-0.236925,0,0.971528,
0.969932,0,0.243375,
0,1,0,
-0.243375,0,0.969932,
0.968271,0,0.249903,
0,1,0,
-0.249903,0,0.968271,
0.966542,0,0.256507,
0,1,0,
-0.256507,0,0.966542,
0.964745,0,0.263186,
0,1,0,
-0.263186,0,0.964745,
0.962877,0,0.269941,
0,1,0,
-0.269941,0,0.962877,
0.960936,0,0.276771,
0,1,0,
-0.276771,0,0.960936,
0.958921,0,0.283673,
0,1,0,
-0.283673,0,0.958921,
0.95683,0,0.290648,
0,1,0,
-0.290648,0,0.95683,
0.954661,0,0.297694,
0,1,0,
-0.297694,0,0.954661,
0.952413,0,0.304811,
0,1,0,
-0.304811,0,0.952413,
0.950083,0,0.311998,
0,1,0,
-0.311998,0,0.950083,
0.94767,0,0.319253,
0,1,0,
-0.319253,0,0.94767,
0.945171,0,0.326575,
0,1,0,
-0.326575,0,0.945171,
0.942586,0,0.333963,
0,1,0,
-0.333963,0,0.942586,
0.939912,0,0.341417,
0,1,0,
-0.341417,0,0.939912,
0.937147,0,0.348934,
0,1,0,
-0.348934,0,0.937147,
0.93429,0,0.356514,
0,1,0,
-0.356514,0,0.93429,
0.931338,0,0.364156,
0,1,0,
-0.364156,0,0.931338,
0.92829,0,0.371857,
0,1,0,
-0.371857,0,0.92829,
0.925143,0,0.379618,
0,1,0,
-0.379618,0,0.925143,
0.921897,0,0.387435,
0,1,0,
-0.387435,0,0.921897,
0.918548,0,0.395309,
0,1,0,
-0.395309,0,0.918548,
0.915096,0,0.403236,
0,1,0,
-0.403236,0,0.915096,
0.911537,0,0.411217,
0,1,0,
-0.411217,0,0.911537,
0.907871,0,0.419249,
0,1,0,
-0.419249,0,0.907871,
0.904096,0,0.42733,
0,1,0,
-0.42733,0,0.904096,
0.900208,0,0.43546,
0,1,0,
-0.43546,0,0.900208,
0.896207,0,0.443635,
0,1,0,
-0.443635,0,0.896207,
0.892091,0,0.451855,
0,1,0,
-0.451855,0,0.892091,
0.887858,0,0.460118,
0,1,0,
-0.460118,0,0.887858,
0.883505,0,0.468421,
0,1,0,
-0.468421,0,0.883505,
0.879032,0,0.476764,
0,1,0,
-0.476764,0,0.879032,
0.874435,0,0.485143,
0,1,0,
-0.485143,0,0.874435,
0.869714,0,0.493557,
0,1,0,
-0.493557,0,0.869714,
0.864866,0,0.502004,
0,1,0,
-0.502004,0,0.864866,
0.859889,0,0.510481,
0,1,0,
-0.510481,0,0.859889,
0.854782,0,0.518987,
0,1,0,
-0.518987,0,0.854782,
0.849543,0,0.527519,
0,1,0,
-0.527519,0,0.849543,
0.84417,0,0.536075,
0,1,0,
-0.536075,0,0.84417,
0.838661,0,0.544653,
0,1,0,
-0.544653,0,0.838661,
0.833015,0,0.55325,
0,1,0,
-0.55325,0,0.833015,
0.82723,0,0.561864,
0,1,0,
-0.561864,0,0.82723,
0.821303,0,0.570492,
0,1,0,
-0.570492,0,0.821303,
0.815234,0,0.579132,
0,1,0,
-0.579132,0,0.815234,
0.809021,0,0.58778,
0,1,0,
-0.58778,0,0.809021,
0.802661,0,0.596436,
0,1,0,
-0.596436,0,0.802661,
0.796154,0,0.605094,
0,1,0,
-0.605094,0,0.796154,
0.789497,0,0.613754,
0,1,0,
-0.613754,0,0.789497,
0.78269,0,0.622412,
0,1,0,
-0.622412,0,0.78269,
0.77573,0,0.631065,
0,1,0,
-0.631065,0,0.77573,
0.768616,0,0.63971,
0,1,0,
-0.63971,0,0.768616,
0.761347,0,0.648344,
0,1,0,
-0.648344,0,0.761347,
0.753922,0,0.656964,
0,1,0,
-0.656964,0,0.753922,
0.746338,0,0.665567,
0,1,0,
-0.665567,0,0.746338,
0.738594,0,0.67415,
0,1,0,
-0.67415,0,0.738594,
0.73069,0,0.682709,
0,1,0,
-0.682709,0,0.73069,
0.722624,0,0.691242,
0,1,0,
-0.691242,0,0.722624,
0.714394,0,0.699744,
0,1,0,
-0.699744,0,0.714394,
0.706,0,0.708212,
0,1,0,
-0.708212,0,0.706,
0.69744,0,0.716643,
0,1,0,
-0.716643,0,0.69744,
0.688713,0,0.725034,
0,1,0,
-0.725034,0,0.688713,
0.679819,0,0.73338,
0,1,0,
-0.73338,0,0.679819,
0.670756,0,0.741678,
0,1,0,
-0.741678,0,0.670756,
0.661524,0,0.749924,
0,1,0,
-0.749924,0,0.661524,
0.652121,0,0.758115,
0,1,0,
-0.758115,0,0.652121,
0.642548,0,0.766246,
0,1,0,
-0.766246,0,0.642548,
0.632802,0,0.774314,
0,1,0,
-0.774314,0,0.632802,
0.622884,0,0.782315,
0,1,0,
-0.782315,0,0.622884,
0.612792,0,0.790244,
0,1,0,
-0.790244,0,0.612792,
0.602527,0,0.798098,
0,1,0,
-0.798098,0,0.602527,
0.592088,0,0.805873,
0,1,0,
-0.805873,0,0.592088,
0.581475,0,0.813564,
0,1,0,
-0.813564,0,0.581475,
0.570687,0,0.821167,
0,1,0,
-0.821167,0,0.570687,
0.559725,0,0.828679,
0,1,0,
-0.828679,0,0.559725,
0.548587,0,0.836094,
0,1,0,
-0.836094,0,0.548587,
0.537274,0,0.843408,
0,1,0,
-0.843408,0,0.537274,
0.525787,0,0.850617,
0,1,0,
-0.850617,0,0.525787,
0.514124,0,0.857716,
0,1,0,
-0.857716,0,0.514124,
0.502287,0,0.864701,
0,1,0,
-0.864701,0,0.502287,
0.490276,0,0.871567,
0,1,0,
-0.871567,0,0.490276,
0.478091,0,0.87831,
0,1,0,
-0.87831,0,0.478091,
0.465733,0,0.884925,
0,1,0,
-0.884925,0,0.465733,
0.453202,0,0.891408,
0,1,0,
-0.891408,0,0.453202,
0.440499,0,0.897753,
0,1,0,
-0.897753,0,0.440499,
0.427625,0,0.903956,
0,1,0,
-0.903956,0,0.427625,
0.414581,0,0.910012,
0,1,0,
-0.910012,0,0.414581,
0.401368,0,0.915917,
0,1,0,
-0.915917,0,0.401368,
0.387987,0,0.921665,
0,1,0,
-0.921665,0,0.387987,
0.374439,0,0.927251,
0,1,0,
-0.927251,0,0.374439,
0.360726,0,0.932672,
0,1,0,
-0.932672,0,0.360726,
0.346849,0,0.937921,
0,1,0,
-0.937921,0,0.346849,
0.33281,0,0.942994,
0,1,0,
-0.942994,0,0.33281,
0.31861,0,0.947886,
0,1,0,
-0.947886,0,0.31861,
0.304252,0,0.952592,
0,1,0,
-0.952592,0,0.304252,
0.289737,0,0.957106,
0,1,0,
-0.957106,0,0.289737,
0.275068,0,0.961425,
0,1,0,
-0.961425,0,0.275068,
0.260247,0,0.965542,
0,1,0,
-0.965542,0,0.260247,
0.245275,0,0.969453,
0,1,0,
-0.969453,0,0.245275,
0.230157,0,0.973154,
0,1,0,
-0.973154,0,0.230157,
0.214894,0,0.976637,
0,1,0,
-0.976637,0,0.214894,
0.199488,0,0.9799,
0,1,0,
-0.9799,0,0.199488,
0.183944,0,0.982937,
0,1,0,
-0.982937,0,0.183944,
0.168264,0,0.985742,
0,1,0,
-0.985742,0,0.168264,
0.152452,0,0.988311,
0,1,0,
-0.988311,0,0.152452,
0.13651,0,0.990639,
0,1,0,
-0.990639,0,0.13651,
0.120442,0,0.99272,
0,1,0,
-0.99272,0,0.120442,
0.104252,0,0.994551,
0,1,0,
-0.994551,0,0.104252,
0.0879443,0,0.996125,
0,1,0,
-0.996125,0,0.0879443,
0.0715217,0,0.997439,
0,1,0,
-0.997439,0,0.0715217,
0.0549888,0,0.998487,
0,1,0,
-0.998487,0,0.0549888,
0.0383498,0,0.999264,
0,1,0,
-0.999264,0,0.0383498,
0.0216092,0,0.999766,
0,1,0,
-0.999766,0,0.0216092,
0.00477148,0,0.999989,
0,1,0,
-0.999989,0,0.00477148,
-0.0121586,0,0.999926,
0,1,0,
-0.999926,0,-0.0121586,
-0.0291762,0,0.999574,
0,1,0,
-0.999574,0,-0.0291762,
-0.0462763,0,0.998929,
0,1,0,
-0.998929,0,-0.0462763,
-0.0634537,0,0.997985,
0,1,0,
-0.997985,0,-0.0634537,
-0.080703,0,0.996738,
0,1,0,
-0.996738,0,-0.080703,
-0.0980188,0,0.995185,
0,1,0,
-0.995185,0,-0.0980188,
-0.115395,0,0.99332,
0,1,0,
-0.99332,0,-0.115395,
-0.132827,0,0.991139,
0,1,0,
-0.991139,0,-0.132827,
-0.150308,0,0.988639,
0,1,0,
-0.988639,0,-0.150308,
-0.167831,0,0.985816,
0,1,0,
-0.985816,0,-0.167831,
-0.185391,0,0.982665,
0,1,0,
-0.982665,0,-0.185391,
-0.202981,0,0.979183,
0,1,0,
-0.979183,0,-0.202981,
-0.220595,0,0.975366,
0,1,0,
-0.975366,0,-0.220595,
-0.238225,0,0.97121,
0,1,0,
-0.97121,0,-0.238225,
-0.255866,0,0.966712,
0,1,0,
-0.966712,0,-0.255866,
-0.273509,0,0.96187,
0,1,0,
-0.96187,0,-0.273509,
-0.290973,0,0.956731,
0,1,0,
-0.956731,0,-0.290973,
-0.308255,0,0.951304,
0,1,0,
-0.951304,0,-0.308255,
-0.325349,0,0.945594,
0,1,0,
-0.945594,0,-0.325349,
-0.342252,0,0.939608,
0,1,0,
-0.939608,0,-0.342252,
-0.35896,0,0.933353,
0,1,0,
-0.933353,0,-0.35896,
-0.375469,0,0.926835,
0,1,0,
-0.926835,0,-0.375469,
-0.391776,0,0.920061,
0,1,0,
-0.920061,0,-0.391776,
-0.407878,0,0.913036,
0,1,0,
-0.913036,0,-0.407878,
-0.423772,0,0.905769,
0,1,0,
-0.905769,0,-0.423772,
-0.439454,0,0.898265,
0,1,0,
-0.898265,0,-0.439454,
-0.454923,0,0.890531,
0,1,0,
-0.890531,0,-0.454923,
-0.470175,0,0.882573,
0,1,0,
-0.882573,0,-0.470175,
-0.485209,0,0.874398,
0,1,0,
-0.874398,0,-0.485209,
-0.500021,0,0.866013,
0,1,0,
-0.866013,0,-0.500021,
-0.514611,0,0.857424,
0,1,0,
-0.857424,0,-0.514611,
-0.528975,0,0.848637,
0,1,0,
-0.848637,0,-0.528975,
-0.543114,0,0.839659,
0,1,0,
-0.839659,0,-0.543114,
-0.557024,0,0.830496,
0,1,0,
-0.830496,0,-0.557024,
-0.570706,0,0.821155,
0,1,0,
-0.821155,0,-0.570706,
-0.584156,0,0.811641,
0,1,0,
-0.811641,0,-0.584156,
-0.597375,0,0.801962,
0,1,0,
-0.801962,0,-0.597375,
-0.610362,0,0.792123,
0,1,0,
-0.792123,0,-0.610362,
-0.623115,0,0.78213,
0,1,0,
-0.78213,0,-0.623115,
-0.635635,0,0.77199,
0,1,0,
-0.77199,0,-0.635635,
-0.64792,0,0.761708,
0,1,0,
-0.761708,0,-0.64792,
-0.659971,0,0.751291,
0,1,0,
-0.751291,0,-0.659971,
-0.671786,0,0.740745,
0,1,0,
-0.740745,0,-0.671786,
-0.683367,0,0.730075,
0,1,0,
-0.730075,0,-0.683367,
-0.694713,0,0.719287,
0,1,0,
-0.719287,0,-0.694713,
-0.705824,0,0.708387,
0,1,0,
-0.708387,0,-0.705824,
-0.716701,0,0.697381,
0,1,0,
-0.697381,0,-0.716701,
-0.727343,0,0.686274,
0,1,0,
-0.686274,0,-0.727343,
-0.737752,0,0.675072,
0,1,0,
-0.675072,0,-0.737752,
-0.747928,0,0.66378,
0,1,0,
-0.66378,0,-0.747928,
-0.757872,0,0.652403,
0,1,0,
-0.652403,0,-0.757872,
-0.767584,0,0.640948,
0,1,0,
-0.640948,0,-0.767584,
-0.777066,0,0.629419,
0,1,0,
-0.629419,0,-0.777066,
-0.786319,0,0.617821,
0,1,0,
-0.617821,0,-0.786319,
-0.795343,0,0.606159,
0,1,0,
-0.606159,0,-0.795343,
-0.804141,0,0.594439,
0,1,0,
-0.594439,0,-0.804141,
-0.812712,0,0.582665,
0,1,0,
-0.582665,0,-0.812712,
-0.82106,0,0.570843,
0,1,0,
-0.570843,0,-0.82106,
-0.829184,0,0.558976,
0,1,0,
-0.558976,0,-0.829184,
-0.837087,0,0.54707,
0,1,0,
-0.54707,0,-0.837087,
-0.844771,0,0.535129,
0,1,0,
-0.535129,0,-0.844771,
-0.852236,0,0.523157,
0,1,0,
-0.523157,0,-0.852236,
-0.859485,0,0.51116,
0,1,0,
-0.51116,0,-0.859485,
-0.86652,0,0.499142,
0,1,0,
-0.499142,0,-0.86652,
-0.873343,0,0.487106,
0,1,0,
-0.487106,0,-0.873343,
-0.879955,0,0.475056,
0,1,0,
-0.475056,0,-0.879955,
-0.886359,0,0.462998,
0,1,0,
-0.462998,0,-0.886359,
-0.892557,0,0.450935,
0,1,0,
-0.450935,0,-0.892557,
-0.89855,0,0.43887,
0,1,0,
-0.43887,0,-0.89855,
-0.904342,0,0.426809,
0,1,0,
-0.426809,0,-0.904342,
-0.909934,0,0.414753,
0,1,0,
-0.414753,0,-0.909934,
-0.915328,0,0.402708,
0,1,0,
-0.402708,0,-0.915328,
-0.920528,0,0.390676,
0,1,0,
-0.390676,0,-0.920528,
-0.925535,0,0.378662,
0,1,0,
-0.378662,0,-0.925535,
-0.930352,0,0.366668,
0,1,0,
-0.366668,0,-0.930352,
-0.934981,0,0.354698,
0,1,0,
-0.354698,0,-0.934981,
-0.939425,0,0.342755,
0,1,0,
-0.342755,0,-0.939425,
-0.943686,0,0.330842,
0,1,0,
-0.330842,0,-0.943686,
-0.947767,0,0.318963,
0,1,0,
-0.318963,0,-0.947767,
-0.951671,0,0.30712,
0,1,0,
-0.30712,0,-0.951671,
-0.9554,0,0.295316,
0,1,0,
-0.295316,0,-0.9554,
-0.958956,0,0.283554,
0,1,0,
-0.283554,0,-0.958956,
-0.962343,0,0.271837,
0,1,0,
-0.271837,0,-0.962343,
-0.965564,0,0.260167,
0,1,0,
-0.260167,0,-0.965564,
-0.96862,0,0.248548,
0,1,0,
-0.248548,0,-0.96862,
-0.971514,0,0.236981,
0,1,0,
-0.236981,0,-0.971514,
-0.97425,0,0.225469,
0,1,0,
-0.225469,0,-0.97425,
-0.976831,0,0.214014,
0,1,0,
-0.214014,0,-0.976831,
-0.979258,0,0.202619,
0,1,0,
-0.202619,0,-0.979258,
-0.981534,0,0.191286,
0,1,0,
-0.191286,0,-0.981534,
-0.983664,0,0.180016,
0,1,0,
-0.180016,0,-0.983664,
-0.985648,0,0.168813,
0,1,0,
-0.168813,0,-0.985648,
-0.987491,0,0.157678,
0,1,0,
-0.157678,0,-0.987491,
-0.989194,0,0.146613,
0,1,0,
-0.146613,0,-0.989194,
-0.990761,0,0.135619,
0,1,0,
-0.135619,0,-0.990761,
-0.992195,0,0.1247,
0,1,0,
-0.1247,0,-0.992195,
-0.993497,0,0.113855,
0,1,0,
-0.113855,0,-0.993497,
-0.994672,0,0.103087,
0,1,0,
-0.103087,0,-0.994672,
-0.995722,0,0.0923985,
0,1,0,
-0.0923985,0,-0.995722,
-0.99665,0,0.0817895,
0,1,0,
-0.0817895,0,-0.99665,
-0.997458,0,0.0712621,
0,1,0,
-0.0712621,0,-0.997458,
-0.998149,0,0.0608176,
0,1,0,
-0.0608176,0,-0.998149,
-0.998726,0,0.0504573,
0,1,0,
-0.0504573,0,-0.998726,
-0.999192,0,0.0401825,
0,1,0,
-0.0401825,0,-0.999192,
-0.99955,0,0.0299945,
0,1,0,
-0.0299945,0,-0.99955,
-0.999802,0,0.0198944,
0,1,0,
-0.0198944,0,-0.999802,
-0.999951,0,0.00988325,
0,1,0,
-0.00988325,0,-0.999951,
-1,0,-3.78561e-05,
0,1,0,
3.78561e-05,0,-1,
-0.999951,0,-0.00986794,
0,1,0,
0.00986794,0,-0.999951,
-0.999808,0,-0.0196061,
0,1,0,
0.0196061,0,-0.999808,
-0.999572,0,-0.0292514,
0,1,0,
0.0292514,0,-0.999572,
-0.999247,0,-0.038803,
0,1,0,
0.038803,0,-0.999247,
-0.998835,0,-0.0482601,
0,1,0,
0.0482601,0,-0.998835,
-0.998338,0,-0.057622,
0,1,0,
0.057622,0,-0.998338,
-0.99776,0,-0.0668881,
0,1,0,
0.0668881,0,-0.99776,
-0.997103,0,-0.0760576,
0,1,0,
0.0760576,0,-0.997103,
-0.99637,0,-0.0851301,
0,1,0,
0.0851301,0,-0.99637,
-0.995562,0,-0.0941048,
0,1,0,
0.0941048,0,-0.995562,
-0.994683,0,-0.102981,
0,1,0,
0.102981,0,-0.994683,
-0.993735,0,-0.111759,
0,1,0,
0.111759,0,-0.993735,
-0.992721,0,-0.120438,
0,1,0,
0.120438,0,-0.992721,
-0.991642,0,-0.129018,
0,1,0,
0.129018,0,-0.991642,
-0.990502,0,-0.137497,
0,1,0,
0.137497,0,-0.990502,
-0.989303,0,-0.145877,
0,1,0,
0.145877,0,-0.989303,
-0.988047,0,-0.154156,
0,1,0,
0.154156,0,-0.988047,
-0.986736,0,-0.162334,
0,1,0,
0.162334,0,-0.986736,
-0.985373,0,-0.170412,
0,1,0,
0.170412,0,-0.985373,
-0.98396,0,-0.178388,
0,1,0,
0.178388,0,-0.98396,
-0.9825,0,-0.186264,
0,1,0,
0.186264,0,-0.9825,
-0.980994,0,-0.194038,
0,1,0,
0.194038,0,-0.980994,
-0.979445,0,-0.201711,
0,1,0,
0.201711,0,-0.979445,
-0.977855,0,-0.209283,
0,1,0,
0.209283,0,-0.977855,
-0.976226,0,-0.216753,
0,1,0,
0.216753,0,-0.976226,
-0.974561,0,-0.224122,
0,1,0,
0.224122,0,-0.974561,
-0.972861,0,-0.231389,
0,1,0,
0.231389,0,-0.972861,
-0.971129,0,-0.238555,
0,1,0,
0.238555,0,-0.971129,
-0.969366,0,-0.24562,
0,1,0,
0.24562,0,-0.969366,
-0.967575,0,-0.252584,
0,1,0,
0.252584,0,-0.967575,
-0.965757,0,-0.259447,
0,1,0,
0.259447,0,-0.965757,
-0.963915,0,-0.266209,
0,1,0,
0.266209,0,-0.963915,
-0.962051,0,-0.272871,
0,1,0,
0.272871,0,-0.962051,
-0.960166,0,-0.279432,
0,1,0,
0.279432,0,-0.960166,
-0.958262,0,-0.285893,
0,1,0,
0.285893,0,-0.958262,
-0.956341,0,-0.292253,
0,1,0,
0.292253,0,-0.956341,
-0.954405,0,-0.298514,
0,1,0,
0.298514,0,-0.954405,
-0.952456,0,-0.304676,
0,1,0,
0.304676,0,-0.952456,
-0.950496,0,-0.310738,
0,1,0,
0.310738,0,-0.950496,
-0.948525,0,-0.316702,
0,1,0,
0.316702,0,-0.948525,
-0.946547,0,-0.322566,
0,1,0,
0.322566,0,-0.946547,
-0.944562,0,-0.328332,
0,1,0,
0.328332,0,-0.944562,
-0.942573,0,-0.334001,
0,1,0,
0.334001,0,-0.942573,
-0.94058,0,-0.339571,
0,1,0,
0.339571,0,-0.94058,
-0.938586,0,-0.345045,
0,1,0,
0.345045,0,-0.938586,
-0.936592,0,-0.350421,
0,1,0,
0.350421,0,-0.936592,
-0.9346,0,-0.355701,
0,1,0,
0.355701,0,-0.9346,
-0.93261,0,-0.360885,
0,1,0,
0.360885,0,-0.93261,
-0.930626,0,-0.365972,
0,1,0,
0.365972,0,-0.930626,
-0.928647,0,-0.370965,
0,1,0,
0.370965,0,-0.928647,
-0.926676,0,-0.375862,
0,1,0,
0.375862,0,-0.926676,
-0.924713,0,-0.380665,
0,1,0,
0.380665,0,-0.924713,
-0.922761,0,-0.385373,
0,1,0,
0.385373,0,-0.922761,
-0.92082,0,-0.389988,
0,1,0,
0.389988,0,-0.92082,
-0.918892,0,-0.394509,
0,1,0,
0.394509,0,-0.918892,
-0.916978,0,-0.398937,
0,1,0,
0.398937,0,-0.916978,
-0.91508,0,-0.403272,
0,1,0,
0.403272,0,-0.91508,
-0.913198,0,-0.407516,
0,1,0,
0.407516,0,-0.913198,
-0.911334,0,-0.411668,
0,1,0,
0.411668,0,-0.911334,
-0.909489,0,-0.415728,
0,1,0,
0.415728,0,-0.909489,
-0.907664,0,-0.419698,
0,1,0,
0.419698,0,-0.907664,
-0.90586,0,-0.423577,
0,1,0,
0.423577,0,-0.90586,
-0.904079,0,-0.427366,
0,1,0,
0.427366,0,-0.904079,
-0.902321,0,-0.431065,
0,1,0,
0.431065,0,-0.902321,
-0.900587,0,-0.434675,
0,1,0,
0.434675,0,-0.900587,
-0.898879,0,-0.438197,
0,1,0,
0.438197,0,-0.898879,
-0.897197,0,-0.44163,
0,1,0,
0.44163,0,-0.897197,
-0.895543,0,-0.444975,
0,1,0,
0.444975,0,-0.895543,
-0.893917,0,-0.448232,
0,1,0,
0.448232,0,-0.893917,
-0.89232,0,-0.451403,
0,1,0,
0.451403,0,-0.89232,
-0.890754,0,-0.454486,
0,1,0,
0.454486,0,-0.890754,
-0.889218,0,-0.457483,
0,1,0,
0.457483,0,-0.889218,
-0.887714,0,-0.460395,
0,1,0,
0.460395,0,-0.887714,
-0.886243,0,-0.46322,
0,1,0,
0.46322,0,-0.886243,
-0.884805,0,-0.465961,
0,1,0,
0.465961,0,-0.884805,
-0.883402,0,-0.468616,
0,1,0,
0.468616,0,-0.883402,
-0.882033,0,-0.471187,
0,1,0,
0.471187,0,-0.882033,
-0.8807,0,-0.473674,
0,1,0,
0.473674,0,-0.8807,
-0.879403,0,-0.476077,
0,1,0,
0.476077,0,-0.879403,
-0.878144,0,-0.478397,
0,1,0,
0.478397,0,-0.878144,
-0.876922,0,-0.480633,
0,1,0,
0.480633,0,-0.876922,
-0.875738,0,-0.482787,
0,1,0,
0.482787,0,-0.875738,
-0.874593,0,-0.484858,
0,1,0,
0.484858,0,-0.874593,
-0.873487,0,-0.486847,
0,1,0,
0.486847,0,-0.873487,
-0.872422,0,-0.488754,
0,1,0,
0.488754,0,-0.872422,
-0.871397,0,-0.490579,
0,1,0,
0.490579,0,-0.871397,
-0.870413,0,-0.492323,
0,1,0,
0.492323,0,-0.870413,
-0.86947,0,-0.493986,
0,1,0,
0.493986,0,-0.86947,
-0.868569,0,-0.495568,
0,1,0,
0.495568,0,-0.868569,
-0.867711,0,-0.497069,
0,1,0,
0.497069,0,-0.867711,
-0.866895,0,-0.49849,
0,1,0,
0.49849,0,-0.866895,
-0.866123,0,-0.499831,
0,1,0,
0.499831,0,-0.866123,
-0.865394,0,-0.501092,
0,1,0,
0.501092,0,-0.865394,
-0.864709,0,-0.502273,
0,1,0,
0.502273,0,-0.864709,
-0.864069,0,-0.503374,
0,1,0,
0.503374,0,-0.864069,
-0.863472,0,-0.504396,
0,1,0,
0.504396,0,-0.863472,
-0.862921,0,-0.505339,
0,1,0,
0.505339,0,-0.862921,
-0.862415,0,-0.506203,
0,1,0,
0.506203,0,-0.862415,
-0.861953,0,-0.506987,
0,1,0,
0.506987,0,-0.861953,
-0.861538,0,-0.507693,
0,1,0,
0.507693,0,-0.861538,
-0.861168,0,-0.508321,
0,1,0,
0.508321,0,-0.861168,
-0.860844,0,-0.508869,
0,1,0,
0.508869,0,-0.860844,
-0.860566,0,-0.509339,
0,1,0,
0.509339,0,-0.860566,
-0.860334,0,-0.509731,
0,1,0,
0.509731,0,-0.860334,
-0.860148,0,-0.510044,
0,1,0,
0.510044,0,-0.860148,
-0.860009,0,-0.510279,
0,1,0,
0.510279,0,-0.860009,
-0.859916,0,-0.510435,
0,1,0,
0.510435,0,-0.859916,
-0.859823,0,-0.510592,
0,1,0,
0.510592,0,-0.859823,
-0.85973,0,-0.510748,
0,1,0,
0.510748,0,-0.85973,
-0.859637,0,-0.510905,
0,1,0,
0.510905,0,-0.859637,
-0.859544,0,-0.511061,
0,1,0,
0.511061,0,-0.859544,
-0.859451,0,-0.511218,
0,1,0,
0.511218,0,-0.859451,
-0.859358,0,-0.511374,
0,1,0,
0.511374,0,-0.859358,
-0.859265,0,-0.511531,
0,1,0,
0.511531,0,-0.859265,
-0.859172,0,-0.511687,
0,1,0,
0.511687,0,-0.859172,
-0.859079,0,-0.511844,
0,1,0,
0.511844,0,-0.859079,
-0.858986,0,-0.512,
0,1,0,
0.512,0,-0.858986,
-0.858892,0,-0.512156,
0,1,0,
0.512156,0,-0.858892,
-0.858799,0,-0.512313,
0,1,0,
0.512313,0,-0.858799,
-0.858706,0,-0.512469,
0,1,0,
0.512469,0,-0.858706,
-0.858612,0,-0.512625,
0,1,0,
0.512625,0,-0.858612,
-0.858519,0,-0.512782,
0,1,0,
0.512782,0,-0.858519,
-0.858426,0,-0.512938,
0,1,0,
0.512938,0,-0.858426,
-0.858332,0,-0.513094,
0,1,0,
0.513094,0,-0.858332,
-0.858239,0,-0.51325,
0,1,0,
0.51325,0,-0.858239,
-0.858146,0,-0.513407,
0,1,0,
0.513407,0,-0.858146,
-0.858052,0,-0.513563,
0,1,0,
0.513563,0,-0.858052,
-0.857959,0,-0.513719,
0,1,0,
0.513719,0,-0.857959,
-0.857865,0,-0.513875,
0,1,0,
0.513875,0,-0.857865,
-0.857771,0,-0.514031,
0,1,0,
0.514031,0,-0.857771,
-0.857678,0,-0.514187,
0,1,0,
0.514187,0,-0.857678,
-0.857584,0,-0.514343,
0,1,0,
0.514343,0,-0.857584,
-0.857491,0,-0.5145,
0,1,0,
0.5145,0,-0.857491,
-0.857397,0,-0.514656,
0,1,0,
0.514656,0,-0.857397,
-0.857303,0,-0.514812,
0,1,0,
0.514812,0,-0.857303,
-0.85721,0,-0.514968,
0,1,0,
0.514968,0,-0.85721,
-0.857116,0,-0.515124,
0,1,0,
0.515124,0,-0.857116,
-0.857022,0,-0.51528,
0,1,0,
0.51528,0,-0.857022,
-0.856928,0,-0.515436,
0,1,0,
0.515436,0,-0.856928,
-0.856834,0,-0.515592,
0,1,0,
0.515592,0,-0.856834,
-0.85674,0,-0.515748,
0,1,0,
0.515748,0,-0.85674,
-0.856647,0,-0.515904,
0,1,0,
0.515904,0,-0.856647,
-0.856553,0,-0.51606,
0,1,0,
0.51606,0,-0.856553,
-0.856459,0,-0.516216,
0,1,0,
0.516216,0,-0.856459,
-0.856365,0,-0.516372,
0,1,0,
0.516372,0,-0.856365,
-0.856271,0,-0.516527,
0,1,0,
0.516527,0,-0.856271,
-0.856177,0,-0.516683,
0,1,0,
0.516683,0,-0.856177,
-0.856083,0,-0.516839,
0,1,0,
0.516839,0,-0.856083,
-0.855988,0,-0.516995,
0,1,0,
0.516995,0,-0.855988,
-0.855894,0,-0.517151,
0,1,0,
0.517151,0,-0.855894,
-0.8558,0,-0.517307,
0,1,0,
0.517307,0,-0.8558,
-0.855706,0,-0.517462,
0,1,0,
0.517462,0,-0.855706,
-0.855612,0,-0.517618,
0,1,0,
0.517618,0,-0.855612,
-0.855518,0,-0.517774,
0,1,0,
0.517774,0,-0.855518,
-0.855423,0,-0.51793,
0,1,0,
0.51793,0,-0.855423,
-0.855329,0,-0.518085,
0,1,0,
0.518085,0,-0.855329,
-0.855235,0,-0.518241,
0,1,0,
0.518241,0,-0.855235,
-0.85514,0,-0.518397,
0,1,0,
0.518397,0,-0.85514,
-0.855046,0,-0.518552,
0,1,0,
0.518552,0,-0.855046,
-0.854951,0,-0.518708,
0,1,0,
0.518708,0,-0.854951,
-0.854857,0,-0.518864,
0,1,0,
0.518864,0,-0.854857,
-0.854763,0,-0.519019,
0,1,0,
0.519019,0,-0.854763,
-0.854668,0,-0.519175,
0,1,0,
0.519175,0,-0.854668,
-0.854574,0,-0.51933,
0,1,0,
0.51933,0,-0.854574,
-0.854479,0,-0.519486,
0,1,0,
0.519486,0,-0.854479,
-0.854384,0,-0.519641,
0,1,0,
0.519641,0,-0.854384,
-0.85429,0,-0.519797,
0,1,0,
0.519797,0,-0.85429,
-0.854195,0,-0.519952,
0,1,0,
0.519952,0,-0.854195,
-0.854101,0,-0.520108,
0,1,0,
0.520108,0,-0.854101,
-0.854006,0,-0.520263,
0,1,0,
0.520263,0,-0.854006,
-0.853911,0,-0.520419,
0,1,0,
0.520419,0,-0.853911,
-0.853816,0,-0.520574,
0,1,0,
0.520574,0,-0.853816,
-0.853722,0,-0.52073,
0,1,0,
0.52073,0,-0.853722,
-0.853627,0,-0.520885,
0,1,0,
0.520885,0,-0.853627,
-0.853532,0,-0.521041,
0,1,0,
0.521041,0,-0.853532,
-0.853437,0,-0.521196,
0,1,0,
0.521196,0,-0.853437,
-0.853342,0,-0.521351,
0,1,0,
0.521351,0,-0.853342,
-0.853247,0,-0.521507,
0,1,0,
0.521507,0,-0.853247,
-0.853152,0,-0.521662,
0,1,0,
0.521662,0,-0.853152,
-0.853057,0,-0.521817,
0,1,0,
0.521817,0,-0.853057,
-0.852962,0,-0.521972,
0,1,0,
0.521972,0,-0.852962,
-0.852867,0,-0.522128,
0,1,0,
0.522128,0,-0.852867,
-0.852772,0,-0.522283,
0,1,0,
0.522283,0,-0.852772,
-0.852677,0,-0.522438,
0,1,0,
0.522438,0,-0.852677,
-0.852582,0,-0.522593,
0,1,0,
0.522593,0,-0.852582,
-0.852487,0,-0.522749,
0,1,0,
0.522749,0,-0.852487,
-0.852392,0,-0.522904,
0,1,0,
0.522904,0,-0.852392,
-0.852296,0,-0.523059,
0,1,0,
0.523059,0,-0.852296,
-0.852201,0,-0.523214,
0,1,0,
0.523214,0,-0.852201,
-0.852106,0,-0.523369,
0,1,0,
0.523369,0,-0.852106,
-0.852011,0,-0.523524,
0,1,0,
0.523524,0,-0.852011,
-0.851915,0,-0.523679,
0,1,0,
0.523679,0,-0.851915,
-0.85182,0,-0.523835,
0,1,0,
0.523835,0,-0.85182,
-0.851725,0,-0.52399,
0,1,0,
0.52399,0,-0.851725,
-0.851629,0,-0.524145,
0,1,0,
0.524145,0,-0.851629,
-0.851534,0,-0.5243,
0,1,0,
0.5243,0,-0.851534,
-0.851438,0,-0.524455,
0,1,0,
0.524455,0,-0.851438,
-0.851343,0,-0.52461,
0,1,0,
0.52461,0,-0.851343,
-0.851247,0,-0.524765,
0,1,0,
0.524765,0,-0.851247,
-0.851152,0,-0.52492,
0,1,0,
0.52492,0,-0.851152,
-0.851056,0,-0.525074,
0,1,0,
0.525074,0,-0.851056,
-0.850961,0,-0.525229,
0,1,0,
0.525229,0,-0.850961,
-0.850865,0,-0.525384,
0,1,0,
0.525384,0,-0.850865,
-0.850769,0,-0.525539,
0,1,0,
0.525539,0,-0.850769,
-0.850674,0,-0.525694,
0,1,0,
0.525694,0,-0.850674,
-0.850578,0,-0.525849,
0,1,0,
0.525849,0,-0.850578,
-0.850482,0,-0.526004,
0,1,0,
0.526004,0,-0.850482,
-0.850387,0,-0.526159,
0,1,0,
0.526159,0,-0.850387,
-0.850291,0,-0.526313,
0,1,0,
0.526313,0,-0.850291,
-0.850195,0,-0.526468,
0,1,0,
0.526468,0,-0.850195,
-0.850099,0,-0.526623,
0,1,0,
0.526623,0,-0.850099,
-0.850003,0,-0.526778,
0,1,0,
0.526778,0,-0.850003,
-0.849907,0,-0.526932,
0,1,0,
0.526932,0,-0.849907,
-0.849811,0,-0.527087,
0,1,0,
0.527087,0,-0.849811,
-0.849715,0,-0.527242,
0,1,0,
0.527242,0,-0.849715,
-0.849619,0,-0.527396,
0,1,0,
0.527396,0,-0.849619,
-0.849523,0,-0.527551,
0,1,0,
0.527551,0,-0.849523,
-0.849427,0,-0.527706,
0,1,0,
0.527706,0,-0.849427,
-0.849331,0,-0.52786,
0,1,0,
0.52786,0,-0.849331,
-0.849235,0,-0.528015,
0,1,0,
0.528015,0,-0.849235,
-0.849139,0,-0.528169,
0,1,0,
0.528169,0,-0.849139,
-0.849043,0,-0.528324,
0,1,0,
0.528324,0,-0.849043,
-0.848947,0,-0.528479,
0,1,0,
0.528479,0,-0.848947,
-0.84885,0,-0.528633,
0,1,0,
0.528633,0,-0.84885,
-0.848754,0,-0.528788,
0,1,0,
0.528788,0,-0.848754,
-0.848658,0,-0.528942,
0,1,0,
0.528942,0,-0.848658,
-0.848562,0,-0.529097,
0,1,0,
0.529097,0,-0.848562,
-0.848465,0,-0.529251,
0,1,0,
0.529251,0,-0.848465,
-0.848369,0,-0.529406,
0,1,0,
0.529406,0,-0.848369,
-0.848273,0,-0.52956,
0,1,0,
0.52956,0,-0.848273,
-0.848176,0,-0.529714,
0,1,0,
0.529714,0,-0.848176,
-0.84808,0,-0.529869,
0,1,0,
0.529869,0,-0.84808,
-0.847983,0,-0.530023,
0,1,0,
0.530023,0,-0.847983,
-0.847887,0,-0.530177,
0,1,0,
0.530177,0,-0.847887,
-0.84779,0,-0.530332,
0,1,0,
0.530332,0,-0.84779,
-0.847694,0,-0.530486,
0,1,0,
0.530486,0,-0.847694,
-0.847597,0,-0.53064,
0,1,0,
0.53064,0,-0.847597,
-0.8475,0,-0.530795,
0,1,0,
0.530795,0,-0.8475,
-0.847404,0,-0.530949,
0,1,0,
0.530949,0,-0.847404,
-0.847307,0,-0.531103,
0,1,0,
0.531103,0,-0.847307,
-0.84721,0,-0.531258,
0,1,0,
0.531258,0,-0.84721,
-0.847114,0,-0.531412,
0,1,0,
0.531412,0,-0.847114,
-0.847017,0,-0.531566,
0,1,0,
0.531566,0,-0.847017,
-0.84692,0,-0.53172,
0,1,0,
0.53172,0,-0.84692,
-0.846823,0,-0.531874,
0,1,0,
0.531874,0,-0.846823,
-0.846727,0,-0.532028,
0,1,0,
0.532028,0,-0.846727,
-0.84663,0,-0.532183,
0,1,0,
0.532183,0,-0.84663,
-0.846533,0,-0.532337,
0,1,0,
0.532337,0,-0.846533,
-0.846436,0,-0.532491,
0,1,0,
0.532491,0,-0.846436,
-0.846339,0,-0.532645,
0,1,0,
0.532645,0,-0.846339,
-0.846242,0,-0.532799,
0,1,0,
0.532799,0,-0.846242,
-0.846145,0,-0.532953,
0,1,0,
0.532953,0,-0.846145,
-0.846048,0,-0.533107,
0,1,0,
0.533107,0,-0.846048,
-0.845951,0,-0.533261,
0,1,0,
0.533261,0,-0.845951,
-0.845854,0,-0.533415,
0,1,0,
0.533415,0,-0.845854,
-0.845757,0,-0.533569,
0,1,0,
0.533569,0,-0.845757,
-0.845659,0,-0.533723,
0,1,0,
0.533723,0,-0.845659,
-0.845562,0,-0.533877,
0,1,0,
0.533877,0,-0.845562,
-0.845465,0,-0.534031,
0,1,0,
0.534031,0,-0.845465,
-0.845368,0,-0.534185,
0,1,0,
0.534185,0,-0.845368,
-0.845271,0,-0.534338,
0,1,0,
0.534338,0,-0.845271,
-0.845173,0,-0.534492,
0,1,0,
0.534492,0,-0.845173,
-0.845076,0,-0.534646,
0,1,0,
0.534646,0,-0.845076,
-0.844979,0,-0.5348,
0,1,0,
0.5348,0,-0.844979,
-0.844881,0,-0.534954,
0,1,0,
0.534954,0,-0.844881,
-0.844784,0,-0.535108,
0,1,0,
0.535108,0,-0.844784,
-0.844686,0,-0.535261,
0,1,0,
0.535261,0,-0.844686,
-0.844589,0,-0.535415,
0,1,0,
0.535415,0,-0.844589,
-0.844492,0,-0.535569,
0,1,0,
0.535569,0,-0.844492,
-0.844394,0,-0.535723,
0,1,0,
0.535723,0,-0.844394,
-0.844297,0,-0.535876,
0,1,0,
0.535876,0,-0.844297,
-0.844199,0,-0.53603,
0,1,0,
0.53603,0,-0.844199,
-0.844101,0,-0.536184,
0,1,0,
0.536184,0,-0.844101,
-0.844004,0,-0.536337,
0,1,0,
0.536337,0,-0.844004,
-0.843906,0,-0.536491,
0,1,0,
0.536491,0,-0.843906,
-0.843808,0,-0.536645,
0,1,0,
0.536645,0,-0.843808,
-0.843711,0,-0.536798,
0,1,0,
0.536798,0,-0.843711,
-0.843613,0,-0.536952,
0,1,0,
0.536952,0,-0.843613,
-0.843515,0,-0.537105,
0,1,0,
0.537105,0,-0.843515,
-0.843417,0,-0.537259,
0,1,0,
0.537259,0,-0.843417,
-0.84332,0,-0.537412,
0,1,0,
0.537412,0,-0.84332,
-0.843222,0,-0.537566,
0,1,0,
0.537566,0,-0.843222,
-0.843124,0,-0.537719,
0,1,0,
0.537719,0,-0.843124,
-0.843026,0,-0.537873,
0,1,0,
0.537873,0,-0.843026,
-0.842928,0,-0.538026,
0,1,0,
0.538026,0,-0.842928,
-0.84283,0,-0.53818,
0,1,0,
0.53818,0,-0.84283,
-0.842732,0,-0.538333,
0,1,0,
0.538333,0,-0.842732,
-0.842634,0,-0.538487,
0,1,0,
0.538487,0,-0.842634,
-0.842536,0,-0.53864,
0,1,0,
0.53864,0,-0.842536,
-0.842438,0,-0.538793,
0,1,0,
0.538793,0,-0.842438,
-0.84234,0,-0.538947,
0,1,0,
0.538947,0,-0.84234,
-0.842242,0,-0.5391,
0,1,0,
0.5391,0,-0.842242,
-0.842144,0,-0.539253,
0,1,0,
0.539253,0,-0.842144,
-0.842045,0,-0.539407,
0,1,0,
0.539407,0,-0.842045,
-0.841947,0,-0.53956,
0,1,0,
0.53956,0,-0.841947,
-0.841849,0,-0.539713,
0,1,0,
0.539713,0,-0.841849,
-0.841751,0,-0.539866,
0,1,0,
0.539866,0,-0.841751,
-0.841652,0,-0.54002,
0,1,0,
0.54002,0,-0.841652,
-0.841554,0,-0.540173,
0,1,0,
0.540173,0,-0.841554,
-0.841456,0,-0.540326,
0,1,0,
0.540326,0,-0.841456,
-0.841357,0,-0.540479,
0,1,0,
0.540479,0,-0.841357,
-0.841259,0,-0.540632,
0,1,0,
0.540632,0,-0.841259,
-0.841161,0,-0.540785,
0,1,0,
0.540785,0,-0.841161,
-0.841062,0,-0.540939,
0,1,0,
0.540939,0,-0.841062,
-0.840964,0,-0.541092,
0,1,0,
0.541092,0,-0.840964,
-0.840865,0,-0.541245,
0,1,0,
0.541245,0,-0.840865,
-0.840767,0,-0.541398,
0,1,0,
0.541398,0,-0.840767,
-0.840668,0,-0.541551,
0,1,0,
0.541551,0,-0.840668,
-0.840569,0,-0.541704,
0,1,0,
0.541704,0,-0.840569,
-0.840471,0,-0.541857,
0,1,0,
0.541857,0,-0.840471,
-0.840372,0,-0.54201,
0,1,0,
0.54201,0,-0.840372,
-0.840273,0,-0.542163,
0,1,0,
0.542163,0,-0.840273,
-0.840175,0,-0.542316,
0,1,0,
0.542316,0,-0.840175,
-0.840076,0,-0.542469,
0,1,0,
0.542469,0,-0.840076,
-0.839977,0,-0.542622,
0,1,0,
0.542622,0,-0.839977,
-0.839878,0,-0.542775,
0,1,0,
0.542775,0,-0.839878,
-0.83978,0,-0.542927,
0,1,0,
0.542927,0,-0.83978,
-0.839681,0,-0.54308,
0,1,0,
0.54308,0,-0.839681,
-0.839582,0,-0.543233,
0,1,0,
0.543233,0,-0.839582,
-0.839483,0,-0.543386,
0,1,0,
0.543386,0,-0.839483,
-0.839384,0,-0.543539,
0,1,0,
0.543539,0,-0.839384,
-0.839285,0,-0.543692,
0,1,0,
0.543692,0,-0.839285,
-0.839186,0,-0.543844,
0,1,0,
0.543844,0,-0.839186,
-0.839087,0,-0.543997,
0,1,0,
0.543997,0,-0.839087,
-0.838988,0,-0.54415,
0,1,0,
0.54415,0,-0.838988,
-0.838889,0,-0.544303,
0,1,0,
0.544303,0,-0.838889,
-0.83879,0,-0.544455,
0,1,0,
0.544455,0,-0.83879,
-0.838691,0,-0.544608,
0,1,0,
0.544608,0,-0.838691,
-0.838592,0,-0.544761,
0,1,0,
0.544761,0,-0.838592,
-0.838492,0,-0.544913,
0,1,0,
0.544913,0,-0.838492,
-0.838393,0,-0.545066,
0,1,0,
0.545066,0,-0.838393,
-0.838294,0,-0.545218,
0,1,0,
0.545218,0,-0.838294,
-0.838195,0,-0.545371,
0,1,0,
0.545371,0,-0.838195,
-0.838095,0,-0.545524,
0,1,0,
0.545524,0,-0.838095,
-0.837996,0,-0.545676,
0,1,0,
0.545676,0,-0.837996,
-0.837897,0,-0.545829,
0,1,0,
0.545829,0,-0.837897,
-0.837797,0,-0.545981,
0,1,0,
0.545981,0,-0.837797,
-0.837698,0,-0.546134,
0,1,0,
0.546134,0,-0.837698,
-0.837599,0,-0.546286,
0,1,0,
0.546286,0,-0.837599,
-0.837499,0,-0.546439,
0,1,0,
0.546439,0,-0.837499,
-0.8374,0,-0.546591,
0,1,0,
0.546591,0,-0.8374,
-0.8373,0,-0.546744,
0,1,0,
0.546744,0,-0.8373,
-0.837201,0,-0.546896,
0,1,0,
0.546896,0,-0.837201,
-0.837101,0,-0.547048,
0,1,0,
0.547048,0,-0.837101,
-0.837001,0,-0.547201,
0,1,0,
0.547201,0,-0.837001,
-0.836902,0,-0.547353,
0,1,0,
0.547353,0,-0.836902,
-0.836802,0,-0.547505,
0,1,0,
0.547505,0,-0.836802,
-0.836702,0,-0.547658,
0,1,0,
0.547658,0,-0.836702,
-0.836603,0,-0.54781,
0,1,0,
0.54781,0,-0.836603,
-0.836503,0,-0.547962,
0,1,0,
0.547962,0,-0.836503,
-0.836403,0,-0.548115,
0,1,0,
0.548115,0,-0.836403,
-0.836303,0,-0.548267,
0,1,0,
0.548267,0,-0.836303,
-0.836204,0,-0.548419,
0,1,0,
0.548419,0,-0.836204,
-0.836104,0,-0.548571,
0,1,0,
0.548571,0,-0.836104,
-0.836004,0,-0.548724,
0,1,0,
0.548724,0,-0.836004,
-0.835904,0,-0.548876,
0,1,0,
0.548876,0,-0.835904,
-0.835804,0,-0.549028,
0,1,0,
0.549028,0,-0.835804,
-0.835704,0,-0.54918,
0,1,0,
0.54918,0,-0.835704,
-0.835604,0,-0.549332,
0,1,0,
0.549332,0,-0.835604,
-0.835504,0,-0.549484,
0,1,0,
0.549484,0,-0.835504,
-0.835404,0,-0.549636,
0,1,0,
0.549636,0,-0.835404,
-0.835304,0,-0.549788,
0,1,0,
0.549788,0,-0.835304,
-0.835204,0,-0.54994,
0,1,0,
0.54994,0,-0.835204,
-0.835104,0,-0.550092,
0,1,0,
0.550092,0,-0.835104,
-0.835004,0,-0.550244,
0,1,0,
0.550244,0,-0.835004,
-0.834903,0,-0.550396,
0,1,0,
0.550396,0,-0.834903,
-0.834803,0,-0.550548,
0,1,0,
0.550548,0,-0.834803,
-0.834703,0,-0.5507,
0,1,0,
0.5507,0,-0.834703,
-0.834603,0,-0.550852,
0,1,0,
0.550852,0,-0.834603,
-0.834502,0,-0.551004,
0,1,0,
0.551004,0,-0.834502,
-0.834402,0,-0.551156,
0,1,0,
0.551156,0,-0.834402,
-0.834302,0,-0.551308,
0,1,0,
0.551308,0,-0.834302,
-0.834201,0,-0.55146,
0,1,0,
0.55146,0,-0.834201,
-0.834101,0,-0.551612,
0,1,0,
0.551612,0,-0.834101,
-0.834001,0,-0.551764,
0,1,0,
0.551764,0,-0.834001,
-0.8339,0,-0.551915,
0,1,0,
0.551915,0,-0.8339,
-0.8338,0,-0.552067,
0,1,0,
0.552067,0,-0.8338,
-0.833699,0,-0.552219,
0,1,0,
0.552219,0,-0.833699,
-0.833599,0,-0.552371,
0,1,0,
0.552371,0,-0.833599,
-0.833498,0,-0.552522,
0,1,0,
0.552522,0,-0.833498,
-0.833397,0,-0.552674,
0,1,0,
0.552674,0,-0.833397,
-0.833297,0,-0.552826,
0,1,0,
0.552826,0,-0.833297,
-0.833196,0,-0.552978,
0,1,0,
0.552978,0,-0.833196,
-0.833095,0,-0.553129,
0,1,0,
0.553129,0,-0.833095,
-0.832995,0,-0.553281,
0,1,0,
0.553281,0,-0.832995,
-0.832894,0,-0.553432,
0,1,0,
0.553432,0,-0.832894,
-0.832793,0,-0.553584,
0,1,0,
0.553584,0,-0.832793,
-0.832692,0,-0.553736,
0,1,0,
0.553736,0,-0.832692,
-0.832592,0,-0.553887,
0,1,0,
0.553887,0,-0.832592,
-0.832491,0,-0.554039,
0,1,0,
0.554039,0,-0.832491,
-0.83239,0,-0.55419,
0,1,0,
0.55419,0,-0.83239,
-0.832289,0,-0.554342,
0,1,0,
0.554342,0,-0.832289,
-0.832188,0,-0.554493,
0,1,0,
0.554493,0,-0.832188,
-0.832087,0,-0.554645,
0,1,0,
0.554645,0,-0.832087,
-0.831986,0,-0.554796,
0,1,0,
0.554796,0,-0.831986,
-0.831885,0,-0.554948,
0,1,0,
0.554948,0,-0.831885,
-0.831784,0,-0.555099,
0,1,0,
0.555099,0,-0.831784,
-0.831683,0,-0.555251,
0,1,0,
0.555251,0,-0.831683,
-0.831582,0,-0.555402,
0,1,0,
0.555402,0,-0.831582,
-0.831481,0,-0.555553,
0,1,0,
0.555553,0,-0.831481,
-0.83138,0,-0.555705,
0,1,0,
0.555705,0,-0.83138,
-0.831279,0,-0.555856,
0,1,0,
0.555856,0,-0.831279,
-0.831177,0,-0.556007,
0,1,0,
0.556007,0,-0.831177,
-0.831076,0,-0.556159,
0,1,0,
0.556159,0,-0.831076,
-0.830975,0,-0.55631,
0,1,0,
0.55631,0,-0.830975,
-0.830874,0,-0.556461,
0,1,0,
0.556461,0,-0.830874,
-0.830772,0,-0.556612,
0,1,0,
0.556612,0,-0.830772,
-0.830671,0,-0.556764,
0,1,0,
0.556764,0,-0.830671,
-0.83057,0,-0.556915,
0,1,0,
0.556915,0,-0.83057,
-0.830468,0,-0.557066,
0,1,0,
0.557066,0,-0.830468,
-0.830367,0,-0.557217,
0,1,0,
0.557217,0,-0.830367,
-0.830265,0,-0.557368,
0,1,0,
0.557368,0,-0.830265,
-0.830164,0,-0.557519,
0,1,0,
0.557519,0,-0.830164,
-0.830062,0,-0.557671,
0,1,0,
0.557671,0,-0.830062,
-0.829961,0,-0.557822,
0,1,0,
0.557822,0,-0.829961,
-0.829859,0,-0.557973,
0,1,0,
0.557973,0,-0.829859,
-0.829758,0,-0.558124,
0,1,0,
0.558124,0,-0.829758,
-0.829656,0,-0.558275,
0,1,0,
0.558275,0,-0.829656,
-0.829554,0,-0.558426,
0,1,0,
0.558426,0,-0.829554,
-0.829453,0,-0.558577,
0,1,0,
0.558577,0,-0.829453,
-0.829351,0,-0.558728,
0,1,0,
0.558728,0,-0.829351,
-0.829249,0,-0.558879,
0,1,0,
0.558879,0,-0.829249,
-0.829148,0,-0.55903,
0,1,0,
0.55903,0,-0.829148,
-0.829046,0,-0.559181,
0,1,0,
0.559181,0,-0.829046,
-0.828944,0,-0.559332,
0,1,0,
0.559332,0,-0.828944,
-0.828842,0,-0.559483,
0,1,0,
0.559483,0,-0.828842,
-0.82874,0,-0.559633,
0,1,0,
0.559633,0,-0.82874,
-0.828638,0,-0.559784,
0,1,0,
0.559784,0,-0.828638,
-0.828536,0,-0.559935,
0,1,0,
0.559935,0,-0.828536,
-0.828435,0,-0.560086,
0,1,0,
0.560086,0,-0.828435,
-0.828333,0,-0.560237,
0,1,0,
0.560237,0,-0.828333,
-0.828231,0,-0.560387,
0,1,0,
0.560387,0,-0.828231,
-0.828129,0,-0.560538,
0,1,0,
0.560538,0,-0.828129,
-0.828026,0,-0.560689,
0,1,0,
0.560689,0,-0.828026,
-0.827924,0,-0.56084,
0,1,0,
0.56084,0,-0.827924,
-0.827822,0,-0.56099,
0,1,0,
0.56099,0,-0.827822,
-0.82772,0,-0.561141,
0,1,0,
0.561141,0,-0.82772,
-0.827618,0,-0.561292,
0,1,0,
0.561292,0,-0.827618,
-0.827516,0,-0.561442,
0,1,0,
0.561442,0,-0.827516,
-0.827414,0,-0.561593,
0,1,0,
0.561593,0,-0.827414,
-0.827311,0,-0.561744,
0,1,0,
0.561744,0,-0.827311,
-0.827209,0,-0.561894,
0,1,0,
0.561894,0,-0.827209,
-0.827107,0,-0.562045,
0,1,0,
0.562045,0,-0.827107,
-0.827004,0,-0.562195,
0,1,0,
0.562195,0,-0.827004,
-0.826902,0,-0.562346,
0,1,0,
0.562346,0,-0.826902,
-0.8268,0,-0.562496,
0,1,0,
0.562496,0,-0.8268,
-0.826697,0,-0.562647,
0,1,0,
0.562647,0,-0.826697,
-0.826595,0,-0.562797,
0,1,0,
0.562797,0,-0.826595,
-0.826492,0,-0.562948,
0,1,0,
0.562948,0,-0.826492,
-0.82639,0,-0.563098,
0,1,0,
0.563098,0,-0.82639,
-0.826287,0,-0.563249,
0,1,0,
0.563249,0,-0.826287,
-0.826185,0,-0.563399,
0,1,0,
0.563399,0,-0.826185,
-0.826082,0,-0.56355,
0,1,0,
0.56355,0,-0.826082,
-0.82598,0,-0.5637,
0,1,0,
0.5637,0,-0.82598,
-0.825877,0,-0.56385,
0,1,0,
0.56385,0,-0.825877,
-0.825774,0,-0.564001,
0,1,0,
0.564001,0,-0.825774,
-0.825672,0,-0.564151,
0,1,0,
0.564151,0,-0.825672,
-0.825569,0,-0.564301,
0,1,0,
0.564301,0,-0.825569,
-0.825466,0,-0.564451,
0,1,0,
0.564451,0,-0.825466,
-0.825363,0,-0.564602,
0,1,0,
0.564602,0,-0.825363,
-0.825261,0,-0.564752,
0,1,0,
0.564752,0,-0.825261,
-0.825158,0,-0.564902,
0,1,0,
0.564902,0,-0.825158,
-0.825055,0,-0.565052,
0,1,0,
0.565052,0,-0.825055,
-0.824952,0,-0.565203,
0,1,0,
0.565203,0,-0.824952,
-0.824849,0,-0.565353,
0,1,0,
0.565353,0,-0.824849,
-0.824746,0,-0.565503,
0,1,0,
0.565503,0,-0.824746,
-0.824643,0,-0.565653,
0,1,0,
0.565653,0,-0.824643,
-0.82454,0,-0.565803,
0,1,0,
0.565803,0,-0.82454,
-0.824437,0,-0.565953,
0,1,0,
0.565953,0,-0.824437,
-0.824334,0,-0.566103,
0,1,0,
0.566103,0,-0.824334,
-0.824231,0,-0.566253,
0,1,0,
0.566253,0,-0.824231,
-0.824128,0,-0.566403,
0,1,0,
0.566403,0,-0.824128,
-0.824025,0,-0.566553,
0,1,0,
0.566553,0,-0.824025,
-0.823922,0,-0.566703,
0,1,0,
0.566703,0,-0.823922,
-0.823819,0,-0.566853,
0,1,0,
0.566853,0,-0.823819,
-0.823716,0,-0.567003,
0,1,0,
0.567003,0,-0.823716,
-0.823612,0,-0.567153,
0,1,0,
0.567153,0,-0.823612,
-0.823509,0,-0.567303,
0,1,0,
0.567303,0,-0.823509,
-0.823406,0,-0.567453,
0,1,0,
0.567453,0,-0.823406,
-0.823302,0,-0.567603,
0,1,0,
0.567603,0,-0.823302,
-0.823199,0,-0.567753,
0,1,0,
0.567753,0,-0.823199,
-0.823096,0,-0.567903,
0,1,0,
0.567903,0,-0.823096,
-0.822992,0,-0.568052,
0,1,0,
0.568052,0,-0.822992,
-0.822889,0,-0.568202,
0,1,0,
0.568202,0,-0.822889,
-0.822785,0,-0.568352,
0,1,0,
0.568352,0,-0.822785,
-0.822682,0,-0.568502,
0,1,0,
0.568502,0,-0.822682,
-0.822578,0,-0.568652,
0,1,0,
0.568652,0,-0.822578,
