1,0,0,
0,1,0,
0,0,1,
0.999908,-0.00191421,-0.0134625,
-0.00191401,0.960372,-0.278714,
0.0134625,0.278714,0.96028,
0.999638,-0.00750458,-0.0258555,
-0.0075042,0.844636,-0.535288,
0.0258556,0.535288,0.844274,
0.999211,-0.016327,-0.0361945,
-0.0163265,0.661987,-0.749337,
0.0361947,0.749337,0.661199,
0.998663,-0.0276806,-0.0436582,
-0.02768,0.426934,-0.903859,
0.0436586,0.903859,0.425597,
0.998036,-0.0406635,-0.0476536,
-0.0406629,0.15815,-0.986577,
0.0476542,0.986577,0.156186,
0.99738,-0.0542443,-0.0478634,
-0.0542438,-0.123013,-0.990922,
0.0478641,0.990922,-0.125633,
0.996747,-0.0673442,-0.0442709,
-0.0673437,-0.394218,-0.916546,
0.0442717,0.916546,-0.397471,
0.996188,-0.0789224,-0.0371615,
-0.0789221,-0.633922,-0.76936,
0.0371623,0.76936,-0.637734,
0.995747,-0.0880593,-0.0270999,
-0.088059,-0.823082,-0.561055,
0.0271006,0.561055,-0.827335,
0.995458,-0.0940289,-0.0148855,
-0.0940288,-0.94667,-0.308179,
0.0148861,0.308179,-0.951212,
0.995346,-0.0963571,-0.00148853,
-0.0963571,-0.99487,-0.0308217,
0.00148899,0.0308217,-0.999524,
0.995418,-0.0948588,0.0120267,
-0.0948589,-0.963851,0.248984,
-0.0120265,-0.248984,-0.968433,
0.99567,-0.0896533,0.0245865,
-0.0896532,-0.856078,0.509011,
-0.0245865,-0.509011,-0.860409,
0.99608,-0.0811538,0.0351931,
-0.0811537,-0.680114,0.728601,
-0.0351935,-0.728601,-0.684034,
0.996617,-0.0700358,0.043004,
-0.0700354,-0.449935,0.890311,
-0.0430046,-0.890311,-0.453318,
0.997238,-0.0571824,0.0473986,
-0.0571817,-0.183829,0.981294,
-0.0473995,-0.981294,-0.186591,
0.997893,-0.0436147,0.0480279,
-0.0436135,0.0970664,0.994322,
-0.0480289,-0.994322,0.0949597,
0.998531,-0.0304105,0.0448418,
-0.0304089,0.370435,0.92836,
-0.0448428,-0.92836,0.368966,
0.999101,-0.0186188,0.0380934,
-0.0186167,0.614561,0.788649,
-0.0380944,-0.788649,0.613662,
0.999557,-0.00917629,0.0283189,
-0.00917382,0.810051,0.586287,
-0.0283197,-0.586287,0.809608,
0.999863,-0.00283318,0.0162947,
-0.00283033,0.941375,0.33735,
-0.0162952,-0.33735,0.941238,
0.999996,-9.33453e-05,0.00297608,
-9.0201e-05,0.9981,0.061614,
-0.00297618,-0.061614,0.998096,
0.999943,-0.00117443,-0.010579,
-0.00117112,0.97572,-0.219017,
0.0105793,0.219017,0.975664,
0.999711,-0.00599057,-0.0232936,
-0.00598723,0.876014,-0.482249,
0.0232945,0.482249,0.875724,
0.999316,-0.0141592,-0.0341578,
-0.0141559,0.706901,-0.707171,
0.0341591,0.707171,0.706217,
0.998791,-0.0250313,-0.0423084,
-0.0250284,0.481816,-0.875915,
0.0423102,0.875915,0.480607,
0.998177,-0.0377433,-0.047098,
-0.0377407,0.21864,-0.975075,
0.0471001,0.975075,0.216817,
0.997523,-0.0512853,-0.0481462,
-0.0512832,-0.0617191,-0.996775,
0.0481484,0.996775,-0.0641963,
0.996881,-0.0645816,-0.0453695,
-0.06458,-0.336991,-0.93929,
0.0453718,0.93929,-0.34011,
0.996301,-0.0765758,-0.0389887,
-0.0765747,-0.585307,-0.807188,
0.0389907,0.807188,-0.589006,
0.995831,-0.0863152,-0.0295105,
-0.0863146,-0.786941,-0.610962,
0.0295123,0.610962,-0.79111,
0.995507,-0.093026,-0.017688,
-0.0930258,-0.925874,-0.3662,
0.0176893,0.3662,-0.930368,
0.995354,-0.0961752,-0.00446037,
-0.0961752,-0.991071,-0.0923477,
0.00446102,0.0923477,-0.995717,
0.995386,-0.0955126,0.00912162,
-0.0955125,-0.977352,0.188841,
-0.00912166,-0.188841,-0.981965,
0.9956,-0.0910907,0.021979,
-0.0910906,-0.885806,0.455028,
-0.0219797,-0.455028,-0.890206,
0.995978,-0.083261,0.0330903,
-0.0832605,-0.723706,0.685068,
-0.0330917,-0.685067,-0.727728,
0.996491,-0.0726454,0.041573,
-0.0726443,-0.503929,0.860685,
-0.041575,-0.860685,-0.507438,
0.997098,-0.0600872,0.0467531,
-0.0600854,-0.243935,0.967928,
-0.0467554,-0.967928,-0.246838,
0.99775,-0.0465841,0.048219,
-0.0465814,0.0356219,0.998279,
-0.0482216,-0.998279,0.0333718,
0.998396,-0.0332088,0.0458545,
-0.0332052,0.312534,0.949326,
-0.045857,-0.949326,0.31093,
0.998985,-0.0210237,0.0398472,
-0.0210193,0.564804,0.824958,
-0.0398495,-0.824958,0.563788,
0.999469,-0.010997,0.0306744,
-0.0109918,0.772389,0.635054,
-0.0306763,-0.635054,0.771858,
0.999811,-0.00392512,0.0190649,
-0.00391928,0.918801,0.394701,
-0.0190661,-0.394701,0.918612,
0.999982,-0.000369884,0.00594083,
-0.000363614,0.992407,0.122993,
-0.00594122,-0.122993,0.99239,
0.999971,-0.000613732,-0.00765516,
-0.000607274,0.987361,-0.158485,
0.00765568,0.158485,0.987332,
0.999776,-0.0046373,-0.020643,
-0.00463091,0.904063,-0.427374,
0.0206445,0.427374,0.903839,
0.999415,-0.012121,-0.031991,
-0.0121149,0.749131,-0.662311,
0.0319933,0.662311,0.748545,
0.998915,-0.0224702,-0.0407975,
-0.0224647,0.534872,-0.844635,
0.0408005,0.844635,0.533786,
0.998316,-0.0348629,-0.0463631,
-0.0348582,0.278307,-0.959859,
0.0463666,0.959859,0.276623,
0.997666,-0.0483145,-0.0482455,
-0.0483107,-0.000181744,-0.998832,
0.0482493,0.998832,-0.00251543,
0.997017,-0.0617565,-0.0462953,
-0.0617537,-0.278471,-0.958457,
0.0462991,0.958457,-0.281454,
0.99642,-0.0741211,-0.0406673,
-0.0741192,-0.534453,-0.841942,
0.0406708,0.841942,-0.538034,
0.995922,-0.0844259,-0.0318087,
-0.0844248,-0.747794,-0.658542,
0.0318116,0.658542,-0.751872,
0.995563,-0.0918524,-0.0204232,
-0.0918519,-0.901544,-0.422827,
0.0204252,0.422827,-0.90598,
0.995372,-0.0958106,-0.00741521,
-0.0958105,-0.983489,-0.153522,
0.00741625,0.153522,-0.988117,
0.995363,-0.095986,0.00618184,
-0.095986,-0.987121,0.127979,
-0.00618193,-0.127979,-0.991758,
0.995538,-0.0923648,0.0192878,
-0.0923646,-0.91215,0.399312,
-0.019289,-0.399312,-0.916612,
0.995883,-0.0852346,0.0308616,
-0.0852338,-0.764533,0.638925,
-0.0308638,-0.638925,-0.76865,
0.996369,-0.0751619,0.0399836,
-0.0751602,-0.555995,0.82778,
-0.0399868,-0.82778,-0.559626,
0.996959,-0.0629468,0.0459294,
-0.062944,-0.303104,0.950876,
-0.0459332,-0.950876,-0.306145,
0.997606,-0.0495597,0.0482265,
-0.0495557,-0.0259495,0.998434,
-0.0482307,-0.998434,-0.0283433,
0.998258,-0.0360642,0.0466925,
-0.0360588,0.253452,0.966676,
-0.0466966,-0.966676,0.25171,
0.998863,-0.0235322,0.0414492,
-0.0235255,0.512903,0.858124,
-0.041453,-0.858124,0.511767,
0.999374,-0.0129594,0.0329131,
-0.0129516,0.731795,0.681402,
-0.0329162,-0.681402,0.731169,
0.99975,-0.00518566,0.0217625,
-0.00517692,0.892737,0.450549,
-0.0217645,-0.450549,0.892486,
0.99996,-0.00082857,0.00888296,
-0.000819209,0.982944,0.183904,
-0.00888382,-0.183904,0.982904,
0.999989,-0.000234249,-0.0047022,
-0.000224625,0.99525,-0.09735,
0.00470267,0.09735,0.995239,
0.999834,-0.00344992,-0.0179138,
-0.00344042,0.928678,-0.370871,
0.0179156,0.370871,0.928512,
0.999507,-0.0102201,-0.0297023,
-0.0102111,0.788516,-0.614929,
0.0297054,0.614929,0.788023,
0.999034,-0.020007,-0.0391312,
-0.0199989,0.585899,-0.810137,
0.0391354,0.810137,0.584933,
0.998453,-0.0320332,-0.0454516,
-0.0320262,0.336922,-0.940988,
0.0454565,0.940987,0.335375,
0.99781,-0.0453433,-0.0481611,
-0.0453376,0.0613652,-0.997085,
0.0481665,0.997085,0.059175,
0.997156,-0.0588798,-0.0470448,
-0.0588755,-0.218882,-0.973974,
0.0470502,0.973973,-0.221726,
0.996543,-0.0715676,-0.0421911,
-0.0715647,-0.481556,-0.873489,
0.0421961,0.873489,-0.485013,
0.99602,-0.0823986,-0.0339858,
-0.0823969,-0.70579,-0.703613,
0.0339899,0.703613,-0.70977,
0.995628,-0.0905124,-0.0230806,
-0.0905117,-0.87377,-0.477843,
0.0230836,0.477842,-0.878142,
0.995398,-0.0952646,-0.0103418,
-0.0952644,-0.972153,-0.214112,
0.0103434,0.214111,-0.976754,
0.995349,-0.0962775,0.00321852,
-0.0962775,-0.993122,0.0666287,
-0.00321846,-0.0666287,-0.997773,
0.995485,-0.0934707,0.0165232,
-0.0934704,-0.935012,0.342076,
-0.0165247,-0.342076,-0.939527,
0.995794,-0.0870672,0.0285152,
-0.0870662,-0.802439,0.590348,
-0.0285182,-0.590348,-0.806645,
0.996253,-0.0775757,0.038242,
-0.0775736,-0.605935,0.791723,
-0.0382463,-0.791723,-0.609682,
0.996824,-0.0657502,0.0449308,
-0.0657466,-0.36111,0.930203,
-0.044936,-0.930202,-0.364286,
0.997463,-0.0525301,0.0480503,
-0.0525249,-0.0874131,0.994786,
-0.048056,-0.994786,-0.0899504,
0.998118,-0.0389657,0.0473527,
-0.0389588,0.193413,0.980344,
-0.0473584,-0.980343,0.191531,
0.998738,-0.0261346,0.0428933,
-0.0261259,0.459059,0.888022,
-0.0428986,-0.888021,0.457796,
0.999273,-0.015056,0.0350265,
-0.0150457,0.688422,0.725155,
-0.0350309,-0.725154,0.687695,
0.999681,-0.00661001,0.0243771,
-0.00659848,0.863281,0.504681,
-0.0243803,-0.504681,0.862962,
0.999929,-0.00146766,0.0117912,
-0.00145526,0.969745,0.244115,
-0.0117928,-0.244115,0.969675,
0.999999,-3.74358e-05,-0.00173133,
-2.4646e-05,0.999357,-0.0358439,
0.00173156,0.0358439,0.999356,
0.999883,-0.00243296,-0.0151164,
-0.00242029,0.949765,-0.312955,
0.0151184,0.312955,0.949648,
0.999591,-0.00846394,-0.0273005,
-0.00845189,0.824907,-0.565205,
0.0273043,0.565205,0.824499,
0.999148,-0.0176513,-0.0373159,
-0.0176403,0.634703,-0.772555,
0.0373211,0.772554,0.633851,
0.998587,-0.0292651,-0.0443669,
-0.0292556,0.394263,-0.918532,
0.0443732,0.918532,0.39285,
0.997953,-0.0423829,-0.0478933,
-0.0423751,0.122687,-0.99154,
0.0479002,0.99154,0.12064,
0.997297,-0.0559624,-0.0476151,
-0.0559565,-0.15845,-0.98578,
0.047622,0.98578,-0.161153,
0.996671,-0.0689251,-0.0435542,
-0.0689209,-0.426815,-0.901709,
0.0435608,0.901709,-0.430144,
0.996124,-0.080241,-0.0360334,
-0.0802385,-0.661088,-0.746005,
0.036039,0.746005,-0.664964,
0.9957,-0.0890113,-0.02565,
-0.0890101,-0.84266,-0.531038,
0.0256542,0.531038,-0.846959,
0.995433,-0.0945393,-0.013229,
-0.094539,-0.957105,-0.273886,
0.0132314,0.273885,-0.961671,
