1,0,0,
0,1,0,
0,0,1,
1,1.43063e-18,-3.48464e-08,
1.43063e-18,1,8.98067e-11,
3.48464e-08,-8.98067e-11,1,
1,1.39843e-17,-1.04539e-07,
1.39843e-17,1,2.6942e-10,
1.04539e-07,-2.6942e-10,1,
1,5.61694e-17,-2.09078e-07,
5.61694e-17,1,5.3884e-10,
2.09078e-07,-5.3884e-10,1,
1,1.56169e-16,-3.48464e-07,
1.56169e-16,1,8.98067e-10,
3.48464e-07,-8.98067e-10,1,
1,3.5184e-16,-5.22696e-07,
3.5184e-16,1,1.3471e-09,
5.22696e-07,-1.3471e-09,1,
1,6.89857e-16,-7.31775e-07,
6.89857e-16,1,1.88594e-09,
7.31775e-07,-1.88594e-09,1,
1,1.22657e-15,-9.75699e-07,
1.22657e-15,1,2.51459e-09,
9.75699e-07,-2.51459e-09,1,
1,2.02771e-15,-1.25447e-06,
2.02771e-15,1,3.23304e-09,
1.25447e-06,-3.23304e-09,1,
1,3.1684e-15,-1.56809e-06,
3.1684e-15,1,4.0413e-09,
1.56809e-06,-4.0413e-09,1,
1,4.73316e-15,-1.91655e-06,
4.73316e-15,1,4.93937e-09,
1.91655e-06,-4.93937e-09,1,
1,6.81588e-15,-2.29986e-06,
6.81588e-15,1,5.92724e-09,
2.29986e-06,-5.92724e-09,1,
1,9.51958e-15,-2.71802e-06,
9.51958e-15,1,7.00492e-09,
2.71802e-06,-7.00492e-09,1,
1,1.29572e-14,-3.17102e-06,
1.29572e-14,1,8.17241e-09,
3.17102e-06,-8.17241e-09,1,
1,1.72508e-14,-3.65887e-06,
1.72508e-14,1,9.4297e-09,
3.65887e-06,-9.4297e-09,1,
1,2.25317e-14,-4.18157e-06,
2.25317e-14,1,1.07768e-08,
4.18157e-06,-1.07768e-08,1,
1,2.89408e-14,-4.73911e-06,
2.89408e-14,1,1.22137e-08,
4.73911e-06,-1.22137e-08,1,
1,3.66281e-14,-5.3315e-06,
3.66281e-14,1,1.37404e-08,
5.3315e-06,-1.37404e-08,1,
1,4.57536e-14,-5.95874e-06,
4.57536e-14,1,1.53569e-08,
5.95874e-06,-1.53569e-08,1,
1,5.6486e-14,-6.62082e-06,
5.6486e-14,1,1.70633e-08,
6.62082e-06,-1.70633e-08,1,
1,6.90036e-14,-7.31775e-06,
6.90036e-14,1,1.88594e-08,
7.31775e-06,-1.88594e-08,1,
1,8.34946e-14,-8.04952e-06,
8.34946e-14,1,2.07453e-08,
8.04952e-06,-2.07453e-08,1,
1,1.00156e-13,-8.81614e-06,
1.00156e-13,1,2.27211e-08,
8.81614e-06,-2.27211e-08,1,
1,1.19194e-13,-9.61761e-06,
1.19194e-13,1,2.47866e-08,
9.61761e-06,-2.47866e-08,1,
1,1.40824e-13,-1.04539e-05,
1.40824e-13,1,2.6942e-08,
1.04539e-05,-2.6942e-08,1,
1,1.65273e-13,-1.13251e-05,
1.65273e-13,1,2.91872e-08,
1.13251e-05,-2.91872e-08,1,
1,1.92775e-13,-1.22311e-05,
1.92775e-13,1,3.15221e-08,
1.22311e-05,-3.15221e-08,1,
1,2.23573e-13,-1.31719e-05,
2.23573e-13,1,3.39469e-08,
1.31719e-05,-3.39469e-08,1,
1,2.57922e-13,-1.41476e-05,
2.57922e-13,1,3.64615e-08,
1.41476e-05,-3.64615e-08,1,
1,2.96084e-13,-1.51582e-05,
2.96084e-13,1,3.90659e-08,
1.51582e-05,-3.90659e-08,1,
1,3.38331e-13,-1.62036e-05,
3.38331e-13,1,4.17601e-08,
1.62036e-05,-4.17601e-08,1,
1,3.84946e-13,-1.72838e-05,
3.84946e-13,1,4.45441e-08,
1.72838e-05,-4.45441e-08,1,
1,4.36219e-13,-1.83989e-05,
4.36219e-13,1,4.74179e-08,
1.83989e-05,-4.74179e-08,1,
1,4.9245e-13,-1.95488e-05,
4.9245e-13,1,5.03815e-08,
1.95488e-05,-5.03815e-08,1,
1,5.5395e-13,-2.07336e-05,
5.5395e-13,1,5.3435e-08,
2.07336e-05,-5.3435e-08,1,
1,6.21037e-13,-2.19532e-05,
6.21037e-13,1,5.65782e-08,
2.19532e-05,-5.65782e-08,1,
1,6.9404e-13,-2.32077e-05,
6.9404e-13,1,5.98112e-08,
2.32077e-05,-5.98112e-08,1,
1,7.73298e-13,-2.4497e-05,
7.73298e-13,1,6.31341e-08,
2.4497e-05,-6.31341e-08,1,
1,8.59158e-13,-2.58212e-05,
8.59158e-13,1,6.65467e-08,
2.58212e-05,-6.65467e-08,1,
1,9.51975e-13,-2.71802e-05,
9.51975e-13,1,7.00492e-08,
2.71802e-05,-7.00492e-08,1,
1,1.05212e-12,-2.85741e-05,
1.05212e-12,1,7.36415e-08,
2.85741e-05,-7.36415e-08,1,
1,1.15996e-12,-3.00028e-05,
1.15996e-12,1,7.73235e-08,
3.00028e-05,-7.73235e-08,1,
1,1.27589e-12,-3.14663e-05,
1.27589e-12,1,8.10954e-08,
3.14663e-05,-8.10954e-08,1,
1,1.40029e-12,-3.29647e-05,
1.40029e-12,1,8.49571e-08,
3.29647e-05,-8.49571e-08,1,
1,1.53358e-12,-3.44979e-05,
1.53358e-12,1,8.89086e-08,
3.44979e-05,-8.89086e-08,1,
1,1.67617e-12,-3.6066e-05,
1.67617e-12,1,9.29499e-08,
3.6066e-05,-9.29499e-08,1,
1,1.82847e-12,-3.7669e-05,
1.82847e-12,1,9.7081e-08,
3.7669e-05,-9.7081e-08,1,
1,1.99092e-12,-3.93068e-05,
1.99092e-12,1,1.01302e-07,
3.93068e-05,-1.01302e-07,1,
1,2.16397e-12,-4.09794e-05,
2.16397e-12,1,1.05613e-07,
4.09794e-05,-1.05613e-07,1,
1,2.34806e-12,-4.26869e-05,
2.34806e-12,1,1.10013e-07,
4.26869e-05,-1.10013e-07,1,
1,2.54365e-12,-4.44292e-05,
2.54365e-12,1,1.14503e-07,
4.44292e-05,-1.14503e-07,1,
1,2.75121e-12,-4.62063e-05,
2.75121e-12,1,1.19084e-07,
4.62063e-05,-1.19084e-07,1,
1,2.97122e-12,-4.80184e-05,
2.97122e-12,1,1.23754e-07,
4.80184e-05,-1.23754e-07,1,
1,3.20417e-12,-4.98652e-05,
3.20417e-12,1,1.28513e-07,
4.98652e-05,-1.28513e-07,1,
1,3.45056e-12,-5.17469e-05,
3.45056e-12,1,1.33363e-07,
5.17469e-05,-1.33363e-07,1,
1,3.71089e-12,-5.36635e-05,
3.71089e-12,1,1.38302e-07,
5.36635e-05,-1.38302e-07,1,
1,3.98568e-12,-5.56149e-05,
3.98568e-12,1,1.43331e-07,
5.56149e-05,-1.43331e-07,1,
1,4.27546e-12,-5.76011e-05,
4.27546e-12,1,1.4845e-07,
5.76011e-05,-1.4845e-07,1,
1,4.58075e-12,-5.96222e-05,
4.58075e-12,1,1.53659e-07,
5.96222e-05,-1.53659e-07,1,
1,4.90211e-12,-6.16781e-05,
4.90211e-12,1,1.58958e-07,
6.16781e-05,-1.58958e-07,1,
1,5.24009e-12,-6.37689e-05,
5.24009e-12,1,1.64346e-07,
6.37689e-05,-1.64346e-07,1,
1,5.59525e-12,-6.58946e-05,
5.59525e-12,1,1.69824e-07,
6.58946e-05,-1.69824e-07,1,
1,5.96817e-12,-6.8055e-05,
5.96817e-12,1,1.75392e-07,
6.8055e-05,-1.75392e-07,1,
1,6.35942e-12,-7.02504e-05,
6.35942e-12,1,1.8105e-07,
7.02504e-05,-1.8105e-07,1,
1,6.7696e-12,-7.24805e-05,
6.7696e-12,1,1.86798e-07,
7.24805e-05,-1.86798e-07,1,
1,7.19932e-12,-7.47455e-05,
7.19932e-12,1,1.92635e-07,
7.47455e-05,-1.92635e-07,1,
1,7.64917e-12,-7.70454e-05,
7.64917e-12,1,1.98563e-07,
7.70454e-05,-1.98563e-07,1,
1,8.11978e-12,-7.93801e-05,
8.11978e-12,1,2.0458e-07,
7.93801e-05,-2.0458e-07,1,
1,8.61177e-12,-8.17497e-05,
8.61177e-12,1,2.10686e-07,
8.17497e-05,-2.10686e-07,1,
1,9.1258e-12,-8.41541e-05,
9.1258e-12,1,2.16883e-07,
8.41541e-05,-2.16883e-07,1,
1,9.6625e-12,-8.65933e-05,
9.6625e-12,1,2.2317e-07,
8.65933e-05,-2.2317e-07,1,
1,1.02225e-11,-8.90674e-05,
1.02225e-11,1,2.29546e-07,
8.90674e-05,-2.29546e-07,1,
1,1.08066e-11,-9.15764e-05,
1.08066e-11,1,2.36012e-07,
9.15764e-05,-2.36012e-07,1,
1,1.14153e-11,-9.41202e-05,
1.14153e-11,1,2.42568e-07,
9.41202e-05,-2.42568e-07,1,
1,1.20493e-11,-9.66988e-05,
1.20493e-11,1,2.49213e-07,
9.66988e-05,-2.49213e-07,1,
1,1.27094e-11,-9.93123e-05,
1.27094e-11,1,2.55949e-07,
9.93123e-05,-2.55949e-07,1,
1,1.33963e-11,-0.000101961,
1.33963e-11,1,2.62774e-07,
0.000101961,-2.62774e-07,1,
1,1.41107e-11,-0.000104644,
1.41107e-11,1,2.69689e-07,
0.000104644,-2.69689e-07,1,
1,1.48532e-11,-0.000107362,
1.48532e-11,1,2.76694e-07,
0.000107362,-2.76694e-07,1,
1,1.56247e-11,-0.000110115,
1.56247e-11,1,2.83789e-07,
0.000110115,-2.83789e-07,1,
1,1.64258e-11,-0.000112902,
1.64258e-11,1,2.90974e-07,
0.000112902,-2.90974e-07,1,
1,1.72574e-11,-0.000115725,
1.72574e-11,1,2.98248e-07,
0.000115725,-2.98248e-07,1,
1,1.81201e-11,-0.000118582,
1.81201e-11,1,3.05612e-07,
0.000118582,-3.05612e-07,1,
1,1.90148e-11,-0.000121475,
1.90148e-11,1,3.13066e-07,
0.000121475,-3.13066e-07,1,
1,1.99422e-11,-0.000124402,
1.99422e-11,1,3.2061e-07,
0.000124402,-3.2061e-07,1,
1,2.09031e-11,-0.000127364,
2.09031e-11,1,3.28243e-07,
0.000127364,-3.28243e-07,1,
1,2.18984e-11,-0.00013036,
2.18984e-11,1,3.35967e-07,
0.00013036,-3.35967e-07,1,
1,2.29288e-11,-0.000133392,
2.29288e-11,1,3.4378e-07,
0.000133392,-3.4378e-07,1,
1,2.39951e-11,-0.000136459,
2.39951e-11,1,3.51683e-07,
0.000136459,-3.51683e-07,1,
1,2.50981e-11,-0.00013956,
2.50981e-11,1,3.59676e-07,
0.00013956,-3.59676e-07,1,
1,2.62388e-11,-0.000142696,
2.62388e-11,1,3.67758e-07,
0.000142696,-3.67758e-07,1,
1,2.7418e-11,-0.000145867,
2.7418e-11,1,3.75931e-07,
0.000145867,-3.75931e-07,1,
1,2.86364e-11,-0.000149073,
2.86364e-11,1,3.84193e-07,
0.000149073,-3.84193e-07,1,
1,2.9895e-11,-0.000152314,
2.9895e-11,1,3.92545e-07,
0.000152314,-3.92545e-07,1,
1,3.11946e-11,-0.000155589,
3.11946e-11,1,4.00987e-07,
0.000155589,-4.00987e-07,1,
1,3.25362e-11,-0.0001589,
3.25362e-11,1,4.09518e-07,
0.0001589,-4.09518e-07,1,
1,3.39205e-11,-0.000162245,
3.39205e-11,1,4.1814e-07,
0.000162245,-4.1814e-07,1,
1,3.53486e-11,-0.000165625,
3.53486e-11,1,4.26851e-07,
0.000165625,-4.26851e-07,1,
1,3.68213e-11,-0.00016904,
3.68213e-11,1,4.35652e-07,
0.00016904,-4.35652e-07,1,
1,3.83396e-11,-0.00017249,
3.83396e-11,1,4.44543e-07,
0.00017249,-4.44543e-07,1,
1,3.99043e-11,-0.000175974,
3.99043e-11,1,4.53524e-07,
0.000175974,-4.53524e-07,1,
1,4.15164e-11,-0.000179494,
4.15164e-11,1,4.62594e-07,
0.000179494,-4.62594e-07,1,
1,4.31769e-11,-0.000183048,
4.31769e-11,1,4.71754e-07,
0.000183048,-4.71754e-07,1,
1,4.48867e-11,-0.000186637,
4.48867e-11,1,4.81005e-07,
0.000186637,-4.81005e-07,1,
1,4.66468e-11,-0.000190261,
4.66468e-11,1,4.90344e-07,
0.000190261,-4.90344e-07,1,
1,4.84582e-11,-0.00019392,
4.84582e-11,1,4.99774e-07,
0.00019392,-4.99774e-07,1,
1,5.03218e-11,-0.000197614,
5.03218e-11,1,5.09294e-07,
0.000197614,-5.09294e-07,1,
1,5.22386e-11,-0.000201343,
5.22386e-11,1,5.18903e-07,
0.000201343,-5.18903e-07,1,
1,5.42097e-11,-0.000205106,
5.42097e-11,1,5.28602e-07,
0.000205106,-5.28602e-07,1,
1,5.62361e-11,-0.000208904,
5.62361e-11,1,5.38391e-07,
0.000208904,-5.38391e-07,1,
1,5.83187e-11,-0.000212737,
5.83187e-11,1,5.4827e-07,
0.000212737,-5.4827e-07,1,
1,6.04587e-11,-0.000216605,
6.04587e-11,1,5.58238e-07,
0.000216605,-5.58238e-07,1,
1,6.2657e-11,-0.000220508,
6.2657e-11,1,5.68297e-07,
0.000220508,-5.68297e-07,1,
1,6.49147e-11,-0.000224446,
6.49147e-11,1,5.78445e-07,
0.000224446,-5.78445e-07,1,
1,6.72329e-11,-0.000228418,
6.72329e-11,1,5.88683e-07,
0.000228418,-5.88683e-07,1,
1,6.96127e-11,-0.000232426,
6.96127e-11,1,5.9901e-07,
0.000232426,-5.9901e-07,1,
1,7.2055e-11,-0.000236468,
7.2055e-11,1,6.09428e-07,
0.000236468,-6.09428e-07,1,
1,7.45611e-11,-0.000240545,
7.45611e-11,1,6.19935e-07,
0.000240545,-6.19935e-07,1,
1,7.7132e-11,-0.000244657,
7.7132e-11,1,6.30533e-07,
0.000244657,-6.30533e-07,1,
1,7.97688e-11,-0.000248803,
7.97688e-11,1,6.4122e-07,
0.000248803,-6.4122e-07,1,
1,8.24726e-11,-0.000252985,
8.24726e-11,1,6.51996e-07,
0.000252985,-6.51996e-07,1,
1,8.52446e-11,-0.000257201,
8.52446e-11,1,6.62863e-07,
0.000257201,-6.62863e-07,1,
1,8.80859e-11,-0.000261453,
8.80859e-11,1,6.73819e-07,
0.000261453,-6.73819e-07,1,
1,9.09977e-11,-0.000265739,
9.09977e-11,1,6.84866e-07,
0.000265739,-6.84866e-07,1,
1,9.3981e-11,-0.00027006,
9.3981e-11,1,6.96002e-07,
0.00027006,-6.96002e-07,1,
1,9.70371e-11,-0.000274415,
9.70371e-11,1,7.07227e-07,
0.000274415,-7.07227e-07,1,
1,1.00167e-10,-0.000278806,
1.00167e-10,1,7.18543e-07,
0.000278806,-7.18543e-07,1,
1,1.03372e-10,-0.000283232,
1.03372e-10,1,7.29949e-07,
0.000283232,-7.29949e-07,1,
1,1.06654e-10,-0.000287692,
1.06654e-10,1,7.41444e-07,
0.000287692,-7.41444e-07,1,
1,1.10013e-10,-0.000292187,
1.10013e-10,1,7.53029e-07,
0.000292187,-7.53029e-07,1,
1,1.1345e-10,-0.000296717,
1.1345e-10,1,7.64704e-07,
0.000296717,-7.64704e-07,1,
1,1.16968e-10,-0.000301282,
1.16968e-10,1,7.76468e-07,
0.000301282,-7.76468e-07,1,
1,1.20567e-10,-0.000305882,
1.20567e-10,1,7.88323e-07,
0.000305882,-7.88323e-07,1,
1,1.24248e-10,-0.000310516,
1.24248e-10,1,8.00267e-07,
0.000310516,-8.00267e-07,1,
1,1.28013e-10,-0.000315186,
1.28013e-10,1,8.12301e-07,
0.000315186,-8.12301e-07,1,
1,1.31863e-10,-0.00031989,
1.31863e-10,1,8.24425e-07,
0.00031989,-8.24425e-07,1,
1,1.35799e-10,-0.000324629,
1.35799e-10,1,8.36639e-07,
0.000324629,-8.36639e-07,1,
1,1.39822e-10,-0.000329403,
1.39822e-10,1,8.48942e-07,
0.000329403,-8.48942e-07,1,
1,1.43934e-10,-0.000334212,
1.43934e-10,1,8.61336e-07,
0.000334212,-8.61336e-07,1,
1,1.48137e-10,-0.000339056,
1.48137e-10,1,8.73819e-07,
0.000339056,-8.73819e-07,1,
1,1.5243e-10,-0.000343934,
1.5243e-10,1,8.86392e-07,
0.000343934,-8.86392e-07,1,
1,1.56816e-10,-0.000348847,
1.56816e-10,1,8.99055e-07,
0.000348847,-8.99055e-07,1,
1,1.61297e-10,-0.000353796,
1.61297e-10,1,9.11807e-07,
0.000353796,-9.11807e-07,1,
1,1.65872e-10,-0.000358779,
1.65872e-10,1,9.24649e-07,
0.000358779,-9.24649e-07,1,
1,1.70544e-10,-0.000363797,
1.70544e-10,1,9.37582e-07,
0.000363797,-9.37582e-07,1,
1,1.75315e-10,-0.000368849,
1.75315e-10,1,9.50604e-07,
0.000368849,-9.50604e-07,1,
1,1.80184e-10,-0.000373937,
1.80184e-10,1,9.63715e-07,
0.000373937,-9.63715e-07,1,
1,1.85155e-10,-0.000379059,
1.85155e-10,1,9.76917e-07,
0.000379059,-9.76917e-07,1,
1,1.90227e-10,-0.000384217,
1.90227e-10,1,9.90208e-07,
0.000384217,-9.90208e-07,1,
1,1.95403e-10,-0.000389409,
1.95403e-10,1,1.00359e-06,
0.000389409,-1.00359e-06,1,
1,2.00684e-10,-0.000394636,
2.00684e-10,1,1.01706e-06,
0.000394636,-1.01706e-06,1,
1,2.06071e-10,-0.000399897,
2.06071e-10,1,1.03062e-06,
0.000399897,-1.03062e-06,1,
1,2.11566e-10,-0.000405194,
2.11566e-10,1,1.04427e-06,
0.000405194,-1.04427e-06,1,
1,2.17171e-10,-0.000410526,
2.17171e-10,1,1.05801e-06,
0.000410526,-1.05801e-06,1,
1,2.22885e-10,-0.000415892,
2.22885e-10,1,1.07184e-06,
0.000415892,-1.07184e-06,1,
1,2.28712e-10,-0.000421293,
2.28712e-10,1,1.08576e-06,
0.000421293,-1.08576e-06,1,
1,2.34652e-10,-0.000426729,
2.34652e-10,1,1.09977e-06,
0.000426729,-1.09977e-06,1,
1,2.40708e-10,-0.0004322,
2.40708e-10,1,1.11387e-06,
0.0004322,-1.11387e-06,1,
1,2.4688e-10,-0.000437706,
2.4688e-10,1,1.12806e-06,
0.000437706,-1.12806e-06,1,
1,2.53169e-10,-0.000443246,
2.53169e-10,1,1.14234e-06,
0.000443246,-1.14234e-06,1,
1,2.59578e-10,-0.000448822,
2.59578e-10,1,1.15671e-06,
0.000448822,-1.15671e-06,1,
1,2.66108e-10,-0.000454432,
2.66108e-10,1,1.17117e-06,
0.000454432,-1.17117e-06,1,
1,2.72761e-10,-0.000460077,
2.72761e-10,1,1.18572e-06,
0.000460077,-1.18572e-06,1,
1,2.79537e-10,-0.000465757,
2.79537e-10,1,1.20036e-06,
0.000465757,-1.20036e-06,1,
1,2.86439e-10,-0.000471472,
2.86439e-10,1,1.21508e-06,
0.000471472,-1.21508e-06,1,
1,2.93468e-10,-0.000477222,
2.93468e-10,1,1.2299e-06,
0.000477222,-1.2299e-06,1,
1,3.00625e-10,-0.000483006,
3.00625e-10,1,1.24481e-06,
0.000483006,-1.24481e-06,1,
1,3.07913e-10,-0.000488825,
3.07913e-10,1,1.25981e-06,
0.000488825,-1.25981e-06,1,
1,3.15332e-10,-0.00049468,
3.15332e-10,1,1.2749e-06,
0.00049468,-1.2749e-06,1,
1,3.22885e-10,-0.000500569,
3.22885e-10,1,1.29007e-06,
0.000500569,-1.29007e-06,1,
1,3.30572e-10,-0.000506493,
3.30572e-10,1,1.30534e-06,
0.000506493,-1.30534e-06,1,
1,3.38396e-10,-0.000512451,
3.38396e-10,1,1.3207e-06,
0.000512451,-1.3207e-06,1,
1,3.46358e-10,-0.000518445,
3.46358e-10,1,1.33614e-06,
0.000518445,-1.33614e-06,1,
1,3.5446e-10,-0.000524473,
3.5446e-10,1,1.35168e-06,
0.000524473,-1.35168e-06,1,
1,3.62703e-10,-0.000530537,
3.62703e-10,1,1.36731e-06,
0.000530537,-1.36731e-06,1,
1,3.71089e-10,-0.000536635,
3.71089e-10,1,1.38302e-06,
0.000536635,-1.38302e-06,1,
1,3.79619e-10,-0.000542768,
3.79619e-10,1,1.39883e-06,
0.000542768,-1.39883e-06,1,
1,3.88296e-10,-0.000548935,
3.88296e-10,1,1.41472e-06,
0.000548935,-1.41472e-06,1,
1,3.97121e-10,-0.000555138,
3.97121e-10,1,1.43071e-06,
0.000555138,-1.43071e-06,1,
1,4.06095e-10,-0.000561376,
4.06095e-10,1,1.44679e-06,
0.000561376,-1.44679e-06,1,
1,4.1522e-10,-0.000567648,
4.1522e-10,1,1.46295e-06,
0.000567648,-1.46295e-06,1,
1,4.24499e-10,-0.000573955,
4.24499e-10,1,1.47921e-06,
0.000573955,-1.47921e-06,1,
1,4.33932e-10,-0.000580297,
4.33932e-10,1,1.49555e-06,
0.000580297,-1.49555e-06,1,
1,4.43521e-10,-0.000586674,
4.43521e-10,1,1.51198e-06,
0.000586674,-1.51198e-06,1,
1,4.53269e-10,-0.000593086,
4.53269e-10,1,1.52851e-06,
0.000593086,-1.52851e-06,1,
1,4.63176e-10,-0.000599532,
4.63176e-10,1,1.54512e-06,
0.000599532,-1.54512e-06,1,
1,4.73245e-10,-0.000606014,
4.73245e-10,1,1.56183e-06,
0.000606014,-1.56183e-06,1,
1,4.83477e-10,-0.00061253,
4.83477e-10,1,1.57862e-06,
0.00061253,-1.57862e-06,1,
1,4.93874e-10,-0.000619081,
4.93874e-10,1,1.59551e-06,
0.000619081,-1.59551e-06,1,
1,5.04438e-10,-0.000625667,
5.04438e-10,1,1.61248e-06,
0.000625667,-1.61248e-06,1,
1,5.1517e-10,-0.000632288,
5.1517e-10,1,1.62954e-06,
0.000632288,-1.62954e-06,1,
1,5.26073e-10,-0.000638944,
5.26073e-10,1,1.64669e-06,
0.000638944,-1.64669e-06,1,
1,5.37148e-10,-0.000645634,
5.37148e-10,1,1.66394e-06,
0.000645634,-1.66394e-06,1,
1,5.48397e-10,-0.00065236,
5.48397e-10,1,1.68127e-06,
0.00065236,-1.68127e-06,1,
1,5.59821e-10,-0.00065912,
5.59821e-10,1,1.69869e-06,
0.00065912,-1.69869e-06,1,
1,5.71423e-10,-0.000665915,
5.71423e-10,1,1.71621e-06,
0.000665915,-1.71621e-06,1,
1,5.83205e-10,-0.000672745,
5.83205e-10,1,1.73381e-06,
0.000672745,-1.73381e-06,1,
1,5.95168e-10,-0.000679609,
5.95168e-10,1,1.7515e-06,
0.000679609,-1.7515e-06,1,
1,6.07314e-10,-0.000686509,
6.07314e-10,1,1.76928e-06,
0.000686509,-1.76928e-06,1,
1,6.19645e-10,-0.000693444,
6.19645e-10,1,1.78715e-06,
0.000693444,-1.78715e-06,1,
1,6.32162e-10,-0.000700413,
6.32162e-10,1,1.80511e-06,
0.000700413,-1.80511e-06,1,
1,6.44869e-10,-0.000707417,
6.44869e-10,1,1.82316e-06,
0.000707417,-1.82316e-06,1,
1,6.57766e-10,-0.000714456,
6.57766e-10,1,1.84131e-06,
0.000714456,-1.84131e-06,1,
1,6.70856e-10,-0.00072153,
6.70856e-10,1,1.85954e-06,
0.00072153,-1.85954e-06,1,
1,6.8414e-10,-0.000728638,
6.8414e-10,1,1.87786e-06,
0.000728638,-1.87786e-06,1,
1,6.9762e-10,-0.000735782,
6.9762e-10,1,1.89627e-06,
0.000735782,-1.89627e-06,1,
1,7.11298e-10,-0.00074296,
7.11298e-10,1,1.91477e-06,
0.00074296,-1.91477e-06,1,
1,7.25177e-10,-0.000750173,
7.25177e-10,1,1.93336e-06,
0.000750173,-1.93336e-06,1,
1,7.39258e-10,-0.000757421,
7.39258e-10,1,1.95204e-06,
0.000757421,-1.95204e-06,1,
1,7.53543e-10,-0.000764704,
7.53543e-10,1,1.97081e-06,
0.000764704,-1.97081e-06,1,
1,7.68033e-10,-0.000772022,
7.68033e-10,1,1.98967e-06,
0.000772022,-1.98967e-06,1,
1,7.82732e-10,-0.000779375,
7.82732e-10,1,2.00862e-06,
0.000779375,-2.00862e-06,1,
1,7.97641e-10,-0.000786762,
7.97641e-10,1,2.02765e-06,
0.000786762,-2.02765e-06,1,
1,8.12762e-10,-0.000794184,
8.12762e-10,1,2.04678e-06,
0.000794184,-2.04678e-06,1,
1,8.28097e-10,-0.000801642,
8.28097e-10,1,2.066e-06,
0.000801642,-2.066e-06,1,
1,8.43648e-10,-0.000809134,
8.43648e-10,1,2.08531e-06,
0.000809134,-2.08531e-06,1,
1,8.59416e-10,-0.00081666,
8.59416e-10,1,2.10471e-06,
0.00081666,-2.10471e-06,1,
1,8.75405e-10,-0.000824222,
8.75405e-10,1,2.1242e-06,
0.000824222,-2.1242e-06,1,
1,8.91616e-10,-0.000831819,
8.91616e-10,1,2.14377e-06,
0.000831819,-2.14377e-06,1,
1,9.08051e-10,-0.00083945,
9.08051e-10,1,2.16344e-06,
0.00083945,-2.16344e-06,1,
1,9.24712e-10,-0.000847116,
9.24712e-10,1,2.1832e-06,
0.000847116,-2.1832e-06,1,
1,9.41601e-10,-0.000854817,
9.41601e-10,1,2.20305e-06,
0.000854817,-2.20305e-06,1,
1,9.58721e-10,-0.000862553,
9.58721e-10,1,2.22298e-06,
0.000862553,-2.22298e-06,1,
1,9.76073e-10,-0.000870324,
9.76073e-10,1,2.24301e-06,
0.000870324,-2.24301e-06,1,
1,9.9366e-10,-0.000878129,
9.9366e-10,1,2.26313e-06,
0.000878129,-2.26313e-06,1,
1,1.01148e-09,-0.00088597,
1.01148e-09,1,2.28333e-06,
0.00088597,-2.28333e-06,1,
1,1.02954e-09,-0.000893845,
1.02954e-09,1,2.30363e-06,
0.000893845,-2.30363e-06,1,
1,1.04785e-09,-0.000901755,
1.04785e-09,1,2.32402e-06,
0.000901755,-2.32402e-06,1,
1,1.06639e-09,-0.0009097,
1.06639e-09,1,2.34449e-06,
0.0009097,-2.34449e-06,1,
1,1.08518e-09,-0.00091768,
1.08518e-09,1,2.36506e-06,
0.00091768,-2.36506e-06,1,
1,1.10422e-09,-0.000925695,
1.10422e-09,1,2.38571e-06,
0.000925695,-2.38571e-06,1,
1,1.12351e-09,-0.000933744,
1.12351e-09,1,2.40646e-06,
0.000933744,-2.40646e-06,1,
1,1.14305e-09,-0.000941829,
1.14305e-09,1,2.42729e-06,
0.000941829,-2.42729e-06,1,
1,1.16284e-09,-0.000949948,
1.16284e-09,1,2.44822e-06,
0.000949948,-2.44822e-06,1,
1,1.18289e-09,-0.000958102,
1.18289e-09,1,2.46923e-06,
0.000958102,-2.46923e-06,1,
1,1.2032e-09,-0.000966291,
1.2032e-09,1,2.49034e-06,
0.000966291,-2.49034e-06,1,
1,1.22376e-09,-0.000974515,
1.22376e-09,1,2.51153e-06,
0.000974515,-2.51153e-06,1,
1,1.24459e-09,-0.000982773,
1.24459e-09,1,2.53282e-06,
0.000982773,-2.53282e-06,1,
1,1.26569e-09,-0.000991067,
1.26569e-09,1,2.55419e-06,
0.000991067,-2.55419e-06,1,
1,1.28705e-09,-0.000999395,
1.28705e-09,1,2.57565e-06,
0.000999395,-2.57565e-06,1,
0.999999,1.30868e-09,-0.00100776,
1.30868e-09,1,2.59721e-06,
0.00100776,-2.59721e-06,0.999999,
0.999999,1.33058e-09,-0.00101616,
1.33058e-09,1,2.61885e-06,
0.00101616,-2.61885e-06,0.999999,
0.999999,1.35276e-09,-0.00102459,
1.35276e-09,1,2.64058e-06,
0.00102459,-2.64058e-06,0.999999,
0.999999,1.37521e-09,-0.00103306,
1.37521e-09,1,2.66241e-06,
0.00103306,-2.66241e-06,0.999999,
0.999999,1.39794e-09,-0.00104156,
1.39794e-09,1,2.68432e-06,
0.00104156,-2.68432e-06,0.999999,
0.999999,1.42095e-09,-0.0010501,
1.42095e-09,1,2.70632e-06,
0.0010501,-2.70632e-06,0.999999,
0.999999,1.44424e-09,-0.00105867,
1.44424e-09,1,2.72842e-06,
0.00105867,-2.72842e-06,0.999999,
0.999999,1.46782e-09,-0.00106728,
1.46782e-09,1,2.7506e-06,
0.00106728,-2.7506e-06,0.999999,
0.999999,1.49169e-09,-0.00107592,
1.49169e-09,1,2.77287e-06,
0.00107592,-2.77287e-06,0.999999,
0.999999,1.51585e-09,-0.00108459,
1.51585e-09,1,2.79523e-06,
0.00108459,-2.79523e-06,0.999999,
0.999999,1.5403e-09,-0.00109331,
1.5403e-09,1,2.81768e-06,
0.00109331,-2.81768e-06,0.999999,
0.999999,1.56504e-09,-0.00110205,
1.56504e-09,1,2.84023e-06,
0.00110205,-2.84023e-06,0.999999,
0.999999,1.59008e-09,-0.00111083,
1.59008e-09,1,2.86286e-06,
0.00111083,-2.86286e-06,0.999999,
0.999999,1.61542e-09,-0.00111965,
1.61542e-09,1,2.88558e-06,
0.00111965,-2.88558e-06,0.999999,
0.999999,1.64106e-09,-0.0011285,
1.64106e-09,1,2.90839e-06,
0.0011285,-2.90839e-06,0.999999,
0.999999,1.667e-09,-0.00113739,
1.667e-09,1,2.93129e-06,
0.00113739,-2.93129e-06,0.999999,
0.999999,1.69326e-09,-0.00114631,
1.69326e-09,1,2.95428e-06,
0.00114631,-2.95428e-06,0.999999,
0.999999,1.71982e-09,-0.00115526,
1.71982e-09,1,2.97736e-06,
0.00115526,-2.97736e-06,0.999999,
0.999999,1.74669e-09,-0.00116425,
1.74669e-09,1,3.00053e-06,
0.00116425,-3.00053e-06,0.999999,
0.999999,1.77387e-09,-0.00117328,
1.77387e-09,1,3.02379e-06,
0.00117328,-3.02379e-06,0.999999,
0.999999,1.80138e-09,-0.00118234,
1.80138e-09,1,3.04714e-06,
0.00118234,-3.04714e-06,0.999999,
0.999999,1.8292e-09,-0.00119143,
1.8292e-09,1,3.07058e-06,
0.00119143,-3.07058e-06,0.999999,
0.999999,1.85734e-09,-0.00120056,
1.85734e-09,1,3.09411e-06,
0.00120056,-3.09411e-06,0.999999,
0.999999,1.8858e-09,-0.00120973,
1.8858e-09,1,3.11773e-06,
0.00120973,-3.11773e-06,0.999999,
0.999999,1.91459e-09,-0.00121893,
1.91459e-09,1,3.14144e-06,
0.00121893,-3.14144e-06,0.999999,
0.999999,1.94371e-09,-0.00122816,
1.94371e-09,1,3.16524e-06,
0.00122816,-3.16524e-06,0.999999,
0.999999,1.97316e-09,-0.00123743,
1.97316e-09,1,3.18912e-06,
0.00123743,-3.18912e-06,0.999999,
0.999999,2.00294e-09,-0.00124673,
2.00294e-09,1,3.2131e-06,
0.00124673,-3.2131e-06,0.999999,
0.999999,2.03306e-09,-0.00125607,
2.03306e-09,1,3.23717e-06,
0.00125607,-3.23717e-06,0.999999,
0.999999,2.06352e-09,-0.00126545,
2.06352e-09,1,3.26133e-06,
0.00126545,-3.26133e-06,0.999999,
0.999999,2.09432e-09,-0.00127486,
2.09432e-09,1,3.28558e-06,
0.00127486,-3.28558e-06,0.999999,
0.999999,2.12546e-09,-0.0012843,
2.12546e-09,1,3.30991e-06,
0.0012843,-3.30991e-06,0.999999,
0.999999,2.15695e-09,-0.00129378,
2.15695e-09,1,3.33434e-06,
0.00129378,-3.33434e-06,0.999999,
0.999999,2.18878e-09,-0.00130329,
2.18878e-09,1,3.35886e-06,
0.00130329,-3.35886e-06,0.999999,
0.999999,2.22097e-09,-0.00131284,
2.22097e-09,1,3.38347e-06,
0.00131284,-3.38347e-06,0.999999,
0.999999,2.25351e-09,-0.00132242,
2.25351e-09,1,3.40816e-06,
0.00132242,-3.40816e-06,0.999999,
0.999999,2.28641e-09,-0.00133204,
2.28641e-09,1,3.43295e-06,
0.00133204,-3.43295e-06,0.999999,
0.999999,2.31967e-09,-0.00134169,
2.31967e-09,1,3.45783e-06,
0.00134169,-3.45783e-06,0.999999,
0.999999,2.35329e-09,-0.00135138,
2.35329e-09,1,3.48279e-06,
0.00135138,-3.48279e-06,0.999999,
0.999999,2.38727e-09,-0.0013611,
2.38727e-09,1,3.50785e-06,
0.0013611,-3.50785e-06,0.999999,
0.999999,2.42162e-09,-0.00137086,
2.42162e-09,1,3.53299e-06,
0.00137086,-3.53299e-06,0.999999,
0.999999,2.45633e-09,-0.00138065,
2.45633e-09,1,3.55823e-06,
0.00138065,-3.55823e-06,0.999999,
0.999999,2.49142e-09,-0.00139048,
2.49142e-09,1,3.58355e-06,
0.00139048,-3.58355e-06,0.999999,
0.999999,2.52689e-09,-0.00140034,
2.52689e-09,1,3.60897e-06,
0.00140034,-3.60897e-06,0.999999,
0.999999,2.56273e-09,-0.00141023,
2.56273e-09,1,3.63447e-06,
0.00141023,-3.63447e-06,0.999999,
0.999999,2.59895e-09,-0.00142016,
2.59895e-09,1,3.66007e-06,
0.00142016,-3.66007e-06,0.999999,
0.999999,2.63556e-09,-0.00143013,
2.63556e-09,1,3.68575e-06,
0.00143013,-3.68575e-06,0.999999,
0.999999,2.67255e-09,-0.00144013,
2.67255e-09,1,3.71153e-06,
0.00144013,-3.71153e-06,0.999999,
0.999999,2.70992e-09,-0.00145017,
2.70992e-09,1,3.73739e-06,
0.00145017,-3.73739e-06,0.999999,
0.999999,2.74769e-09,-0.00146024,
2.74769e-09,1,3.76335e-06,
0.00146024,-3.76335e-06,0.999999,
0.999999,2.78586e-09,-0.00147034,
2.78586e-09,1,3.78939e-06,
0.00147034,-3.78939e-06,0.999999,
0.999999,2.82441e-09,-0.00148048,
2.82441e-09,1,3.81552e-06,
0.00148048,-3.81552e-06,0.999999,
0.999999,2.86337e-09,-0.00149066,
2.86337e-09,1,3.84175e-06,
0.00149066,-3.84175e-06,0.999999,
0.999999,2.90273e-09,-0.00150087,
2.90273e-09,1,3.86806e-06,
0.00150087,-3.86806e-06,0.999999,
0.999999,2.94249e-09,-0.00151111,
2.94249e-09,1,3.89446e-06,
0.00151111,-3.89446e-06,0.999999,
0.999999,2.98266e-09,-0.00152139,
2.98266e-09,1,3.92096e-06,
0.00152139,-3.92096e-06,0.999999,
0.999999,3.02324e-09,-0.00153171,
3.02324e-09,1,3.94754e-06,
0.00153171,-3.94754e-06,0.999999,
0.999999,3.06423e-09,-0.00154206,
3.06423e-09,1,3.97421e-06,
0.00154206,-3.97421e-06,0.999999,
0.999999,3.10564e-09,-0.00155244,
3.10564e-09,1,4.00098e-06,
0.00155244,-4.00098e-06,0.999999,
0.999999,3.14747e-09,-0.00156286,
3.14747e-09,1,4.02783e-06,
0.00156286,-4.02783e-06,0.999999,
0.999999,3.18972e-09,-0.00157331,
3.18972e-09,1,4.05477e-06,
0.00157331,-4.05477e-06,0.999999,
0.999999,3.23239e-09,-0.0015838,
3.23239e-09,1,4.0818e-06,
0.0015838,-4.0818e-06,0.999999,
0.999999,3.27549e-09,-0.00159433,
3.27549e-09,1,4.10892e-06,
0.00159433,-4.10892e-06,0.999999,
0.999999,3.31901e-09,-0.00160489,
3.31901e-09,1,4.13613e-06,
0.00160489,-4.13613e-06,0.999999,
0.999999,3.36297e-09,-0.00161548,
3.36297e-09,1,4.16344e-06,
0.00161548,-4.16344e-06,0.999999,
0.999999,3.40737e-09,-0.00162611,
3.40737e-09,1,4.19083e-06,
0.00162611,-4.19083e-06,0.999999,
0.999999,3.4522e-09,-0.00163677,
3.4522e-09,1,4.21831e-06,
0.00163677,-4.21831e-06,0.999999,
0.999999,3.49748e-09,-0.00164747,
3.49748e-09,1,4.24588e-06,
0.00164747,-4.24588e-06,0.999999,
0.999999,3.54319e-09,-0.0016582,
3.54319e-09,1,4.27354e-06,
0.0016582,-4.27354e-06,0.999999,
0.999999,3.58936e-09,-0.00166897,
3.58936e-09,1,4.30129e-06,
0.00166897,-4.30129e-06,0.999999,
0.999999,3.63597e-09,-0.00167977,
3.63597e-09,1,4.32913e-06,
0.00167977,-4.32913e-06,0.999999,
0.999999,3.68304e-09,-0.00169061,
3.68304e-09,1,4.35706e-06,
0.00169061,-4.35706e-06,0.999999,
0.999999,3.73056e-09,-0.00170148,
3.73056e-09,1,4.38508e-06,
0.00170148,-4.38508e-06,0.999999,
0.999999,3.77854e-09,-0.00171239,
3.77854e-09,1,4.41319e-06,
0.00171239,-4.41319e-06,0.999999,
0.999999,3.82699e-09,-0.00172333,
3.82699e-09,1,4.44139e-06,
0.00172333,-4.44139e-06,0.999999,
0.999998,3.87589e-09,-0.0017343,
3.87589e-09,1,4.46968e-06,
0.0017343,-4.46968e-06,0.999998,
0.999998,3.92527e-09,-0.00174532,
3.92527e-09,1,4.49805e-06,
0.00174532,-4.49805e-06,0.999998,
0.999998,3.97511e-09,-0.00175636,
3.97511e-09,1,4.52652e-06,
0.00175636,-4.52652e-06,0.999998,
0.999998,4.02543e-09,-0.00176744,
4.02543e-09,1,4.55508e-06,
0.00176744,-4.55508e-06,0.999998,
0.999998,4.07622e-09,-0.00177856,
4.07622e-09,1,4.58373e-06,
0.00177856,-4.58373e-06,0.999998,
0.999998,4.12749e-09,-0.00178971,
4.12749e-09,1,4.61247e-06,
0.00178971,-4.61247e-06,0.999998,
0.999998,4.17925e-09,-0.0018009,
4.17925e-09,1,4.6413e-06,
0.0018009,-4.6413e-06,0.999998,
0.999998,4.23149e-09,-0.00181212,
4.23149e-09,1,4.67021e-06,
0.00181212,-4.67021e-06,0.999998,
0.999998,4.28422e-09,-0.00182337,
4.28422e-09,1,4.69922e-06,
0.00182337,-4.69922e-06,0.999998,
0.999998,4.33744e-09,-0.00183466,
4.33744e-09,1,4.72832e-06,
0.00183466,-4.72832e-06,0.999998,
0.999998,4.39115e-09,-0.00184599,
4.39115e-09,1,4.75751e-06,
0.00184599,-4.75751e-06,0.999998,
0.999998,4.44536e-09,-0.00185735,
4.44536e-09,1,4.78678e-06,
0.00185735,-4.78678e-06,0.999998,
0.999998,4.50007e-09,-0.00186874,
4.50007e-09,1,4.81615e-06,
0.00186874,-4.81615e-06,0.999998,
0.999998,4.55529e-09,-0.00188017,
4.55529e-09,1,4.84561e-06,
0.00188017,-4.84561e-06,0.999998,
0.999998,4.61101e-09,-0.00189164,
4.61101e-09,1,4.87515e-06,
0.00189164,-4.87515e-06,0.999998,
0.999998,4.66724e-09,-0.00190314,
4.66724e-09,1,4.90479e-06,
0.00190314,-4.90479e-06,0.999998,
0.999998,4.72399e-09,-0.00191467,
4.72399e-09,1,4.93451e-06,
0.00191467,-4.93451e-06,0.999998,
0.999998,4.78125e-09,-0.00192624,
4.78125e-09,1,4.96433e-06,
0.00192624,-4.96433e-06,0.999998,
0.999998,4.83903e-09,-0.00193784,
4.83903e-09,1,4.99424e-06,
0.00193784,-4.99424e-06,0.999998,
0.999998,4.89733e-09,-0.00194948,
4.89733e-09,1,5.02423e-06,
0.00194948,-5.02423e-06,0.999998,
0.999998,4.95615e-09,-0.00196115,
4.95615e-09,1,5.05432e-06,
0.00196115,-5.05432e-06,0.999998,
0.999998,5.01551e-09,-0.00197286,
5.01551e-09,1,5.08449e-06,
0.00197286,-5.08449e-06,0.999998,
0.999998,5.07539e-09,-0.00198461,
5.07539e-09,1,5.11476e-06,
0.00198461,-5.11476e-06,0.999998,
0.999998,5.13581e-09,-0.00199638,
5.13581e-09,1,5.14511e-06,
0.00199638,-5.14511e-06,0.999998,
0.999998,5.19677e-09,-0.0020082,
5.19677e-09,1,5.17555e-06,
0.0020082,-5.17555e-06,0.999998,
0.999998,5.25827e-09,-0.00202005,
5.25827e-09,1,5.20609e-06,
0.00202005,-5.20609e-06,0.999998,
0.999998,5.32032e-09,-0.00203193,
5.32032e-09,1,5.23671e-06,
0.00203193,-5.23671e-06,0.999998,
0.999998,5.38291e-09,-0.00204385,
5.38291e-09,1,5.26743e-06,
0.00204385,-5.26743e-06,0.999998,
0.999998,5.44605e-09,-0.0020558,
5.44605e-09,1,5.29823e-06,
0.0020558,-5.29823e-06,0.999998,
0.999998,5.50975e-09,-0.00206778,
5.50975e-09,1,5.32912e-06,
0.00206778,-5.32912e-06,0.999998,
0.999998,5.574e-09,-0.00207981,
5.574e-09,1,5.36011e-06,
0.00207981,-5.36011e-06,0.999998,
0.999998,5.63881e-09,-0.00209186,
5.63881e-09,1,5.39118e-06,
0.00209186,-5.39118e-06,0.999998,
0.999998,5.70419e-09,-0.00210395,
5.70419e-09,1,5.42234e-06,
0.00210395,-5.42234e-06,0.999998,
0.999998,5.77013e-09,-0.00211608,
5.77013e-09,1,5.4536e-06,
0.00211608,-5.4536e-06,0.999998,
0.999998,5.83665e-09,-0.00212824,
5.83665e-09,1,5.48494e-06,
0.00212824,-5.48494e-06,0.999998,
0.999998,5.90373e-09,-0.00214044,
5.90373e-09,1,5.51637e-06,
0.00214044,-5.51637e-06,0.999998,
0.999998,5.9714e-09,-0.00215267,
5.9714e-09,1,5.54789e-06,
0.00215267,-5.54789e-06,0.999998,
0.999998,6.03964e-09,-0.00216494,
6.03964e-09,1,5.5795e-06,
0.00216494,-5.5795e-06,0.999998,
0.999998,6.10847e-09,-0.00217724,
6.10847e-09,1,5.61121e-06,
0.00217724,-5.61121e-06,0.999998,
0.999998,6.17788e-09,-0.00218957,
6.17788e-09,1,5.643e-06,
0.00218957,-5.643e-06,0.999998,
0.999998,6.24789e-09,-0.00220194,
6.24789e-09,1,5.67488e-06,
0.00220194,-5.67488e-06,0.999998,
0.999998,6.31848e-09,-0.00221435,
6.31848e-09,1,5.70685e-06,
0.00221435,-5.70685e-06,0.999998,
0.999998,6.38968e-09,-0.00222679,
6.38968e-09,1,5.73891e-06,
0.00222679,-5.73891e-06,0.999998,
0.999997,6.46147e-09,-0.00223926,
6.46147e-09,1,5.77106e-06,
0.00223926,-5.77106e-06,0.999997,
0.999997,6.53387e-09,-0.00225177,
6.53387e-09,1,5.8033e-06,
0.00225177,-5.8033e-06,0.999997,
0.999997,6.60687e-09,-0.00226432,
6.60687e-09,1,5.83563e-06,
0.00226432,-5.83563e-06,0.999997,
0.999997,6.68048e-09,-0.0022769,
6.68048e-09,1,5.86805e-06,
0.0022769,-5.86805e-06,0.999997,
0.999997,6.75471e-09,-0.00228951,
6.75471e-09,1,5.90056e-06,
0.00228951,-5.90056e-06,0.999997,
0.999997,6.82956e-09,-0.00230216,
6.82956e-09,1,5.93316e-06,
0.00230216,-5.93316e-06,0.999997,
0.999997,6.90502e-09,-0.00231484,
6.90502e-09,1,5.96585e-06,
0.00231484,-5.96585e-06,0.999997,
0.999997,6.98111e-09,-0.00232756,
6.98111e-09,1,5.99863e-06,
0.00232756,-5.99863e-06,0.999997,
0.999997,7.05782e-09,-0.00234032,
7.05782e-09,1,6.0315e-06,
0.00234032,-6.0315e-06,0.999997,
0.999997,7.13517e-09,-0.00235311,
7.13517e-09,1,6.06446e-06,
0.00235311,-6.06446e-06,0.999997,
0.999997,7.21315e-09,-0.00236593,
7.21315e-09,1,6.09751e-06,
0.00236593,-6.09751e-06,0.999997,
0.999997,7.29176e-09,-0.00237879,
7.29176e-09,1,6.13065e-06,
0.00237879,-6.13065e-06,0.999997,
0.999997,7.37102e-09,-0.00239168,
7.37102e-09,1,6.16387e-06,
0.00239168,-6.16387e-06,0.999997,
0.999997,7.45092e-09,-0.00240461,
7.45092e-09,1,6.19719e-06,
0.00240461,-6.19719e-06,0.999997,
0.999997,7.53147e-09,-0.00241757,
7.53147e-09,1,6.2306e-06,
0.00241757,-6.2306e-06,0.999997,
0.999997,7.61267e-09,-0.00243057,
7.61267e-09,1,6.2641e-06,
0.00243057,-6.2641e-06,0.999997,
0.999997,7.69453e-09,-0.0024436,
7.69453e-09,1,6.29769e-06,
0.0024436,-6.29769e-06,0.999997,
0.999997,7.77705e-09,-0.00245667,
7.77705e-09,1,6.33136e-06,
0.00245667,-6.33136e-06,0.999997,
0.999997,7.86022e-09,-0.00246977,
7.86022e-09,1,6.36513e-06,
0.00246977,-6.36513e-06,0.999997,
0.999997,7.94406e-09,-0.00248291,
7.94406e-09,1,6.39899e-06,
0.00248291,-6.39899e-06,0.999997,
0.999997,8.02857e-09,-0.00249608,
8.02857e-09,1,6.43293e-06,
0.00249608,-6.43293e-06,0.999997,
0.999997,8.11376e-09,-0.00250929,
8.11376e-09,1,6.46697e-06,
0.00250929,-6.46697e-06,0.999997,
0.999997,8.19962e-09,-0.00252253,
8.19962e-09,1,6.5011e-06,
0.00252253,-6.5011e-06,0.999997,
0.999997,8.28616e-09,-0.00253581,
8.28616e-09,1,6.53531e-06,
0.00253581,-6.53531e-06,0.999997,
0.999997,8.37338e-09,-0.00254912,
8.37338e-09,1,6.56962e-06,
0.00254912,-6.56962e-06,0.999997,
0.999997,8.46129e-09,-0.00256246,
8.46129e-09,1,6.60402e-06,
0.00256246,-6.60402e-06,0.999997,
0.999997,8.54989e-09,-0.00257584,
8.54989e-09,1,6.6385e-06,
0.00257584,-6.6385e-06,0.999997,
0.999997,8.63918e-09,-0.00258926,
8.63918e-09,1,6.67308e-06,
0.00258926,-6.67308e-06,0.999997,
0.999997,8.72917e-09,-0.00260271,
8.72917e-09,1,6.70774e-06,
0.00260271,-6.70774e-06,0.999997,
0.999997,8.81986e-09,-0.0026162,
8.81986e-09,1,6.7425e-06,
0.0026162,-6.7425e-06,0.999997,
0.999997,8.91126e-09,-0.00262972,
8.91126e-09,1,6.77734e-06,
0.00262972,-6.77734e-06,0.999997,
0.999997,9.00336e-09,-0.00264327,
9.00336e-09,1,6.81228e-06,
0.00264327,-6.81228e-06,0.999997,
0.999996,9.09618e-09,-0.00265686,
9.09618e-09,1,6.8473e-06,
0.00265686,-6.8473e-06,0.999996,
0.999996,9.18971e-09,-0.00267049,
9.18971e-09,1,6.88242e-06,
0.00267049,-6.88242e-06,0.999996,
0.999996,9.28397e-09,-0.00268415,
9.28397e-09,1,6.91762e-06,
0.00268415,-6.91762e-06,0.999996,
0.999996,9.37894e-09,-0.00269784,
9.37894e-09,1,6.95291e-06,
0.00269784,-6.95291e-06,0.999996,
0.999996,9.47465e-09,-0.00271157,
9.47465e-09,1,6.9883e-06,
0.00271157,-6.9883e-06,0.999996,
0.999996,9.57108e-09,-0.00272533,
9.57108e-09,1,7.02377e-06,
0.00272533,-7.02377e-06,0.999996,
0.999996,9.66825e-09,-0.00273913,
9.66825e-09,1,7.05933e-06,
0.00273913,-7.05933e-06,0.999996,
0.999996,9.76615e-09,-0.00275297,
9.76615e-09,1,7.09499e-06,
0.00275297,-7.09499e-06,0.999996,
0.999996,9.8648e-09,-0.00276684,
9.8648e-09,1,7.13073e-06,
0.00276684,-7.13073e-06,0.999996,
0.999996,9.96419e-09,-0.00278074,
9.96419e-09,1,7.16656e-06,
0.00278074,-7.16656e-06,0.999996,
0.999996,1.00643e-08,-0.00279468,
1.00643e-08,1,7.20249e-06,
0.00279468,-7.20249e-06,0.999996,
0.999996,1.01652e-08,-0.00280865,
1.01652e-08,1,7.2385e-06,
0.00280865,-7.2385e-06,0.999996,
0.999996,1.02669e-08,-0.00282266,
1.02669e-08,1,7.2746e-06,
0.00282266,-7.2746e-06,0.999996,
0.999996,1.03693e-08,-0.0028367,
1.03693e-08,1,7.31079e-06,
0.0028367,-7.31079e-06,0.999996,
0.999996,1.04725e-08,-0.00285078,
1.04725e-08,1,7.34707e-06,
0.00285078,-7.34707e-06,0.999996,
0.999996,1.05764e-08,-0.00286489,
1.05764e-08,1,7.38344e-06,
0.00286489,-7.38344e-06,0.999996,
0.999996,1.06811e-08,-0.00287904,
1.06811e-08,1,7.41991e-06,
0.00287904,-7.41991e-06,0.999996,
0.999996,1.07866e-08,-0.00289322,
1.07866e-08,1,7.45646e-06,
0.00289322,-7.45646e-06,0.999996,
0.999996,1.08929e-08,-0.00290744,
1.08929e-08,1,7.4931e-06,
0.00290744,-7.4931e-06,0.999996,
0.999996,1.09999e-08,-0.00292169,
1.09999e-08,1,7.52983e-06,
0.00292169,-7.52983e-06,0.999996,
0.999996,1.11078e-08,-0.00293598,
1.11078e-08,1,7.56665e-06,
0.00293598,-7.56665e-06,0.999996,
0.999996,1.12164e-08,-0.0029503,
1.12164e-08,1,7.60356e-06,
0.0029503,-7.60356e-06,0.999996,
0.999996,1.13259e-08,-0.00296466,
1.13259e-08,1,7.64056e-06,
0.00296466,-7.64056e-06,0.999996,
0.999996,1.14361e-08,-0.00297905,
1.14361e-08,1,7.67765e-06,
0.00297905,-7.67765e-06,0.999996,
0.999996,1.15471e-08,-0.00299348,
1.15471e-08,1,7.71483e-06,
0.00299348,-7.71483e-06,0.999996,
0.999995,1.16589e-08,-0.00300794,
1.16589e-08,1,7.7521e-06,
0.00300794,-7.7521e-06,0.999995,
0.999995,1.17716e-08,-0.00302243,
1.17716e-08,1,7.78946e-06,
0.00302243,-7.78946e-06,0.999995,
0.999995,1.1885e-08,-0.00303696,
1.1885e-08,1,7.82691e-06,
0.00303696,-7.82691e-06,0.999995,
0.999995,1.19993e-08,-0.00305153,
1.19993e-08,1,7.86445e-06,
0.00305153,-7.86445e-06,0.999995,
0.999995,1.21144e-08,-0.00306613,
1.21144e-08,1,7.90208e-06,
0.00306613,-7.90208e-06,0.999995,
0.999995,1.22304e-08,-0.00308077,
1.22304e-08,1,7.93979e-06,
0.00308077,-7.93979e-06,0.999995,
0.999995,1.23471e-08,-0.00309544,
1.23471e-08,1,7.9776e-06,
0.00309544,-7.9776e-06,0.999995,
0.999995,1.24647e-08,-0.00311014,
1.24647e-08,1,8.0155e-06,
0.00311014,-8.0155e-06,0.999995,
0.999995,1.25831e-08,-0.00312488,
1.25831e-08,1,8.05349e-06,
0.00312488,-8.05349e-06,0.999995,
0.999995,1.27024e-08,-0.00313966,
1.27024e-08,1,8.09157e-06,
0.00313966,-8.09157e-06,0.999995,
0.999995,1.28225e-08,-0.00315447,
1.28225e-08,1,8.12973e-06,
0.00315447,-8.12973e-06,0.999995,
0.999995,1.29435e-08,-0.00316931,
1.29435e-08,1,8.16799e-06,
0.00316931,-8.16799e-06,0.999995,
0.999995,1.30653e-08,-0.00318419,
1.30653e-08,1,8.20634e-06,
0.00318419,-8.20634e-06,0.999995,
0.999995,1.3188e-08,-0.0031991,
1.3188e-08,1,8.24478e-06,
0.0031991,-8.24478e-06,0.999995,
0.999995,1.33115e-08,-0.00321405,
1.33115e-08,1,8.2833e-06,
0.00321405,-8.2833e-06,0.999995,
0.999995,1.34359e-08,-0.00322904,
1.34359e-08,1,8.32192e-06,
0.00322904,-8.32192e-06,0.999995,
0.999995,1.35612e-08,-0.00324406,
1.35612e-08,1,8.36063e-06,
0.00324406,-8.36063e-06,0.999995,
0.999995,1.36874e-08,-0.00325911,
1.36874e-08,1,8.39942e-06,
0.00325911,-8.39942e-06,0.999995,
0.999995,1.38144e-08,-0.0032742,
1.38144e-08,1,8.43831e-06,
0.0032742,-8.43831e-06,0.999995,
0.999995,1.39423e-08,-0.00328932,
1.39423e-08,1,8.47728e-06,
0.00328932,-8.47728e-06,0.999995,
0.999995,1.40711e-08,-0.00330448,
1.40711e-08,1,8.51635e-06,
0.00330448,-8.51635e-06,0.999995,
0.999994,1.42008e-08,-0.00331967,
1.42008e-08,1,8.55551e-06,
0.00331967,-8.55551e-06,0.999994,
0.999994,1.43314e-08,-0.0033349,
1.43314e-08,1,8.59475e-06,
0.0033349,-8.59475e-06,0.999994,
0.999994,1.44628e-08,-0.00335016,
1.44628e-08,1,8.63409e-06,
0.00335016,-8.63409e-06,0.999994,
0.999994,1.45952e-08,-0.00336546,
1.45952e-08,1,8.67351e-06,
0.00336546,-8.67351e-06,0.999994,
0.999994,1.47285e-08,-0.00338079,
1.47285e-08,1,8.71303e-06,
0.00338079,-8.71303e-06,0.999994,
0.999994,1.48627e-08,-0.00339616,
1.48627e-08,1,8.75263e-06,
0.00339616,-8.75263e-06,0.999994,
0.999994,1.49978e-08,-0.00341156,
1.49978e-08,1,8.79232e-06,
0.00341156,-8.79232e-06,0.999994,
0.999994,1.51339e-08,-0.003427,
1.51339e-08,1,8.83211e-06,
0.003427,-8.83211e-06,0.999994,
0.999994,1.52708e-08,-0.00344247,
1.52708e-08,1,8.87198e-06,
0.00344247,-8.87198e-06,0.999994,
0.999994,1.54087e-08,-0.00345798,
1.54087e-08,1,8.91195e-06,
0.00345798,-8.91195e-06,0.999994,
0.999994,1.55475e-08,-0.00347352,
1.55475e-08,1,8.952e-06,
0.00347352,-8.952e-06,0.999994,
0.999994,1.56873e-08,-0.00348909,
1.56873e-08,1,8.99214e-06,
0.00348909,-8.99214e-06,0.999994,
0.999994,1.5828e-08,-0.00350471,
1.5828e-08,1,9.03238e-06,
0.00350471,-9.03238e-06,0.999994,
0.999994,1.59696e-08,-0.00352035,
1.59696e-08,1,9.0727e-06,
0.00352035,-9.0727e-06,0.999994,
0.999994,1.61122e-08,-0.00353603,
1.61122e-08,1,9.11311e-06,
0.00353603,-9.11311e-06,0.999994,
0.999994,1.62557e-08,-0.00355175,
1.62557e-08,1,9.15362e-06,
0.00355175,-9.15362e-06,0.999994,
0.999994,1.64002e-08,-0.0035675,
1.64002e-08,1,9.19421e-06,
0.0035675,-9.19421e-06,0.999994,
0.999994,1.65457e-08,-0.00358328,
1.65457e-08,1,9.23489e-06,
0.00358328,-9.23489e-06,0.999994,
0.999994,1.66921e-08,-0.0035991,
1.66921e-08,1,9.27566e-06,
