1,0,0,
0,1,0,
0,0,1,
1,8.81985e-06,-1.01649e-05,
-8.81975e-06,1,9.88154e-06,
1.0165e-05,-9.88145e-06,1,
1,2.64599e-05,-3.04946e-05,
-2.6459e-05,1,2.96448e-05,
3.04954e-05,-2.9644e-05,1,
1,5.29206e-05,-6.09886e-05,
-5.2917e-05,1,5.92902e-05,
6.09917e-05,-5.9287e-05,1,
1,8.8203e-05,-0.000101647,
-8.8193e-05,1,9.88182e-05,
0.000101655,-9.88093e-05,1,
1,0.000132308,-0.000152468,
-0.000132286,1,0.000148229,
0.000152487,-0.000148209,1,
1,0.000185238,-0.000213453,
-0.000185194,1,0.000207524,
0.000213491,-0.000207484,1,
1,0.000246994,-0.000284599,
-0.000246915,1,0.000276702,
0.000284668,-0.000276632,1,
1,0.000317578,-0.000365907,
-0.000317448,1,0.000355766,
0.00036602,-0.00035565,1,
1,0.000396993,-0.000457375,
-0.000396789,1,0.000444717,
0.000457552,-0.000444536,1,
1,0.000485241,-0.000559002,
-0.000484937,1,0.000543556,
0.000559265,-0.000543285,1,
1,0.000582326,-0.000670785,
-0.000581888,1,0.000652284,
0.000671165,-0.000651893,1,
0.999999,0.00068825,-0.000792725,
-0.000687639,0.999999,0.000770903,
0.000793255,-0.000770358,0.999999,
0.999999,0.000803018,-0.000924819,
-0.000802186,0.999999,0.000899415,
0.00092554,-0.000898672,0.999999,
0.999999,0.000926632,-0.00106706,
-0.000925525,0.999999,0.00103782,
0.00106802,-0.00103683,0.999999,
0.999999,0.0010591,-0.00121946,
-0.00105765,0.999999,0.00118612,
0.00122071,-0.00118483,0.999999,
0.999998,0.00120042,-0.001382,
-0.00119856,0.999998,0.00134433,
0.00138362,-0.00134267,0.999998,
0.999998,0.0013506,-0.00155469,
-0.00134825,0.999998,0.00151243,
0.00155673,-0.00151033,0.999998,
0.999997,0.00150965,-0.00173753,
-0.00150672,0.999997,0.00169043,
0.00174008,-0.00168781,0.999997,
0.999997,0.00167757,-0.0019305,
-0.00167395,0.999997,0.00187835,
0.00193365,-0.00187511,0.999996,
0.999996,0.00185437,-0.00213361,
-0.00184994,0.999996,0.00207617,
0.00213746,-0.00207221,0.999996,
0.999995,0.00204005,-0.00234686,
-0.00203469,0.999995,0.0022839,
0.00235151,-0.00227911,0.999995,
0.999994,0.00223462,-0.00257024,
-0.00222819,0.999994,0.00250154,
0.00257582,-0.0024958,0.999994,
0.999993,0.00243808,-0.00280375,
-0.00243043,0.999993,0.00272911,
0.00281039,-0.00272227,0.999992,
0.999992,0.00265045,-0.00304739,
-0.00264141,0.999992,0.00296659,
0.00305523,-0.00295852,0.999991,
0.99999,0.00287172,-0.00330115,
-0.00286111,0.999991,0.003214,
0.00331035,-0.00320452,0.999989,
0.999989,0.00310192,-0.00356503,
-0.00308954,0.999989,0.00347133,
0.00357575,-0.00346028,0.999988,
0.999987,0.00334104,-0.00383902,
-0.00332668,0.999987,0.0037386,
0.00385146,-0.00372578,0.999986,
0.999985,0.00358909,-0.00412312,
-0.00357253,0.999986,0.0040158,
0.00413748,-0.00400101,0.999983,
0.999983,0.00384608,-0.00441733,
-0.00382707,0.999983,0.00430294,
0.00443381,-0.00428596,0.999981,
0.99998,0.00411202,-0.00472165,
-0.0040903,0.999981,0.00460003,
0.00474047,-0.00458062,0.999978,
0.999978,0.00438692,-0.00503606,
-0.00436221,0.999978,0.00490706,
0.00505748,-0.00488498,0.999975,
0.999975,0.00467079,-0.00536057,
-0.00464278,0.999976,0.00522404,
0.00538484,-0.00519902,0.999972,
0.999971,0.00496363,-0.00569517,
-0.00493202,0.999972,0.00555098,
0.00572256,-0.00552273,0.999968,
0.999968,0.00526546,-0.00603985,
-0.0052299,0.999969,0.00588787,
0.00607067,-0.0058561,0.999964,
0.999964,0.00557629,-0.00639461,
-0.00553642,0.999965,0.00623474,
0.00642916,-0.00619911,0.99996,
0.99996,0.00589612,-0.00675945,
-0.00585157,0.999961,0.00659157,
0.00679805,-0.00655175,0.999955,
0.999955,0.00622497,-0.00713436,
-0.00617534,0.999957,0.00695838,
0.00717736,-0.00691401,0.99995,
0.99995,0.00656285,-0.00751933,
-0.00650771,0.999952,0.00733516,
0.00756711,-0.00728586,0.999945,
0.999945,0.00690977,-0.00791436,
-0.00684867,0.999947,0.00772193,
0.00796729,-0.0076673,0.999939,
0.999939,0.00726574,-0.00831944,
-0.00719821,0.999941,0.00811869,
0.00837794,-0.00805831,0.999932,
0.999933,0.00763077,-0.00873457,
-0.00755632,0.999935,0.00852545,
0.00879906,-0.00845888,0.999926,
0.999926,0.00800488,-0.00915974,
-0.00792298,0.999929,0.00894221,
0.00923067,-0.00886897,0.999918,
0.999919,0.00838807,-0.00959494,
-0.00829819,0.999922,0.00936897,
0.00967278,-0.00928859,0.99991,
0.999911,0.00878036,-0.0100402,
-0.00868192,0.999914,0.00980575,
0.0101254,-0.00971771,0.999902,
0.999903,0.00918176,-0.0104954,
-0.00907417,0.999906,0.0102525,
0.0105886,-0.0101563,0.999892,
0.999894,0.00959228,-0.0109607,
-0.00947492,0.999898,0.0107094,
0.0110623,-0.0106044,0.999883,
0.999884,0.0100119,-0.011436,
-0.00988416,0.999889,0.0111762,
0.0115466,-0.0110619,0.999872,
0.999874,0.0104408,-0.0119212,
-0.0103019,0.999879,0.0116531,
0.0120415,-0.0115288,0.999861,
0.999864,0.0108787,-0.0124165,
-0.010728,0.999869,0.01214,
0.0125469,-0.0120052,0.999849,
0.999852,0.0113259,-0.0129218,
-0.0111626,0.999858,0.012637,
0.0130631,-0.0124909,0.999837,
0.99984,0.0117822,-0.013437,
-0.0116057,0.999846,0.013144,
0.0135898,-0.012986,0.999823,
0.999828,0.0122478,-0.0139622,
-0.0120571,0.999834,0.0136611,
0.0141272,-0.0134904,0.999809,
0.999814,0.0127226,-0.0144974,
-0.0125169,0.999821,0.0141883,
0.0146753,-0.0140042,0.999794,
0.9998,0.0132066,-0.0150425,
-0.0129851,0.999807,0.0147255,
0.0152341,-0.0145272,0.999778,
0.999784,0.0136998,-0.0155975,
-0.0134617,0.999793,0.0152728,
0.0158035,-0.0150596,0.999762,
0.999769,0.0142024,-0.0161625,
-0.0139466,0.999777,0.0158302,
0.0163838,-0.0156012,0.999744,
0.999752,0.0147142,-0.0167375,
-0.0144398,0.999761,0.0163978,
0.0169747,-0.016152,0.999725,
0.999734,0.0152353,-0.0173223,
-0.0149413,0.999744,0.0169754,
0.0175765,-0.016712,0.999706,
0.999715,0.0157657,-0.0179171,
-0.0154511,0.999726,0.0175631,
0.0181891,-0.0172812,0.999685,
0.999695,0.0163054,-0.0185217,
-0.0159692,0.999708,0.0181609,
0.0188124,-0.0178596,0.999664,
0.999675,0.0168545,-0.0191363,
-0.0164955,0.999688,0.0187689,
0.0194466,-0.0184471,0.999641,
0.999653,0.017413,-0.0197607,
-0.01703,0.999667,0.019387,
0.0200917,-0.0190437,0.999617,
0.99963,0.0179808,-0.020395,
-0.0175728,0.999645,0.0200152,
0.0207476,-0.0196494,0.999592,
0.999606,0.0185581,-0.0210391,
-0.0181237,0.999622,0.0206536,
0.0214145,-0.0202641,0.999565,
0.999581,0.0191447,-0.0216932,
-0.0186828,0.999599,0.0213021,
0.0220923,-0.0208879,0.999538,
0.999555,0.0197408,-0.022357,
-0.01925,0.999573,0.0219608,
0.022781,-0.0215207,0.999509,
0.999528,0.0203464,-0.0230307,
-0.0198253,0.999547,0.0226297,
0.0234807,-0.0221624,0.999479,
0.999499,0.0209614,-0.0237142,
-0.0204088,0.99952,0.0233087,
0.0241914,-0.0228131,0.999447,
0.999469,0.0215859,-0.0244075,
-0.0210003,0.999491,0.023998,
0.0249131,-0.0234727,0.999414,
0.999438,0.0222199,-0.0251106,
-0.0215999,0.999462,0.0246974,
0.0256458,-0.0241411,0.99938,
0.999405,0.0228634,-0.0258234,
-0.0222075,0.99943,0.0254071,
0.0263896,-0.0248185,0.999344,
0.999371,0.0235164,-0.0265461,
-0.0228231,0.999398,0.0261269,
0.0271445,-0.0255046,0.999306,
0.999335,0.0241791,-0.0272785,
-0.0234467,0.999364,0.026857,
0.0279105,-0.0261995,0.999267,
0.999298,0.0248513,-0.0280206,
-0.0240782,0.999329,0.0275973,
0.0286877,-0.0269032,0.999226,
0.99926,0.0255331,-0.0287725,
-0.0247177,0.999292,0.0283478,
0.029476,-0.0276156,0.999184,
0.99922,0.0262245,-0.0295341,
-0.025365,0.999254,0.0291086,
0.0302755,-0.0283367,0.99914,
0.999178,0.0269255,-0.0303055,
-0.0260203,0.999215,0.0298796,
0.0310862,-0.0290665,0.999094,
0.999135,0.0276363,-0.0310865,
-0.0266834,0.999174,0.0306609,
0.0319081,-0.0298049,0.999046,
0.999089,0.0283567,-0.0318772,
-0.0273543,0.999131,0.0314525,
0.0327413,-0.0305518,0.998997,
0.999043,0.0290867,-0.0326775,
-0.028033,0.999086,0.0322543,
0.0335858,-0.0313074,0.998945,
0.998994,0.0298266,-0.0334875,
-0.0287195,0.99904,0.0330664,
0.0344417,-0.0320714,0.998892,
0.998944,0.0305761,-0.0343072,
-0.0294138,0.998993,0.0338889,
0.0353088,-0.0328439,0.998837,
0.998891,0.0313354,-0.0351365,
-0.0301157,0.998943,0.0347216,
0.0361873,-0.0336249,0.998779,
0.998837,0.0321045,-0.0359753,
-0.0308253,0.998892,0.0355646,
0.0370773,-0.0344143,0.99872,
0.998781,0.0328834,-0.0368238,
-0.0315426,0.998839,0.036418,
0.0379786,-0.0352121,0.998658,
0.998722,0.0336721,-0.0376819,
-0.0322675,0.998784,0.0372817,
0.0388914,-0.0360181,0.998594,
0.998662,0.0344707,-0.0385495,
-0.0330001,0.998727,0.0381557,
0.0398157,-0.0368325,0.998528,
0.998599,0.0352791,-0.0394267,
-0.0337401,0.998668,0.0390401,
0.0407515,-0.0376552,0.99846,
0.998535,0.0360974,-0.0403134,
-0.0344877,0.998607,0.0399348,
0.0416988,-0.038486,0.998389,
0.998468,0.0369256,-0.0412096,
-0.0352429,0.998544,0.0408399,
0.0426576,-0.039325,0.998316,
0.998399,0.0377638,-0.0421153,
-0.0360054,0.998479,0.0417554,
0.0436281,-0.0401722,0.99824,
0.998327,0.0386119,-0.0430305,
-0.0367755,0.998412,0.0426813,
0.0446102,-0.0410274,0.998162,
0.998254,0.0394699,-0.0439552,
-0.0375529,0.998342,0.0436175,
0.0456039,-0.0418907,0.998081,
0.998177,0.040338,-0.0448893,
-0.0383377,0.998271,0.0445642,
0.0466093,-0.042762,0.997997,
0.998098,0.0412161,-0.0458328,
-0.0391298,0.998197,0.0455212,
0.0476264,-0.0436412,0.997911,
0.998017,0.0421042,-0.0467857,
-0.0399292,0.99812,0.0464887,
0.0486552,-0.0445284,0.997823,
0.997933,0.0430024,-0.0477481,
-0.0407359,0.998042,0.0474666,
0.0496958,-0.0454235,0.997731,
0.997847,0.0439106,-0.0487198,
-0.0415499,0.997961,0.048455,
0.0507481,-0.0463263,0.997636,
0.997758,0.044829,-0.0497009,
-0.042371,0.997877,0.0494538,
0.0518123,-0.047237,0.997539,
0.997666,0.0457575,-0.0506913,
-0.0431993,0.997791,0.050463,
0.0528883,-0.0481554,0.997439,
0.997571,0.0466962,-0.051691,
-0.0440347,0.997703,0.0514827,
0.0539763,-0.0490814,0.997335,
0.997473,0.047645,-0.0527,
-0.0448772,0.997611,0.0525129,
0.0550761,-0.0500152,0.997229,
0.997373,0.048604,-0.0537183,
-0.0457267,0.997517,0.0535535,
0.0561878,-0.0509565,0.997119,
0.997269,0.0495733,-0.0547458,
-0.0465833,0.997421,0.0546047,
0.0573115,-0.0519053,0.997006,
0.997162,0.0505528,-0.0557826,
-0.0474468,0.997321,0.0556663,
0.0584473,-0.0528616,0.99689,
0.997053,0.0515425,-0.0568286,
-0.0483172,0.997219,0.0567384,
0.059595,-0.0538254,0.99677,
0.99694,0.0525425,-0.0578838,
-0.0491946,0.997114,0.0578211,
0.0607548,-0.0547966,0.996647,
0.996824,0.0535529,-0.0589481,
-0.0500788,0.997006,0.0589143,
0.0619267,-0.0557751,0.996521,
0.996704,0.0545736,-0.0600216,
-0.0509698,0.996895,0.060018,
0.0631106,-0.0567609,0.996391,
0.996581,0.0556046,-0.0611042,
-0.0518675,0.996781,0.0611322,
0.0643068,-0.0577539,0.996258,
0.996455,0.056646,-0.062196,
-0.052772,0.996664,0.062257,
0.0655151,-0.0587541,0.99612,
0.996325,0.0576979,-0.0632968,
-0.0536832,0.996544,0.0633923,
0.0667356,-0.0597614,0.995979,
0.996192,0.0587601,-0.0644066,
-0.054601,0.99642,0.0645382,
0.0679683,-0.0607758,0.995835,
0.996055,0.0598328,-0.0655255,
-0.0555254,0.996294,0.0656947,
0.0692134,-0.0617973,0.995686,
0.995915,0.060916,-0.0666534,
-0.0564564,0.996164,0.0668618,
0.0704707,-0.0628256,0.995533,
0.995771,0.0620097,-0.0677903,
-0.0573938,0.99603,0.0680394,
0.0717403,-0.0638609,0.995377,
0.995623,0.0631138,-0.0689361,
-0.0583378,0.995894,0.0692276,
0.0730223,-0.064903,0.995216,
0.995471,0.0642286,-0.0700909,
-0.0592881,0.995753,0.0704265,
0.0743167,-0.0659519,0.995051,
0.995315,0.0653539,-0.0712546,
-0.0602448,0.99561,0.0716359,
0.0756234,-0.0670076,0.994882,
0.995155,0.0664898,-0.0724271,
-0.0612079,0.995463,0.072856,
0.0769427,-0.0680699,0.994709,
0.994991,0.0676362,-0.0736086,
-0.0621772,0.995312,0.0740867,
0.0782744,-0.0691388,0.994532,
0.994823,0.0687934,-0.0747988,
-0.0631527,0.995157,0.075328,
0.0796186,-0.0702143,0.994349,
0.994651,0.0699611,-0.0759978,
-0.0641344,0.994999,0.0765799,
0.0809754,-0.0712962,0.994163,
0.994474,0.0711396,-0.0772057,
-0.0651223,0.994836,0.0778425,
0.0823447,-0.0723846,0.993972,
0.994293,0.0723288,-0.0784222,
-0.0661162,0.99467,0.0791158,
0.0837266,-0.0734793,0.993776,
0.994108,0.0735287,-0.0796475,
-0.0671161,0.994501,0.0803997,
0.0851212,-0.0745803,0.993575,
0.993918,0.0747393,-0.0808815,
-0.0681221,0.994327,0.0816943,
0.0865284,-0.0756876,0.99337,
0.993723,0.0759607,-0.0821241,
-0.0691339,0.994149,0.0829995,
0.0879482,-0.076801,0.99316,
0.993524,0.0771929,-0.0833753,
-0.0701516,0.993967,0.0843154,
0.0893809,-0.0779205,0.992945,
0.99332,0.0784359,-0.0846352,
-0.0711752,0.99378,0.0856421,
0.0908262,-0.079046,0.992725,
0.993111,0.0796897,-0.0859036,
-0.0722045,0.99359,0.0869794,
0.0922843,-0.0801776,0.992499,
0.992898,0.0809544,-0.0871806,
-0.0732395,0.993395,0.0883273,
0.0937553,-0.081315,0.992269,
0.992679,0.08223,-0.088466,
-0.0742802,0.993196,0.089686,
0.095239,-0.0824582,0.992033,
0.992456,0.0835165,-0.08976,
-0.0753265,0.992993,0.0910555,
0.0967357,-0.0836072,0.991792,
0.992227,0.0848139,-0.0910624,
-0.0763783,0.992785,0.0924356,
0.0982452,-0.0847619,0.991546,
0.991993,0.0861223,-0.0923732,
-0.0774356,0.992573,0.0938264,
0.0997676,-0.0859222,0.991294,
0.991754,0.0874416,-0.0936923,
-0.0784983,0.992356,0.095228,
0.101303,-0.087088,0.991037,
0.991509,0.0887719,-0.0950199,
-0.0795665,0.992134,0.0966403,
0.102851,-0.0882593,0.990773,
0.991259,0.0901132,-0.0963557,
-0.0806399,0.991908,0.0980633,
0.104413,-0.089436,0.990505,
0.991004,0.0914656,-0.0976998,
-0.0817186,0.991677,0.099497,
0.105987,-0.0906181,0.99023,
0.990743,0.092829,-0.0990522,
-0.0828025,0.991441,0.100942,
0.107575,-0.0918053,0.989949,
0.990476,0.0942035,-0.100413,
-0.0838915,0.9912,0.102397,
0.109175,-0.0929978,0.989663,
0.990204,0.0955891,-0.101781,
-0.0849856,0.990954,0.103863,
0.110789,-0.0941954,0.98937,
0.989925,0.0969858,-0.103158,
-0.0860847,0.990703,0.10534,
0.112416,-0.0953979,0.989071,
0.989641,0.0983936,-0.104543,
-0.0871888,0.990447,0.106827,
0.114056,-0.0966054,0.988766,
0.989351,0.0998125,-0.105936,
-0.0882978,0.990186,0.108325,
0.115709,-0.0978178,0.988455,
0.989054,0.101243,-0.107337,
-0.0894115,0.98992,0.109834,
0.117375,-0.099035,0.988137,
0.988752,0.102684,-0.108746,
-0.0905301,0.989649,0.111354,
0.119055,-0.100257,0.987813,
0.988443,0.104137,-0.110163,
-0.0916533,0.989372,0.112885,
0.120748,-0.101483,0.987482,
0.988128,0.1056,-0.111588,
-0.0927811,0.98909,0.114426,
0.122454,-0.102714,0.987145,
0.987806,0.107075,-0.113021,
-0.0939136,0.988802,0.115978,
0.124174,-0.10395,0.986801,
0.987478,0.108562,-0.114462,
-0.0950505,0.988509,0.117541,
0.125907,-0.10519,0.98645,
0.987143,0.110059,-0.11591,
-0.0961918,0.98821,0.119115,
0.127653,-0.106434,0.986092,
0.986802,0.111568,-0.117366,
-0.0973375,0.987905,0.120699,
0.129413,-0.107682,0.985727,
0.986453,0.113088,-0.11883,
-0.0984875,0.987595,0.122294,
0.131186,-0.108934,0.985355,
0.986098,0.11462,-0.120301,
-0.0996417,0.987279,0.1239,
0.132973,-0.110191,0.984975,
0.985736,0.116163,-0.121781,
-0.1008,0.986957,0.125517,
0.134773,-0.111451,0.984589,
0.985367,0.117717,-0.123267,
-0.101962,0.98663,0.127145,
0.136586,-0.112716,0.984195,
0.98499,0.119283,-0.124761,
-0.103129,0.986296,0.128783,
0.138413,-0.113984,0.983793,
0.984607,0.12086,-0.126263,
-0.104299,0.985956,0.130432,
0.140254,-0.115255,0.983384,
0.984216,0.122448,-0.127772,
-0.105473,0.98561,0.132092,
0.142108,-0.116531,0.982968,
0.983817,0.124048,-0.129289,
-0.106652,0.985258,0.133763,
0.143976,-0.117809,0.982544,
0.983411,0.12566,-0.130813,
-0.107833,0.984899,0.135444,
0.145857,-0.119091,0.982111,
0.982998,0.127283,-0.132344,
-0.109019,0.984535,0.137136,
0.147752,-0.120377,0.981671,
0.982576,0.128917,-0.133883,
-0.110207,0.984164,0.138839,
0.149661,-0.121665,0.981223,
0.982147,0.130563,-0.135428,
-0.1114,0.983786,0.140553,
0.151584,-0.122957,0.980767,
0.98171,0.13222,-0.136981,
-0.112596,0.983402,0.142278,
0.15352,-0.124252,0.980303,
0.981265,0.133889,-0.138541,
-0.113795,0.983011,0.144013,
0.155469,-0.12555,0.97983,
0.980811,0.135569,-0.140108,
-0.114997,0.982614,0.145759,
0.157433,-0.12685,0.979349,
0.98035,0.137261,-0.141682,
-0.116203,0.98221,0.147516,
0.15941,-0.128153,0.978859,
0.97988,0.138965,-0.143263,
-0.117411,0.981799,0.149284,
0.161401,-0.129459,0.978361,
0.979401,0.14068,-0.144851,
-0.118623,0.981381,0.151062,
0.163406,-0.130768,0.977854,
0.978915,0.142407,-0.146446,
-0.119837,0.980956,0.152851,
0.165424,-0.132078,0.977338,
0.978419,0.144145,-0.148048,
-0.121055,0.980525,0.154651,
0.167457,-0.133391,0.976814,
0.977915,0.145895,-0.149656,
-0.122275,0.980086,0.156461,
0.169503,-0.134707,0.97628,
0.977402,0.147656,-0.151272,
-0.123497,0.97964,0.158283,
0.171563,-0.136024,0.975737,
0.97688,0.14943,-0.152893,
-0.124723,0.979187,0.160115,
0.173637,-0.137343,0.975186,
0.976349,0.151214,-0.154522,
-0.125951,0.978727,0.161957,
0.175725,-0.138665,0.974624,
0.975809,0.153011,-0.156157,
-0.127181,0.978259,0.163811,
0.177827,-0.139988,0.974054,
0.975259,0.154819,-0.157798,
-0.128413,0.977784,0.165675,
0.179942,-0.141313,0.973474,
0.974701,0.156639,-0.159446,
-0.129648,0.977302,0.16755,
0.182072,-0.142639,0.972884,
0.974132,0.15847,-0.1611,
-0.130885,0.976812,0.169435,
0.184215,-0.143967,0.972285,
0.973555,0.160313,-0.162761,
-0.132124,0.976314,0.171331,
0.186372,-0.145296,0.971676,
0.972967,0.162168,-0.164428,
-0.133365,0.975809,0.173238,
0.188544,-0.146626,0.971057,
0.97237,0.164034,-0.166101,
-0.134608,0.975295,0.175156,
0.190729,-0.147958,0.970428,
0.971763,0.165912,-0.16778,
-0.135852,0.974775,0.177084,
0.192928,-0.14929,0.969789,
0.971146,0.167802,-0.169465,
-0.137098,0.974246,0.179023,
0.195141,-0.150624,0.96914,
0.970518,0.169704,-0.171156,
-0.138346,0.973709,0.180972,
0.197368,-0.151958,0.968481,
0.969881,0.171617,-0.172854,
-0.139595,0.973164,0.182932,
0.199609,-0.153293,0.967811,
0.969233,0.173542,-0.174557,
-0.140846,0.972612,0.184903,
0.201864,-0.154628,0.96713,
0.968575,0.175478,-0.176266,
-0.142098,0.972051,0.186884,
0.204133,-0.155964,0.966439,
0.967906,0.177427,-0.177981,
-0.143351,0.971482,0.188876,
0.206417,-0.1573,0.965737,
0.967227,0.179387,-0.179701,
-0.144606,0.970904,0.190878,
0.208714,-0.158637,0.965025,
0.966537,0.181359,-0.181427,
-0.145861,0.970318,0.192891,
0.211025,-0.159973,0.964301,
0.965836,0.183342,-0.183159,
-0.147117,0.969724,0.194914,
0.21335,-0.161309,0.963567,
0.965124,0.185337,-0.184896,
-0.148374,0.969122,0.196948,
0.215689,-0.162646,0.962821,
0.9644,0.187344,-0.186639,
-0.149632,0.96851,0.198993,
0.218042,-0.163982,0.962064,
0.963666,0.189363,-0.188387,
-0.15089,0.967891,0.201048,
0.220409,-0.165317,0.961296,
0.96292,0.191393,-0.19014,
-0.152149,0.967262,0.203113,
0.22279,-0.166652,0.960516,
0.962163,0.193435,-0.191899,
-0.153408,0.966625,0.205189,
0.225185,-0.167986,0.959725,
0.961394,0.195488,-0.193663,
-0.154667,0.965979,0.207275,
0.227594,-0.16932,0.958922,
0.960614,0.197554,-0.195432,
-0.155927,0.965324,0.209372,
0.230017,-0.170652,0.958107,
0.959822,0.199631,-0.197206,
-0.157187,0.96466,0.211479,
0.232454,-0.171984,0.957281,
0.959017,0.20172,-0.198984,
-0.158446,0.963987,0.213596,
0.234905,-0.173314,0.956442,
0.958201,0.20382,-0.200768,
-0.159706,0.963305,0.215724,
0.23737,-0.174643,0.955592,
0.957373,0.205932,-0.202557,
-0.160965,0.962614,0.217862,
0.239849,-0.175971,0.954729,
0.956532,0.208056,-0.20435,
-0.162224,0.961914,0.220011,
0.242342,-0.177297,0.953853,
0.955679,0.210191,-0.206148,
-0.163482,0.961205,0.22217,
0.244848,-0.178621,0.952966,
0.954814,0.212338,-0.207951,
-0.16474,0.960486,0.224339,
0.247369,-0.179944,0.952065,
0.953936,0.214496,-0.209758,
-0.165997,0.959758,0.226518,
0.249904,-0.181264,0.951153,
0.953045,0.216667,-0.211569,
-0.167253,0.95902,0.228707,
0.252452,-0.182583,0.950227,
0.952141,0.218848,-0.213385,
-0.168509,0.958273,0.230907,
0.255015,-0.183899,0.949288,
0.951224,0.221042,-0.215205,
-0.169763,0.957516,0.233117,
0.257591,-0.185213,0.948337,
0.950294,0.223246,-0.21703,
-0.171016,0.95675,0.235337,
0.260181,-0.186524,0.947372,
0.949351,0.225463,-0.218858,
-0.172268,0.955974,0.237567,
0.262785,-0.187832,0.946395,
0.948395,0.227691,-0.220691,
-0.173519,0.955188,0.239807,
0.265403,-0.189138,0.945404,
0.947425,0.22993,-0.222527,
-0.174768,0.954392,0.242058,
0.268035,-0.190441,0.944399,
0.946441,0.232181,-0.224368,
-0.176015,0.953587,0.244318,
0.27068,-0.191741,0.943381,
0.945444,0.234444,-0.226212,
-0.177261,0.952771,0.246589,
0.273339,-0.193037,0.942349,
0.944433,0.236718,-0.22806,
-0.178504,0.951946,0.248869,
0.276012,-0.19433,0.941304,
0.943408,0.239003,-0.229911,
-0.179746,0.95111,0.251159,
0.278699,-0.19562,0.940245,
0.942369,0.2413,-0.231766,
-0.180986,0.950264,0.253459,
0.281399,-0.196906,0.939171,
0.941315,0.243608,-0.233625,
-0.182223,0.949409,0.25577,
0.284113,-0.198188,0.938084,
0.940248,0.245927,-0.235487,
-0.183458,0.948543,0.258089,
0.286841,-0.199466,0.936982,
0.939165,0.248258,-0.237352,
-0.184691,0.947666,0.260419,
0.289582,-0.20074,0.935866,
0.938069,0.250601,-0.23922,
-0.18592,0.946779,0.262759,
0.292337,-0.20201,0.934736,
0.936957,0.252954,-0.241092,
-0.187148,0.945882,0.265108,
0.295105,-0.203275,0.933591,
0.935831,0.255319,-0.242966,
-0.188372,0.944975,0.267467,
0.297887,-0.204536,0.932432,
0.93469,0.257695,-0.244844,
-0.189593,0.944057,0.269836,
0.300682,-0.205792,0.931257,
0.933533,0.260082,-0.246724,
-0.190811,0.943128,0.272214,
0.30349,-0.207043,0.930068,
0.932362,0.26248,-0.248607,
-0.192026,0.942189,0.274602,
0.306313,-0.20829,0.928864,
0.931175,0.26489,-0.250493,
-0.193238,0.941239,0.277,
0.309148,-0.209531,0.927645,
0.929973,0.26731,-0.252381,
-0.194446,0.940278,0.279407,
0.311997,-0.210766,0.92641,
0.928755,0.269742,-0.254272,
-0.19565,0.939306,0.281824,
0.314859,-0.211997,0.92516,
0.927521,0.272185,-0.256165,
-0.19685,0.938324,0.28425,
0.317734,-0.213221,0.923895,
0.926271,0.274639,-0.25806,
-0.198047,0.937331,0.286685,
0.320622,-0.21444,0.922614,
0.925006,0.277103,-0.259957,
-0.19924,0.936327,0.28913,
0.323524,-0.215653,0.921318,
0.923724,0.279579,-0.261857,
-0.200428,0.935311,0.291584,
0.326439,-0.21686,0.920005,
0.922426,0.282066,-0.263758,
-0.201612,0.934285,0.294047,
0.329366,-0.21806,0.918677,
0.921112,0.284563,-0.265662,
-0.202792,0.933248,0.29652,
0.332307,-0.219254,0.917333,
0.919782,0.287071,-0.267567,
-0.203966,0.932199,0.299002,
0.33526,-0.220442,0.915973,
0.918434,0.28959,-0.269474,
-0.205137,0.93114,0.301493,
0.338227,-0.221622,0.914596,
0.91707,0.29212,-0.271382,
-0.206302,0.930069,0.303993,
0.341206,-0.222796,0.913203,
0.915689,0.29466,-0.273292,
-0.207462,0.928987,0.306502,
0.344198,-0.223963,0.911794,
0.914291,0.297211,-0.275203,
-0.208617,0.927893,0.30902,
0.347203,-0.225122,0.910368,
0.912876,0.299773,-0.277116,
-0.209767,0.926788,0.311547,
0.350221,-0.226274,0.908925,
0.911444,0.302345,-0.279029,
-0.210911,0.925672,0.314083,
0.353251,-0.227418,0.907466,
0.909994,0.304928,-0.280944,
-0.21205,0.924544,0.316628,
0.356293,-0.228555,0.90599,
0.908527,0.307521,-0.282859,
-0.213183,0.923405,0.319181,
0.359348,-0.229684,0.904497,
0.907042,0.310124,-0.284776,
-0.21431,0.922254,0.321743,
0.362416,-0.230804,0.902986,
0.90554,0.312738,-0.286693,
-0.215431,0.921091,0.324314,
0.365496,-0.231917,0.901459,
0.904019,0.315362,-0.288611,
-0.216546,0.919917,0.326894,
0.368588,-0.233021,0.899913,
0.902481,0.317996,-0.290529,
-0.217655,0.918732,0.329482,
0.371692,-0.234116,0.898351,
0.900924,0.320641,-0.292447,
-0.218757,0.917534,0.332079,
0.374808,-0.235203,0.896771,
0.899349,0.323295,-0.294366,
-0.219852,0.916325,0.334684,
0.377937,-0.236281,0.895173,
0.897756,0.32596,-0.296285,
-0.220941,0.915104,0.337297,
0.381077,-0.237349,0.893558,
0.896144,0.328635,-0.298204,
-0.222023,0.913871,0.339919,
0.38423,-0.238408,0.891924,
0.894513,0.331319,-0.300123,
-0.223098,0.912627,0.34255,
0.387394,-0.239458,0.890273,
0.892864,0.334014,-0.302042,
-0.224165,0.91137,0.345188,
0.390569,-0.240498,0.888603,
0.891195,0.336718,-0.30396,
-0.225225,0.910102,0.347834,
0.393757,-0.241529,0.886916,
0.889508,0.339432,-0.305879,
-0.226278,0.908821,0.350489,
0.396956,-0.242549,0.885209,
0.887801,0.342155,-0.307796,
-0.227322,0.907529,0.353152,
0.400166,-0.24356,0.883485,
0.886076,0.344888,-0.309713,
-0.228359,0.906224,0.355822,
0.403388,-0.244559,0.881742,
0.88433,0.347631,-0.311629,
-0.229388,0.904908,0.358501,
0.406621,-0.245549,0.87998,
0.882565,0.350383,-0.313544,
-0.230409,0.903579,0.361187,
0.409866,-0.246528,0.878199,
0.880781,0.353145,-0.315458,
-0.231422,0.902239,0.363881,
0.413121,-0.247496,0.8764,
0.878976,0.355916,-0.317371,
-0.232426,0.900886,0.366583,
0.416388,-0.248452,0.874581,
0.877152,0.358696,-0.319283,
-0.233421,0.899521,0.369292,
0.419665,-0.249398,0.872744,
0.875308,0.361485,-0.321193,
-0.234408,0.898144,0.372009,
0.422953,-0.250332,0.870887,
0.873443,0.364283,-0.323102,
-0.235385,0.896755,0.374733,
0.426252,-0.251255,0.869011,
0.871558,0.36709,-0.325009,
-0.236354,0.895353,0.377465,
0.429562,-0.252166,0.867116,
0.869653,0.369907,-0.326914,
-0.237313,0.893939,0.380204,
0.432882,-0.253064,0.865201,
0.867727,0.372732,-0.328818,
-0.238263,0.892513,0.38295,
0.436212,-0.253951,0.863266,
0.86578,0.375565,-0.330719,
-0.239203,0.891075,0.385704,
0.439552,-0.254826,0.861312,
0.863813,0.378408,-0.332618,
-0.240134,0.889624,0.388464,
0.442903,-0.255688,0.859337,
0.861824,0.381259,-0.334515,
-0.241054,0.888161,0.391232,
0.446264,-0.256537,0.857343,
0.859815,0.384118,-0.33641,
-0.241965,0.886686,0.394006,
0.449635,-0.257373,0.855329,
0.857784,0.386986,-0.338302,
-0.242865,0.885199,0.396787,
0.453015,-0.258197,0.853295,
0.855732,0.389862,-0.340191,
-0.243754,0.883699,0.399576,
0.456406,-0.259007,0.85124,
0.853659,0.392746,-0.342077,
-0.244634,0.882186,0.40237,
0.459805,-0.259803,0.849165,
0.851564,0.395639,-0.343961,
-0.245502,0.880661,0.405172,
0.463214,-0.260586,0.84707,
0.849447,0.398539,-0.345841,
-0.24636,0.879124,0.407979,
0.466633,-0.261356,0.844954,
0.847309,0.401448,-0.347718,
-0.247206,0.877575,0.410794,
0.470061,-0.262111,0.842817,
0.845148,0.404364,-0.349592,
-0.248041,0.876013,0.413614,
0.473497,-0.262852,0.84066,
0.842966,0.407288,-0.351462,
-0.248865,0.874439,0.416441,
0.476943,-0.263579,0.838482,
0.840761,0.410219,-0.353328,
-0.249677,0.872852,0.419274,
0.480397,-0.264291,0.836282,
0.838534,0.413158,-0.355191,
-0.250478,0.871253,0.422113,
0.48386,-0.264989,0.834062,
0.836285,0.416104,-0.35705,
-0.251266,0.869641,0.424958,
0.487332,-0.265672,0.831821,
0.834013,0.419058,-0.358904,
-0.252043,0.868017,0.427809,
0.490812,-0.266339,0.829558,
0.831719,0.422019,-0.360755,
-0.252807,0.866381,0.430666,
0.4943,-0.266992,0.827274,
0.829402,0.424987,-0.362601,
-0.253559,0.864732,0.433528,
0.497796,-0.267628,0.824969,
0.827062,0.427962,-0.364442,
-0.254298,0.863071,0.436396,
0.5013,-0.26825,0.822642,
0.824698,0.430943,-0.366279,
-0.255024,0.861397,0.439269,
0.504812,-0.268855,0.820294,
0.822312,0.433932,-0.368111,
-0.255738,0.859711,0.442148,
0.508331,-0.269444,0.817924,
0.819903,0.436927,-0.369938,
-0.256438,0.858013,0.445032,
0.511858,-0.270017,0.815532,
0.81747,0.439928,-0.37176,
-0.257125,0.856302,0.447922,
0.515392,-0.270574,0.813118,
0.815014,0.442936,-0.373577,
-0.257798,0.854579,0.450816,
0.518933,-0.271114,0.810682,
0.812534,0.44595,-0.375388,
-0.258458,0.852843,0.453715,
0.522482,-0.271637,0.808224,
0.810031,0.44897,-0.377194,
-0.259104,0.851095,0.45662,
0.526037,-0.272144,0.805744,
0.807504,0.451997,-0.378994,
-0.259736,0.849335,0.459529,
0.529598,-0.272633,0.803242,
0.804953,0.455029,-0.380788,
-0.260354,0.847563,0.462442,
0.533166,-0.273105,0.800717,
0.802378,0.458066,-0.382576,
-0.260958,0.845778,0.46536,
0.53674,-0.273559,0.79817,
0.799779,0.46111,-0.384358,
-0.261547,0.843981,0.468283,
0.540321,-0.273995,0.7956,
0.797156,0.464159,-0.386134,
-0.262121,0.842172,0.47121,
0.543907,-0.274414,0.793008,
0.794508,0.467213,-0.387903,
-0.262681,0.840351,0.474141,
0.547499,-0.274814,0.790393,
0.791836,0.470272,-0.389665,
-0.263225,0.838517,0.477076,
0.551097,-0.275197,0.787756,
0.78914,0.473337,-0.391421,
-0.263755,0.836671,0.480016,
0.5547,-0.27556,0.785095,
0.786419,0.476406,-0.39317,
-0.264268,0.834813,0.482959,
0.558308,-0.275906,0.782412,
0.783673,0.479481,-0.394911,
-0.264767,0.832943,0.485906,
0.561921,-0.276232,0.779706,
0.780903,0.482559,-0.396645,
-0.265249,0.831061,0.488856,
0.565539,-0.276539,0.776976,
0.778107,0.485643,-0.398372,
-0.265716,0.829167,0.49181,
0.569161,-0.276827,0.774224,
0.775287,0.488731,-0.400092,
-0.266167,0.827261,0.494767,
0.572788,-0.277096,0.771448,
0.772441,0.491822,-0.401803,
-0.266601,0.825343,0.497728,
0.576419,-0.277345,0.768649,
0.76957,0.494918,-0.403507,
-0.267019,0.823413,0.500692,
0.580054,-0.277574,0.765826,
0.766674,0.498018,-0.405202,
-0.26742,0.821471,0.503659,
0.583693,-0.277783,0.76298,
0.763753,0.501122,-0.406889,
-0.267804,0.819517,0.506628,
0.587335,-0.277972,0.760111,
0.760806,0.504229,-0.408568,
-0.268172,0.817552,0.509601,
0.590981,-0.278141,0.757218,
0.757833,0.50734,-0.410238,
-0.268522,0.815574,0.512576,
0.59463,-0.278289,0.754301,
0.754835,0.510454,-0.4119,
-0.268855,0.813586,0.515553,
0.598282,-0.278416,0.751361,
0.751811,0.513571,-0.413552,
-0.269171,0.811585,0.518533,
0.601936,-0.278523,0.748397,
0.748761,0.516691,-0.415196,
-0.269469,0.809573,0.521516,
0.605593,-0.278609,0.745409,
0.745686,0.519813,-0.41683,
-0.269749,0.807549,0.5245,
0.609253,-0.278673,0.742397,
0.742584,0.522939,-0.418454,
-0.270011,0.805514,0.527486,
0.612914,-0.278716,0.739361,
0.739456,0.526067,-0.42007,
-0.270254,0.803467,0.530474,
0.616577,-0.278737,0.736301,
0.736302,0.529197,-0.421675,
-0.27048,0.801409,0.533464,
0.620242,-0.278736,0.733216,
0.733122,0.532329,-0.42327,
-0.270686,0.79934,0.536455,
0.623908,-0.278714,0.730108,
0.729916,0.535463,-0.424856,
-0.270875,0.797259,0.539448,
0.627575,-0.278669,0.726976,
0.726683,0.538599,-0.42643,
-0.271044,0.795168,0.542442,
0.631243,-0.278602,0.723819,
0.723423,0.541737,-0.427995,
-0.271194,0.793065,0.545437,
0.634911,-0.278513,0.720638,
0.720138,0.544876,-0.429549,
-0.271325,0.790951,0.548433,
0.63858,-0.2784,0.717432,
0.716825,0.548016,-0.431092,
-0.271436,0.788826,0.55143,
0.642249,-0.278265,0.714202,
0.713486,0.551157,-0.432624,
-0.271528,0.78669,0.554428,
0.645918,-0.278107,0.710947,
0.71012,0.5543,-0.434145,
-0.2716,0.784544,0.557426,
0.649587,-0.277926,0.707668,
0.706727,0.557442,-0.435654,
-0.271652,0.782387,0.560425,
0.653255,-0.277721,0.704365,
0.703308,0.560586,-0.437152,
-0.271684,0.780219,0.563424,
0.656922,-0.277493,0.701036,
0.699861,0.56373,-0.438638,
-0.271696,0.77804,0.566423,
0.660587,-0.277241,0.697683,
0.696387,0.566873,-0.440113,
-0.271687,0.775851,0.569422,
0.664252,-0.276965,0.694305,
0.692887,0.570017,-0.441575,
-0.271658,0.773652,0.57242,
0.667914,-0.276665,0.690903,
0.689359,0.573161,-0.443025,
-0.271608,0.771442,0.575418,
0.671575,-0.276341,0.687476,
0.685804,0.576304,-0.444462,
-0.271537,0.769222,0.578416,
0.675234,-0.275992,0.684023,
0.682222,0.579446,-0.445887,
-0.271445,0.766992,0.581413,
0.67889,-0.275619,0.680546,
0.678612,0.582588,-0.4473,
-0.271331,0.764752,0.584409,
0.682543,-0.275221,0.677044,
0.674976,0.585728,-0.448699,
-0.271196,0.762502,0.587404,
0.686193,-0.274798,0.673517,
0.671311,0.588867,-0.450085,
-0.27104,0.760242,0.590398,
0.689839,-0.27435,0.669965,
0.66762,0.592005,-0.451457,
-0.270861,0.757972,0.593391,
0.693483,-0.273877,0.666388,
0.663901,0.595141,-0.452817,
-0.270661,0.755692,0.596382,
0.697122,-0.273379,0.662786,
0.660154,0.598275,-0.454162,
-0.270438,0.753403,0.599372,
0.700757,-0.272855,0.659159,
0.65638,0.601408,-0.455493,
-0.270193,0.751105,0.602359,
0.704387,-0.272305,0.655507,
0.652578,0.604537,-0.456811,
-0.269926,0.748797,0.605345,
0.708012,-0.27173,0.651829,
0.648749,0.607665,-0.458114,
-0.269636,0.74648,0.608328,
0.711633,-0.271128,0.648127,
0.644892,0.61079,-0.459403,
-0.269323,0.744154,0.611309,
0.715248,-0.2705,0.644399,
0.641007,0.613911,-0.460677,
-0.268988,0.741819,0.614288,
0.718857,-0.269846,0.640646,
0.637094,0.61703,-0.461936,
-0.268629,0.739475,0.617264,
0.72246,-0.269166,0.636868,
0.633154,0.620145,-0.46318,
-0.268247,0.737123,0.620237,
0.726057,-0.268459,0.633064,
0.629186,0.623257,-0.464409,
-0.267842,0.734761,0.623207,
0.729648,-0.267725,0.629236,
0.62519,0.626365,-0.465622,
-0.267413,0.732392,0.626173,
0.733231,-0.266964,0.625382,
0.621167,0.629468,-0.46682,
-0.26696,0.730013,0.629137,
0.736807,-0.266177,0.621503,
0.617115,0.632568,-0.468002,
-0.266483,0.727627,0.632096,
0.740375,-0.265362,0.617599,
0.613036,0.635663,-0.469169,
-0.265982,0.725232,0.635052,
0.743935,-0.264519,0.613669,
0.608929,0.638753,-0.470319,
-0.265458,0.72283,0.638004,
0.747488,-0.26365,0.609714,
0.604794,0.641839,-0.471452,
-0.264908,0.720419,0.640952,
0.751031,-0.262752,0.605734,
0.600631,0.644919,-0.472569,
-0.264335,0.718001,0.643896,
0.754566,-0.261827,0.601728,
0.59644,0.647994,-0.473669,
-0.263736,0.715576,0.646835,
0.758091,-0.260874,0.597698,
0.592222,0.651063,-0.474753,
-0.263113,0.713142,0.649769,
0.761607,-0.259894,0.593642,
0.587975,0.654127,-0.475819,
-0.262465,0.710702,0.652698,
0.765113,-0.258885,0.58956,
0.583701,0.657184,-0.476868,
-0.261792,0.708254,0.655622,
0.768608,-0.257847,0.585454,
0.579398,0.660235,-0.477899,
-0.261093,0.7058,0.658541,
0.772093,-0.256782,0.581322,
0.575068,0.663279,-0.478913,
-0.260369,0.703338,0.661455,
0.775567,-0.255688,0.577165,
0.57071,0.666316,-0.479909,
-0.25962,0.70087,0.664363,
0.77903,-0.254565,0.572983,
0.566324,0.669347,-0.480886,
-0.258845,0.698396,0.667265,
0.782481,-0.253413,0.568776,
0.561911,0.67237,-0.481846,
-0.258044,0.695915,0.670161,
0.78592,-0.252233,0.564543,
0.557469,0.675385,-0.482787,
-0.257218,0.693428,0.673051,
0.789346,-0.251024,0.560285,
0.553,0.678393,-0.483709,
-0.256365,0.690934,0.675934,
0.79276,-0.249785,0.556003,
0.548503,0.681393,-0.484612,
-0.255486,0.688435,0.678811,
0.796161,-0.248518,0.551695,
0.543978,0.684384,-0.485496,
-0.254581,0.68593,0.68168,
0.799548,-0.247221,0.547362,
0.539425,0.687367,-0.486361,
-0.253649,0.68342,0.684543,
0.802921,-0.245895,0.543004,
0.534845,0.69034,-0.487207,
-0.252691,0.680904,0.687399,
0.80628,-0.244539,0.538621,
0.530237,0.693305,-0.488033,
-0.251706,0.678383,0.690247,
0.809625,-0.243154,0.534213,
0.525602,0.696261,-0.488839,
-0.250694,0.675857,0.693087,
0.812955,-0.241739,0.52978,
0.520939,0.699207,-0.489625,
-0.249655,0.673327,0.695919,
0.816269,-0.240294,0.525322,
0.516249,0.702143,-0.490391,
-0.248589,0.670791,0.698744,
0.819567,-0.23882,0.52084,
0.511531,0.705069,-0.491136,
-0.247496,0.668251,0.70156,
0.82285,-0.237315,0.516333,
0.506785,0.707984,-0.491861,
-0.246375,0.665707,0.704367,
0.826116,-0.235781,0.5118,
0.502013,0.710889,-0.492564,
-0.245228,0.663159,0.707166,
0.829365,-0.234216,0.507244,
0.497213,0.713783,-0.493247,
-0.244052,0.660606,0.709956,
0.832597,-0.232621,0.502662,
0.492385,0.716666,-0.493909,
-0.242849,0.65805,0.712737,
0.835811,-0.230996,0.498056,
0.487531,0.719538,-0.494549,
-0.241618,0.655491,0.715508,
0.839008,-0.22934,0.493426,
0.48265,0.722398,-0.495168,
-0.24036,0.652928,0.71827,
0.842186,-0.227654,0.488771,
0.477741,0.725245,-0.495765,
-0.239073,0.650362,0.721022,
0.845345,-0.225938,0.484091,
0.472806,0.728081,-0.496339,
-0.237758,0.647793,0.723764,
0.848484,-0.224191,0.479388,
0.467843,0.730904,-0.496892,
-0.236415,0.645222,0.726496,
0.851605,-0.222413,0.47466,
0.462854,0.733715,-0.497422,
-0.235044,0.642648,0.729217,
0.854705,-0.220605,0.469907,
0.457838,0.736512,-0.49793,
-0.233645,0.640072,0.731928,
0.857785,-0.218766,0.465131,
0.452796,0.739296,-0.498415,
-0.232216,0.637493,0.734628,
0.860844,-0.216896,0.460331,
0.447727,0.742066,-0.498877,
-0.23076,0.634913,0.737317,
0.863881,-0.214996,0.455507,
0.442631,0.744823,-0.499316,
-0.229275,0.632331,0.739994,
0.866897,-0.213064,0.450658,
0.437509,0.747566,-0.499731,
-0.227761,0.629747,0.74266,
0.869891,-0.211101,0.445786,
0.432361,0.750294,-0.500123,
-0.226218,0.627163,0.745314,
0.872863,-0.209108,0.440891,
0.427187,0.753007,-0.500491,
-0.224646,0.624577,0.747955,
0.875811,-0.207084,0.435972,
0.421987,0.755706,-0.500835,
-0.223046,0.621991,0.750585,
0.878736,-0.205028,0.431029,
0.416761,0.758389,-0.501156,
-0.221416,0.619404,0.753202,
0.881638,-0.202941,0.426062,
0.411509,0.761056,-0.501451,
-0.219757,0.616817,0.755807,
0.884515,-0.200824,0.421073,
0.406231,0.763708,-0.501723,
-0.218069,0.614229,0.758398,
0.887368,-0.198675,0.41606,
0.400928,0.766344,-0.501969,
-0.216352,0.611642,0.760977,
0.890196,-0.196495,0.411024,
0.395599,0.768964,-0.502191,
-0.214605,0.609055,0.763542,
0.892998,-0.194284,0.405965,
0.390245,0.771567,-0.502388,
-0.212829,0.606469,0.766093,
0.895775,-0.192042,0.400884,
0.384866,0.774152,-0.502559,
-0.211023,0.603884,0.768631,
0.898525,-0.189768,0.395779,
0.379462,0.776721,-0.502705,
-0.209188,0.6013,0.771154,
0.901248,-0.187464,0.390652,
0.374033,0.779272,-0.502826,
-0.207324,0.598717,0.773663,
0.903945,-0.185128,0.385502,
0.36858,0.781806,-0.50292,
-0.20543,0.596136,0.776158,
0.906613,-0.182761,0.38033,
0.363101,0.784321,-0.502989,
-0.203506,0.593557,0.778637,
0.909254,-0.180363,0.375135,
0.357598,0.786818,-0.503031,
-0.201552,0.590979,0.781102,
0.911866,-0.177934,0.369918,
0.352071,0.789297,-0.503047,
-0.199569,0.588405,0.783551,
0.91445,-0.175473,0.36468,
0.34652,0.791756,-0.503037,
-0.197556,0.585832,0.785985,
0.917003,-0.172982,0.359419,
0.340945,0.794197,-0.502999,
-0.195513,0.583263,0.788403,
0.919528,-0.170459,0.354136,
0.335346,0.796617,-0.502935,
-0.19344,0.580697,0.790805,
0.922022,-0.167906,0.348832,
0.329724,0.799018,-0.502844,
-0.191338,0.578134,0.793191,
0.924485,-0.165321,0.343507,
0.324078,0.801399,-0.502725,
-0.189205,0.575574,0.79556,
0.926917,-0.162705,0.33816,
0.318409,0.80376,-0.502579,
-0.187043,0.573019,0.797912,
0.929317,-0.160058,0.332792,
0.312716,0.8061,-0.502405,
-0.18485,0.570468,0.800248,
0.931686,-0.157381,0.327403,
0.307001,0.808419,-0.502204,
-0.182628,0.567921,0.802566,
0.934022,-0.154672,0.321993,
0.301263,0.810717,-0.501974,
-0.180376,0.565379,0.804867,
0.936325,-0.151933,0.316562,
0.295503,0.812994,-0.501716,
-0.178093,0.562842,0.80715,
0.938595,-0.149163,0.31111,
0.28972,0.815248,-0.50143,
-0.175781,0.560311,0.809415,
0.940831,-0.146362,0.305639,
0.283916,0.817481,-0.501115,
-0.173439,0.557784,0.811662,
0.943033,-0.143531,0.300147,
0.278089,0.819691,-0.500772,
-0.171066,0.555264,0.813891,
0.9452,-0.140669,0.294635,
0.272241,0.821879,-0.5004,
-0.168664,0.55275,0.8161,
0.947332,-0.137777,0.289103,
0.266371,0.824044,-0.499998,
-0.166232,0.550242,0.818291,
0.949428,-0.134854,0.283551,
0.26048,0.826185,-0.499568,
-0.16377,0.547741,0.820463,
0.951488,-0.1319,0.27798,
0.254569,0.828303,-0.499108,
-0.161277,0.545247,0.822615,
0.953512,-0.128917,0.272389,
0.248636,0.830398,-0.498618,
-0.158755,0.54276,0.824748,
0.955498,-0.125904,0.26678,
0.242683,0.832468,-0.498099,
-0.156203,0.54028,0.82686,
0.957447,-0.12286,0.261151,
0.236709,0.834514,-0.49755,
-0.153622,0.537809,0.828953,
0.959359,-0.119786,0.255504,
0.230716,0.836535,-0.49697,
-0.15101,0.535345,0.831024,
0.961232,-0.116683,0.249838,
0.224702,0.838531,-0.496361,
-0.148368,0.53289,0.833076,
0.963066,-0.11355,0.244153,
0.21867,0.840502,-0.495721,
-0.145697,0.530444,0.835106,
0.964861,-0.110387,0.238451,
0.212617,0.842448,-0.495051,
-0.142996,0.528006,0.837115,
0.966616,-0.107195,0.23273,
0.206546,0.844368,-0.494349,
-0.140266,0.525578,0.839103,
0.968331,-0.103973,0.226992,
0.200456,0.846262,-0.493617,
-0.137505,0.52316,0.841069,
0.970005,-0.100723,0.221236,
0.194348,0.848129,-0.492854,
-0.134716,0.520751,0.843013,
0.971638,-0.0974426,0.215463,
0.188221,0.84997,-0.49206,
-0.131896,0.518352,0.844934,
0.97323,-0.0941337,0.209673,
0.182077,0.851784,-0.491235,
-0.129048,0.515964,0.846834,
0.974779,-0.090796,0.203866,
0.175914,0.853571,-0.490377,
-0.126169,0.513587,0.84871,
0.976287,-0.0874297,0.198042,
0.169735,0.855331,-0.489489,
-0.123262,0.511221,0.850564,
0.977751,-0.0840349,0.192202,
0.163538,0.857063,-0.488568,
-0.120326,0.508867,0.852395,
0.979172,-0.0806117,0.186346,
0.157324,0.858767,-0.487616,
-0.11736,0.506524,0.854202,
0.980549,-0.0771603,0.180473,
0.151094,0.860442,-0.486631,
-0.114365,0.504193,0.855985,
0.981881,-0.073681,0.174585,
0.144848,0.862089,-0.485614,
-0.111341,0.501874,0.857744,
0.983169,-0.0701738,0.168682,
0.138586,0.863707,-0.484565,
-0.108289,0.499568,0.859479,
0.984412,-0.0666389,0.162763,
0.132308,0.865297,-0.483483,
-0.105207,0.497276,0.86119,
0.985609,-0.0630767,0.156829,
0.126016,0.866857,-0.482369,
-0.102098,0.494996,0.862876,
0.98676,-0.0594871,0.150881,
0.119708,0.868387,-0.481222,
-0.098959,0.49273,0.864537,
0.987865,-0.0558705,0.144918,
0.113385,0.869887,-0.480042,
-0.0957921,0.490478,0.866173,
0.988922,-0.052227,0.138941,
