1,0,0,
0,1,0,
0,0,1,
1,3.84604e-09,-3.31914e-09,
-3.84604e-09,1,-1.15426e-09,
3.31914e-09,1.15426e-09,1,
1,1.15381e-08,-9.95743e-09,
-1.15381e-08,1,-3.46279e-09,
9.95743e-09,3.46279e-09,1,
1,2.30762e-08,-1.99149e-08,
-2.30762e-08,1,-6.92559e-09,
1.99149e-08,6.92559e-09,1,
1,3.84604e-08,-3.31914e-08,
-3.84604e-08,1,-1.15426e-08,
3.31914e-08,1.15426e-08,1,
1,5.76906e-08,-4.97872e-08,
-5.76906e-08,1,-1.7314e-08,
4.97872e-08,1.7314e-08,1,
1,8.07668e-08,-6.9702e-08,
-8.07668e-08,1,-2.42396e-08,
6.9702e-08,2.42396e-08,1,
1,1.07689e-07,-9.2936e-08,
-1.07689e-07,1,-3.23194e-08,
9.2936e-08,3.23194e-08,1,
1,1.38457e-07,-1.19489e-07,
-1.38457e-07,1,-4.15535e-08,
1.19489e-07,4.15535e-08,1,
1,1.73072e-07,-1.49361e-07,
-1.73072e-07,1,-5.19419e-08,
1.49361e-07,5.19419e-08,1,
1,2.11532e-07,-1.82553e-07,
-2.11532e-07,1,-6.34845e-08,
1.82553e-07,6.34846e-08,1,
1,2.53839e-07,-2.19063e-07,
-2.53839e-07,1,-7.61814e-08,
2.19063e-07,7.61815e-08,1,
1,2.99991e-07,-2.58893e-07,
-2.99991e-07,1,-9.00326e-08,
2.58893e-07,9.00327e-08,1,
1,3.49989e-07,-3.02042e-07,
-3.4999e-07,1,-1.05038e-07,
3.02042e-07,1.05038e-07,1,
1,4.03834e-07,-3.4851e-07,
-4.03834e-07,1,-1.21198e-07,
3.4851e-07,1.21198e-07,1,
1,4.61525e-07,-3.98297e-07,
-4.61525e-07,1,-1.38512e-07,
3.98297e-07,1.38512e-07,1,
1,5.23061e-07,-4.51404e-07,
-5.23061e-07,1,-1.5698e-07,
4.51403e-07,1.5698e-07,1,
1,5.88444e-07,-5.07829e-07,
-5.88444e-07,1,-1.76602e-07,
5.07829e-07,1.76603e-07,1,
1,6.57673e-07,-5.67574e-07,
-6.57673e-07,1,-1.97379e-07,
5.67573e-07,1.9738e-07,1,
1,7.30747e-07,-6.30637e-07,
-7.30747e-07,1,-2.1931e-07,
6.30637e-07,2.19311e-07,1,
1,8.07668e-07,-6.9702e-07,
-8.07668e-07,1,-2.42395e-07,
6.9702e-07,2.42396e-07,1,
1,8.88435e-07,-7.66722e-07,
-8.88435e-07,1,-2.66635e-07,
7.66722e-07,2.66636e-07,1,
1,9.73048e-07,-8.39743e-07,
-9.73048e-07,1,-2.92029e-07,
8.39743e-07,2.9203e-07,1,
1,1.06151e-06,-9.16084e-07,
-1.06151e-06,1,-3.18577e-07,
9.16083e-07,3.18578e-07,1,
1,1.15381e-06,-9.95743e-07,
-1.15381e-06,1,-3.46279e-07,
9.95743e-07,3.4628e-07,1,
1,1.24996e-06,-1.07872e-06,
-1.24996e-06,1,-3.75136e-07,
1.07872e-06,3.75137e-07,1,
1,1.34996e-06,-1.16502e-06,
-1.34996e-06,1,-4.05146e-07,
1.16502e-06,4.05148e-07,1,
1,1.4538e-06,-1.25464e-06,
-1.4538e-06,1,-4.36312e-07,
1.25464e-06,4.36313e-07,1,
1,1.56149e-06,-1.34757e-06,
-1.56149e-06,1,-4.68631e-07,
1.34757e-06,4.68633e-07,1,
1,1.67303e-06,-1.44383e-06,
-1.67303e-06,1,-5.02104e-07,
1.44383e-06,5.02107e-07,1,
1,1.78841e-06,-1.5434e-06,
-1.78841e-06,1,-5.36732e-07,
1.5434e-06,5.36735e-07,1,
1,1.90763e-06,-1.6463e-06,
-1.90764e-06,1,-5.72514e-07,
1.64629e-06,5.72518e-07,1,
1,2.03071e-06,-1.75251e-06,
-2.03071e-06,1,-6.09451e-07,
1.75251e-06,6.09454e-07,1,
1,2.15763e-06,-1.86204e-06,
-2.15763e-06,1,-6.47541e-07,
1.86204e-06,6.47545e-07,1,
1,2.28839e-06,-1.97489e-06,
-2.28839e-06,1,-6.86786e-07,
1.97489e-06,6.86791e-07,1,
1,2.423e-06,-2.09106e-06,
-2.42301e-06,1,-7.27185e-07,
2.09106e-06,7.2719e-07,1,
1,2.56146e-06,-2.21055e-06,
-2.56146e-06,1,-7.68739e-07,
2.21055e-06,7.68744e-07,1,
1,2.70376e-06,-2.33336e-06,
-2.70377e-06,1,-8.11446e-07,
2.33336e-06,8.11453e-07,1,
1,2.84991e-06,-2.45949e-06,
-2.84992e-06,1,-8.55308e-07,
2.45948e-06,8.55315e-07,1,
1,2.99991e-06,-2.58893e-06,
-2.99991e-06,1,-9.00324e-07,
2.58893e-06,9.00332e-07,1,
1,3.15375e-06,-2.7217e-06,
-3.15375e-06,1,-9.46495e-07,
2.7217e-06,9.46503e-07,1,
1,3.31144e-06,-2.85778e-06,
-3.31144e-06,1,-9.93819e-07,
2.85778e-06,9.93829e-07,1,
1,3.47297e-06,-2.99719e-06,
-3.47297e-06,1,-1.0423e-06,
2.99718e-06,1.04231e-06,1,
1,3.63835e-06,-3.13991e-06,
-3.63835e-06,1,-1.09193e-06,
3.13991e-06,1.09194e-06,1,
1,3.80758e-06,-3.28595e-06,
-3.80758e-06,1,-1.14272e-06,
3.28595e-06,1.14273e-06,1,
1,3.98065e-06,-3.43531e-06,
-3.98065e-06,1,-1.19466e-06,
3.43531e-06,1.19467e-06,1,
1,4.15757e-06,-3.588e-06,
-4.15757e-06,1,-1.24776e-06,
3.58799e-06,1.24777e-06,1,
1,4.33833e-06,-3.744e-06,
-4.33833e-06,1,-1.30201e-06,
3.74399e-06,1.30202e-06,1,
1,4.52294e-06,-3.90331e-06,
-4.52294e-06,1,-1.35741e-06,
3.90331e-06,1.35743e-06,1,
1,4.71139e-06,-4.06595e-06,
-4.7114e-06,1,-1.41397e-06,
4.06595e-06,1.41399e-06,1,
1,4.9037e-06,-4.23191e-06,
-4.9037e-06,1,-1.47168e-06,
4.2319e-06,1.4717e-06,1,
1,5.09984e-06,-4.40119e-06,
-5.09985e-06,1,-1.53055e-06,
4.40118e-06,1.53057e-06,1,
1,5.29984e-06,-4.57378e-06,
-5.29984e-06,1,-1.59057e-06,
4.57377e-06,1.59059e-06,1,
1,5.50368e-06,-4.7497e-06,
-5.50369e-06,1,-1.65175e-06,
4.74969e-06,1.65177e-06,1,
1,5.71136e-06,-4.92893e-06,
-5.71137e-06,1,-1.71408e-06,
4.92892e-06,1.7141e-06,1,
1,5.92289e-06,-5.11148e-06,
-5.9229e-06,1,-1.77756e-06,
5.11147e-06,1.77759e-06,1,
1,6.13827e-06,-5.29736e-06,
-6.13828e-06,1,-1.8422e-06,
5.29734e-06,1.84223e-06,1,
1,6.3575e-06,-5.48655e-06,
-6.35751e-06,1,-1.90799e-06,
5.48654e-06,1.90802e-06,1,
1,6.58057e-06,-5.67906e-06,
-6.58058e-06,1,-1.97494e-06,
5.67905e-06,1.97497e-06,1,
1,6.80748e-06,-5.87489e-06,
-6.80749e-06,1,-2.04304e-06,
5.87487e-06,2.04308e-06,1,
1,7.03824e-06,-6.07404e-06,
-7.03826e-06,1,-2.11229e-06,
6.07402e-06,2.11234e-06,1,
1,7.27285e-06,-6.2765e-06,
-7.27287e-06,1,-2.1827e-06,
6.27649e-06,2.18275e-06,1,
1,7.51131e-06,-6.48229e-06,
-7.51132e-06,1,-2.25427e-06,
6.48228e-06,2.25431e-06,1,
1,7.75361e-06,-6.6914e-06,
-7.75362e-06,1,-2.32698e-06,
6.69138e-06,2.32704e-06,1,
1,7.99975e-06,-6.90382e-06,
-7.99977e-06,1,-2.40086e-06,
6.9038e-06,2.40091e-06,1,
1,8.24974e-06,-7.11957e-06,
-8.24976e-06,1,-2.47588e-06,
7.11955e-06,2.47594e-06,1,
1,8.50358e-06,-7.33863e-06,
-8.5036e-06,1,-2.55206e-06,
7.33861e-06,2.55212e-06,1,
1,8.76127e-06,-7.56102e-06,
-8.76129e-06,1,-2.6294e-06,
7.56099e-06,2.62946e-06,1,
1,9.0228e-06,-7.78672e-06,
-9.02282e-06,1,-2.70789e-06,
7.78669e-06,2.70796e-06,1,
1,9.28817e-06,-8.01574e-06,
-9.28819e-06,1,-2.78753e-06,
8.01571e-06,2.7876e-06,1,
1,9.55739e-06,-8.24808e-06,
-9.55742e-06,1,-2.86833e-06,
8.24805e-06,2.8684e-06,1,
1,9.83046e-06,-8.48374e-06,
-9.83049e-06,1,-2.95028e-06,
8.48371e-06,2.95036e-06,1,
1,1.01074e-05,-8.72272e-06,
-1.01074e-05,1,-3.03338e-06,
8.72269e-06,3.03347e-06,1,
1,1.03881e-05,-8.96502e-06,
-1.03882e-05,1,-3.11764e-06,
8.96498e-06,3.11774e-06,1,
1,1.06727e-05,-9.21063e-06,
-1.06728e-05,1,-3.20306e-06,
9.2106e-06,3.20316e-06,1,
1,1.09612e-05,-9.45957e-06,
-1.09612e-05,1,-3.28963e-06,
9.45953e-06,3.28973e-06,1,
1,1.12535e-05,-9.71182e-06,
-1.12535e-05,1,-3.37735e-06,
9.71179e-06,3.37746e-06,1,
1,1.15496e-05,-9.9674e-06,
-1.15497e-05,1,-3.46623e-06,
9.96736e-06,3.46634e-06,1,
1,1.18496e-05,-1.02263e-05,
-1.18497e-05,1,-3.55626e-06,
1.02263e-05,3.55638e-06,1,
1,1.21535e-05,-1.04885e-05,
-1.21535e-05,1,-3.64744e-06,
1.04885e-05,3.64757e-06,1,
1,1.24611e-05,-1.0754e-05,
-1.24612e-05,1,-3.73978e-06,
1.0754e-05,3.73991e-06,1,
1,1.27727e-05,-1.10229e-05,
-1.27727e-05,1,-3.83327e-06,
1.10228e-05,3.83342e-06,1,
1,1.3088e-05,-1.12951e-05,
-1.30881e-05,1,-3.92792e-06,
1.1295e-05,3.92807e-06,1,
1,1.34073e-05,-1.15705e-05,
-1.34073e-05,1,-4.02372e-06,
1.15705e-05,4.02388e-06,1,
1,1.37303e-05,-1.18494e-05,
-1.37304e-05,1,-4.12068e-06,
1.18493e-05,4.12084e-06,1,
1,1.40572e-05,-1.21315e-05,
-1.40573e-05,1,-4.21879e-06,
1.21314e-05,4.21896e-06,1,
1,1.4388e-05,-1.24169e-05,
-1.43881e-05,1,-4.31806e-06,
1.24169e-05,4.31823e-06,1,
1,1.47226e-05,-1.27057e-05,
-1.47227e-05,1,-4.41847e-06,
1.27056e-05,4.41866e-06,1,
1,1.50611e-05,-1.29978e-05,
-1.50611e-05,1,-4.52005e-06,
1.29977e-05,4.52024e-06,1,
1,1.54034e-05,-1.32932e-05,
-1.54034e-05,1,-4.62277e-06,
1.32931e-05,4.62298e-06,1,
1,1.57495e-05,-1.35919e-05,
-1.57496e-05,1,-4.72666e-06,
1.35918e-05,4.72687e-06,1,
1,1.60995e-05,-1.3894e-05,
-1.60996e-05,1,-4.83169e-06,
1.38939e-05,4.83191e-06,1,
1,1.64533e-05,-1.41993e-05,
-1.64534e-05,1,-4.93788e-06,
1.41992e-05,4.93811e-06,1,
1,1.6811e-05,-1.4508e-05,
-1.68111e-05,1,-5.04522e-06,
1.45079e-05,5.04547e-06,1,
1,1.71725e-05,-1.482e-05,
-1.71726e-05,1,-5.15372e-06,
1.48199e-05,5.15398e-06,1,
1,1.75379e-05,-1.51353e-05,
-1.7538e-05,1,-5.26337e-06,
1.51352e-05,5.26364e-06,1,
1,1.79071e-05,-1.5454e-05,
-1.79072e-05,1,-5.37418e-06,
1.54539e-05,5.37446e-06,1,
1,1.82802e-05,-1.57759e-05,
-1.82803e-05,1,-5.48614e-06,
1.57758e-05,5.48643e-06,1,
1,1.86571e-05,-1.61012e-05,
-1.86572e-05,1,-5.59926e-06,
1.61011e-05,5.59956e-06,1,
1,1.90378e-05,-1.64298e-05,
-1.90379e-05,1,-5.71353e-06,
1.64297e-05,5.71384e-06,1,
1,1.94224e-05,-1.67617e-05,
-1.94225e-05,1,-5.82895e-06,
1.67616e-05,5.82927e-06,1,
1,1.98109e-05,-1.70969e-05,
-1.9811e-05,1,-5.94553e-06,
1.70968e-05,5.94586e-06,1,
1,2.02032e-05,-1.74355e-05,
-2.02033e-05,1,-6.06326e-06,
1.74354e-05,6.06361e-06,1,
1,2.05993e-05,-1.77774e-05,
-2.05994e-05,1,-6.18214e-06,
1.77772e-05,6.18251e-06,1,
1,2.09993e-05,-1.81226e-05,
-2.09994e-05,1,-6.30218e-06,
1.81224e-05,6.30256e-06,1,
1,2.14031e-05,-1.84711e-05,
-2.14033e-05,1,-6.42338e-06,
1.84709e-05,6.42377e-06,1,
1,2.18108e-05,-1.88229e-05,
-2.18109e-05,1,-6.54572e-06,
1.88228e-05,6.54613e-06,1,
1,2.22223e-05,-1.91781e-05,
-2.22225e-05,1,-6.66923e-06,
1.91779e-05,6.66965e-06,1,
1,2.26377e-05,-1.95365e-05,
-2.26378e-05,1,-6.79388e-06,
1.95364e-05,6.79432e-06,1,
1,2.30569e-05,-1.98983e-05,
-2.30571e-05,1,-6.91969e-06,
1.98981e-05,6.92015e-06,1,
1,2.348e-05,-2.02634e-05,
-2.34801e-05,1,-7.04666e-06,
2.02633e-05,7.04713e-06,1,
1,2.39069e-05,-2.06318e-05,
-2.3907e-05,1,-7.17478e-06,
2.06317e-05,7.17527e-06,1,
1,2.43377e-05,-2.10036e-05,
-2.43378e-05,1,-7.30405e-06,
2.10034e-05,7.30456e-06,1,
1,2.47723e-05,-2.13787e-05,
-2.47724e-05,1,-7.43448e-06,
2.13785e-05,7.435e-06,1,
1,2.52107e-05,-2.1757e-05,
-2.52109e-05,1,-7.56606e-06,
2.17568e-05,7.5666e-06,1,
1,2.5653e-05,-2.21387e-05,
-2.56532e-05,1,-7.69879e-06,
2.21385e-05,7.69936e-06,1,
1,2.60991e-05,-2.25238e-05,
-2.60993e-05,1,-7.83268e-06,
2.25236e-05,7.83327e-06,1,
1,2.65491e-05,-2.29121e-05,
-2.65493e-05,1,-7.96772e-06,
2.29119e-05,7.96833e-06,1,
1,2.70029e-05,-2.33038e-05,
-2.70031e-05,1,-8.10392e-06,
2.33035e-05,8.10455e-06,1,
1,2.74606e-05,-2.36987e-05,
-2.74608e-05,1,-8.24127e-06,
2.36985e-05,8.24192e-06,1,
1,2.79221e-05,-2.4097e-05,
-2.79223e-05,1,-8.37978e-06,
2.40968e-05,8.38045e-06,1,
1,2.83875e-05,-2.44987e-05,
-2.83877e-05,1,-8.51944e-06,
2.44984e-05,8.52013e-06,1,
1,2.88567e-05,-2.49036e-05,
-2.88569e-05,1,-8.66025e-06,
2.49034e-05,8.66097e-06,1,
1,2.93298e-05,-2.53119e-05,
-2.933e-05,1,-8.80222e-06,
2.53116e-05,8.80296e-06,1,
1,2.98067e-05,-2.57234e-05,
-2.98069e-05,1,-8.94534e-06,
2.57232e-05,8.94611e-06,1,
1,3.02874e-05,-2.61383e-05,
-3.02877e-05,1,-9.08962e-06,
2.61381e-05,9.09041e-06,1,
1,3.0772e-05,-2.65565e-05,
-3.07723e-05,1,-9.23505e-06,
2.65563e-05,9.23587e-06,1,
1,3.12605e-05,-2.69781e-05,
-3.12607e-05,1,-9.38163e-06,
2.69778e-05,9.38248e-06,1,
1,3.17528e-05,-2.74029e-05,
-3.1753e-05,1,-9.52937e-06,
2.74026e-05,9.53024e-06,1,
1,3.22489e-05,-2.78311e-05,
-3.22492e-05,1,-9.67827e-06,
2.78308e-05,9.67916e-06,1,
1,3.27489e-05,-2.82626e-05,
-3.27492e-05,1,-9.82831e-06,
2.82623e-05,9.82924e-06,1,
1,3.32527e-05,-2.86974e-05,
-3.3253e-05,1,-9.97951e-06,
2.86971e-05,9.98047e-06,1,
1,3.37604e-05,-2.91355e-05,
-3.37607e-05,1,-1.01319e-05,
2.91352e-05,1.01329e-05,1,
1,3.42719e-05,-2.9577e-05,
-3.42722e-05,1,-1.02854e-05,
2.95766e-05,1.02864e-05,1,
1,3.47873e-05,-3.00218e-05,
-3.47876e-05,1,-1.044e-05,
3.00214e-05,1.04411e-05,1,
1,3.53065e-05,-3.04698e-05,
-3.53068e-05,1,-1.05959e-05,
3.04695e-05,1.05969e-05,1,
1,3.58295e-05,-3.09212e-05,
-3.58299e-05,1,-1.07528e-05,
3.09209e-05,1.07539e-05,1,
1,3.63564e-05,-3.1376e-05,
-3.63568e-05,1,-1.0911e-05,
3.13756e-05,1.09121e-05,1,
1,3.68872e-05,-3.1834e-05,
-3.68875e-05,1,-1.10702e-05,
3.18336e-05,1.10714e-05,1,
1,3.74218e-05,-3.22954e-05,
-3.74221e-05,1,-1.12307e-05,
3.2295e-05,1.12319e-05,1,
1,3.79602e-05,-3.27601e-05,
-3.79606e-05,1,-1.13923e-05,
3.27596e-05,1.13935e-05,1,
1,3.85025e-05,-3.32281e-05,
-3.85029e-05,1,-1.1555e-05,
3.32276e-05,1.15563e-05,1,
1,3.90486e-05,-3.36994e-05,
-3.9049e-05,1,-1.17189e-05,
3.36989e-05,1.17202e-05,1,
1,3.95986e-05,-3.4174e-05,
-3.9599e-05,1,-1.18839e-05,
3.41736e-05,1.18853e-05,1,
1,4.01524e-05,-3.4652e-05,
-4.01529e-05,1,-1.20501e-05,
3.46515e-05,1.20515e-05,1,
1,4.07101e-05,-3.51333e-05,
-4.07105e-05,1,-1.22175e-05,
3.51328e-05,1.22189e-05,1,
1,4.12716e-05,-3.56179e-05,
-4.12721e-05,1,-1.2386e-05,
3.56174e-05,1.23875e-05,1,
1,4.1837e-05,-3.61058e-05,
-4.18374e-05,1,-1.25557e-05,
3.61053e-05,1.25572e-05,1,
1,4.24062e-05,-3.6597e-05,
-4.24067e-05,1,-1.27265e-05,
3.65965e-05,1.27281e-05,1,
1,4.29792e-05,-3.70916e-05,
-4.29797e-05,1,-1.28985e-05,
3.7091e-05,1.29001e-05,1,
1,4.35561e-05,-3.75895e-05,
-4.35566e-05,1,-1.30716e-05,
3.75889e-05,1.30732e-05,1,
1,4.41369e-05,-3.80906e-05,
-4.41374e-05,1,-1.32459e-05,
3.80901e-05,1.32476e-05,1,
1,4.47215e-05,-3.85952e-05,
-4.4722e-05,1,-1.34213e-05,
3.85946e-05,1.3423e-05,1,
1,4.53099e-05,-3.9103e-05,
-4.53104e-05,1,-1.35979e-05,
3.91024e-05,1.35997e-05,1,
1,4.59022e-05,-3.96141e-05,
-4.59027e-05,1,-1.37757e-05,
3.96135e-05,1.37775e-05,1,
1,4.64983e-05,-4.01286e-05,
-4.64989e-05,1,-1.39546e-05,
4.0128e-05,1.39564e-05,1,
1,4.70983e-05,-4.06464e-05,
-4.70989e-05,1,-1.41346e-05,
4.06457e-05,1.41365e-05,1,
1,4.77021e-05,-4.11675e-05,
-4.77027e-05,1,-1.43158e-05,
4.11668e-05,1.43178e-05,1,
1,4.83098e-05,-4.1692e-05,
-4.83104e-05,1,-1.44982e-05,
4.16913e-05,1.45002e-05,1,
1,4.89213e-05,-4.22197e-05,
-4.89219e-05,1,-1.46817e-05,
4.2219e-05,1.46838e-05,1,
1,4.95367e-05,-4.27508e-05,
-4.95373e-05,1,-1.48664e-05,
4.275e-05,1.48685e-05,1,
1,5.01559e-05,-4.32852e-05,
-5.01565e-05,1,-1.50522e-05,
4.32844e-05,1.50544e-05,1,
1,5.07789e-05,-4.38229e-05,
-5.07796e-05,1,-1.52392e-05,
4.38221e-05,1.52414e-05,1,
1,5.14058e-05,-4.43639e-05,
-5.14065e-05,1,-1.54273e-05,
4.43631e-05,1.54296e-05,1,
1,5.20366e-05,-4.49082e-05,
-5.20373e-05,1,-1.56166e-05,
4.49074e-05,1.56189e-05,1,
1,5.26711e-05,-4.54559e-05,
-5.26719e-05,1,-1.5807e-05,
4.54551e-05,1.58094e-05,1,
1,5.33096e-05,-4.60069e-05,
-5.33103e-05,1,-1.59986e-05,
4.6006e-05,1.60011e-05,1,
1,5.39519e-05,-4.65612e-05,
-5.39526e-05,1,-1.61913e-05,
4.65603e-05,1.61939e-05,1,
1,5.4598e-05,-4.71188e-05,
-5.45987e-05,1,-1.63852e-05,
4.71179e-05,1.63878e-05,1,
1,5.52479e-05,-4.76797e-05,
-5.52487e-05,1,-1.65803e-05,
4.76788e-05,1.65829e-05,1,
1,5.59018e-05,-4.8244e-05,
-5.59026e-05,1,-1.67765e-05,
4.82431e-05,1.67792e-05,1,
1,5.65594e-05,-4.88116e-05,
-5.65603e-05,1,-1.69739e-05,
4.88106e-05,1.69766e-05,1,
1,5.72209e-05,-4.93825e-05,
-5.72218e-05,1,-1.71724e-05,
4.93815e-05,1.71752e-05,1,
1,5.78863e-05,-4.99567e-05,
-5.78872e-05,1,-1.73721e-05,
4.99557e-05,1.73749e-05,1,
1,5.85555e-05,-5.05342e-05,
-5.85564e-05,1,-1.75729e-05,
5.05332e-05,1.75758e-05,1,
1,5.92285e-05,-5.11151e-05,
-5.92294e-05,1,-1.77749e-05,
5.1114e-05,1.77779e-05,1,
1,5.99054e-05,-5.16993e-05,
-5.99064e-05,1,-1.7978e-05,
5.16982e-05,1.79811e-05,1,
1,6.05862e-05,-5.22868e-05,
-6.05871e-05,1,-1.81823e-05,
5.22857e-05,1.81854e-05,1,
1,6.12708e-05,-5.28776e-05,
-6.12717e-05,1,-1.83877e-05,
5.28765e-05,1.8391e-05,1,
1,6.19592e-05,-5.34717e-05,
-6.19602e-05,1,-1.85943e-05,
5.34706e-05,1.85976e-05,1,
1,6.26515e-05,-5.40692e-05,
-6.26525e-05,1,-1.88021e-05,
5.4068e-05,1.88054e-05,1,
1,6.33476e-05,-5.46699e-05,
-6.33486e-05,1,-1.9011e-05,
5.46687e-05,1.90144e-05,1,
1,6.40475e-05,-5.5274e-05,
-6.40486e-05,1,-1.9221e-05,
5.52728e-05,1.92246e-05,1,
1,6.47514e-05,-5.58814e-05,
-6.47524e-05,1,-1.94322e-05,
5.58802e-05,1.94358e-05,1,
1,6.5459e-05,-5.64922e-05,
-6.54601e-05,1,-1.96446e-05,
5.64909e-05,1.96483e-05,1,
1,6.61705e-05,-5.71062e-05,
-6.61717e-05,1,-1.98581e-05,
5.71049e-05,1.98619e-05,1,
1,6.68859e-05,-5.77236e-05,
-6.6887e-05,1,-2.00728e-05,
5.77222e-05,2.00766e-05,1,
1,6.76051e-05,-5.83443e-05,
-6.76063e-05,1,-2.02886e-05,
5.83429e-05,2.02925e-05,1,
1,6.83281e-05,-5.89683e-05,
-6.83293e-05,1,-2.05056e-05,
5.89669e-05,2.05096e-05,1,
1,6.9055e-05,-5.95956e-05,
-6.90562e-05,1,-2.07237e-05,
5.95942e-05,2.07278e-05,1,
1,6.97857e-05,-6.02263e-05,
-6.9787e-05,1,-2.0943e-05,
6.02248e-05,2.09472e-05,1,
1,7.05203e-05,-6.08602e-05,
-7.05216e-05,1,-2.11634e-05,
6.08587e-05,2.11677e-05,1,
1,7.12587e-05,-6.14975e-05,
-7.12601e-05,1,-2.1385e-05,
6.1496e-05,2.13894e-05,1,
1,7.2001e-05,-6.21381e-05,
-7.20024e-05,1,-2.16078e-05,
6.21365e-05,2.16123e-05,1,
1,7.27471e-05,-6.2782e-05,
-7.27485e-05,1,-2.18317e-05,
6.27804e-05,2.18363e-05,1,
1,7.34971e-05,-6.34293e-05,
-7.34985e-05,1,-2.20567e-05,
6.34276e-05,2.20614e-05,1,
1,7.42509e-05,-6.40798e-05,
-7.42523e-05,1,-2.2283e-05,
6.40782e-05,2.22877e-05,1,
1,7.50086e-05,-6.47337e-05,
-7.501e-05,1,-2.25103e-05,
6.4732e-05,2.25152e-05,1,
1,7.57701e-05,-6.53909e-05,
-7.57715e-05,1,-2.27388e-05,
6.53892e-05,2.27438e-05,1,
1,7.65354e-05,-6.60514e-05,
-7.65369e-05,1,-2.29685e-05,
6.60497e-05,2.29736e-05,1,
1,7.73046e-05,-6.67153e-05,
-7.73061e-05,1,-2.31993e-05,
6.67135e-05,2.32045e-05,1,
1,7.80776e-05,-6.73824e-05,
-7.80792e-05,1,-2.34313e-05,
6.73806e-05,2.34366e-05,1,
1,7.88545e-05,-6.80529e-05,
-7.88561e-05,1,-2.36644e-05,
6.8051e-05,2.36698e-05,1,
1,7.96353e-05,-6.87267e-05,
-7.96369e-05,1,-2.38987e-05,
6.87248e-05,2.39042e-05,1,
1,8.04198e-05,-6.94038e-05,
-8.04215e-05,1,-2.41342e-05,
6.94019e-05,2.41398e-05,1,
1,8.12082e-05,-7.00842e-05,
-8.121e-05,1,-2.43708e-05,
7.00823e-05,2.43765e-05,1,
1,8.20005e-05,-7.0768e-05,
-8.20023e-05,1,-2.46085e-05,
7.0766e-05,2.46143e-05,1,
1,8.27966e-05,-7.14551e-05,
-8.27984e-05,1,-2.48474e-05,
7.1453e-05,2.48533e-05,1,
1,8.35966e-05,-7.21455e-05,
-8.35984e-05,1,-2.50875e-05,
7.21434e-05,2.50935e-05,1,
1,8.44004e-05,-7.28392e-05,
-8.44022e-05,1,-2.53287e-05,
7.2837e-05,2.53348e-05,1,
1,8.5208e-05,-7.35362e-05,
-8.52099e-05,1,-2.5571e-05,
7.3534e-05,2.55773e-05,1,
1,8.60195e-05,-7.42366e-05,
-8.60215e-05,1,-2.58146e-05,
7.42343e-05,2.5821e-05,1,
1,8.68349e-05,-7.49402e-05,
-8.68368e-05,1,-2.60592e-05,
7.4938e-05,2.60657e-05,1,
1,8.76541e-05,-7.56472e-05,
-8.76561e-05,1,-2.63051e-05,
7.56449e-05,2.63117e-05,1,
1,8.84771e-05,-7.63575e-05,
-8.84791e-05,1,-2.6552e-05,
7.63552e-05,2.65588e-05,1,
1,8.9304e-05,-7.70712e-05,
-8.9306e-05,1,-2.68002e-05,
7.70688e-05,2.68071e-05,1,
1,9.01347e-05,-7.77881e-05,
-9.01368e-05,1,-2.70495e-05,
7.77857e-05,2.70565e-05,1,
1,9.09693e-05,-7.85084e-05,
-9.09714e-05,1,-2.72999e-05,
7.85059e-05,2.7307e-05,1,
1,9.18077e-05,-7.9232e-05,
-9.18099e-05,1,-2.75515e-05,
7.92294e-05,2.75588e-05,1,
1,9.265e-05,-7.99589e-05,
-9.26522e-05,1,-2.78042e-05,
7.99563e-05,2.78117e-05,1,
1,9.34961e-05,-8.06891e-05,
-9.34983e-05,1,-2.80581e-05,
8.06865e-05,2.80657e-05,1,
1,9.4346e-05,-8.14226e-05,
-9.43483e-05,1,-2.83132e-05,
8.142e-05,2.83209e-05,1,
1,9.51998e-05,-8.21595e-05,
-9.52022e-05,1,-2.85694e-05,
8.21568e-05,2.85772e-05,1,
1,9.60575e-05,-8.28997e-05,
-9.60599e-05,1,-2.88268e-05,
8.28969e-05,2.88347e-05,1,
1,9.6919e-05,-8.36432e-05,
-9.69214e-05,1,-2.90853e-05,
8.36404e-05,2.90934e-05,1,
1,9.77843e-05,-8.439e-05,
-9.77868e-05,1,-2.9345e-05,
8.43871e-05,2.93532e-05,1,
1,9.86535e-05,-8.51401e-05,
-9.8656e-05,1,-2.96058e-05,
8.51372e-05,2.96142e-05,1,
1,9.95265e-05,-8.58936e-05,
-9.95291e-05,1,-2.98678e-05,
8.58906e-05,2.98763e-05,1,
1,0.000100403,-8.66504e-05,
-0.000100406,1,-3.01309e-05,
8.66473e-05,3.01396e-05,1,
1,0.000101284,-8.74105e-05,
-0.000101287,1,-3.03952e-05,
8.74074e-05,3.0404e-05,1,
1,0.000102169,-8.81739e-05,
-0.000102171,1,-3.06606e-05,
8.81708e-05,3.06696e-05,1,
1,0.000103057,-8.89406e-05,
-0.00010306,1,-3.09272e-05,
8.89374e-05,3.09364e-05,1,
1,0.000103949,-8.97107e-05,
-0.000103952,1,-3.1195e-05,
8.97074e-05,3.12043e-05,1,
1,0.000104845,-9.04841e-05,
-0.000104848,1,-3.14639e-05,
9.04808e-05,3.14733e-05,1,
1,0.000105745,-9.12608e-05,
-0.000105748,1,-3.17339e-05,
9.12574e-05,3.17436e-05,1,
1,0.000106649,-9.20408e-05,
-0.000106652,1,-3.20051e-05,
9.20374e-05,3.20149e-05,1,
1,0.000107557,-9.28241e-05,
-0.00010756,1,-3.22775e-05,
9.28206e-05,3.22875e-05,1,
1,0.000108468,-9.36108e-05,
-0.000108471,1,-3.2551e-05,
9.36072e-05,3.25612e-05,1,
1,0.000109384,-9.44007e-05,
-0.000109387,1,-3.28257e-05,
9.43971e-05,3.2836e-05,1,
1,0.000110303,-9.5194e-05,
-0.000110306,1,-3.31015e-05,
9.51904e-05,3.3112e-05,1,
1,0.000111226,-9.59906e-05,
-0.000111229,1,-3.33785e-05,
9.59869e-05,3.33891e-05,1,
1,0.000112153,-9.67906e-05,
-0.000112156,1,-3.36566e-05,
9.67868e-05,3.36674e-05,1,
1,0.000113083,-9.75938e-05,
-0.000113087,1,-3.39359e-05,
9.759e-05,3.39469e-05,1,
1,0.000114018,-9.84004e-05,
-0.000114021,1,-3.42163e-05,
9.83965e-05,3.42275e-05,1,
1,0.000114956,-9.92103e-05,
-0.00011496,1,-3.44979e-05,
9.92063e-05,3.45093e-05,1,
1,0.000115899,-0.000100023,
-0.000115902,1,-3.47807e-05,
0.000100019,3.47922e-05,1,
1,0.000116845,-0.00010084,
-0.000116848,1,-3.50645e-05,
0.000100836,3.50763e-05,1,
1,0.000117795,-0.00010166,
-0.000117798,1,-3.53496e-05,
0.000101656,3.53616e-05,1,
1,0.000118748,-0.000102483,
-0.000118752,1,-3.56358e-05,
0.000102479,3.5648e-05,1,
1,0.000119706,-0.000103309,
-0.00011971,1,-3.59232e-05,
0.000103305,3.59355e-05,1,
1,0.000120668,-0.000104139,
-0.000120671,1,-3.62117e-05,
0.000104135,3.62242e-05,1,
1,0.000121633,-0.000104972,
-0.000121637,1,-3.65013e-05,
0.000104968,3.65141e-05,1,
1,0.000122598,-0.000240434,
-0.000122607,1,-3.67746e-05,
0.000240429,3.6804e-05,1,
1,0.000123563,-0.000510524,
-0.000123582,1,-3.70312e-05,
0.000510519,3.70943e-05,1,
1,0.000124529,-0.000915242,
-0.000124563,1,-3.7271e-05,
0.000915238,3.7385e-05,1,
0.999999,0.000125494,-0.00145459,
-0.000125548,1,-3.74939e-05,
0.00145458,3.76765e-05,0.999999,
0.999998,0.000126458,-0.00212856,
-0.000126539,1,-3.76996e-05,
0.00212856,3.79689e-05,0.999998,
0.999996,0.000127423,-0.00293716,
-0.000127535,1,-3.7888e-05,
0.00293716,3.82624e-05,0.999996,
0.999992,0.000128387,-0.00388039,
-0.000128536,1,-3.80589e-05,
0.00388039,3.85574e-05,0.999992,
0.999988,0.000129351,-0.00495824,
-0.000129543,1,-3.82122e-05,
0.00495824,3.8854e-05,0.999988,
0.999981,0.000130315,-0.00617071,
-0.000130554,1,-3.83475e-05,
0.00617071,3.91524e-05,0.999981,
0.999972,0.000131279,-0.0075178,
-0.000131571,1,-3.84648e-05,
0.00751779,3.94529e-05,0.999972,
0.999959,0.000132241,-0.00899949,
-0.000132594,1,-3.85639e-05,
0.00899949,3.97556e-05,0.99996,
0.999944,0.000133204,-0.0106158,
-0.000133622,1,-3.86445e-05,
0.0106158,4.00608e-05,0.999944,
0.999924,0.000134166,-0.0123667,
-0.000134655,1,-3.87065e-05,
0.0123667,4.03688e-05,0.999924,
0.999898,0.000135127,-0.0142521,
-0.000135693,1,-3.87503e-05,
0.0142521,4.06803e-05,0.999898,
0.999868,0.000136088,-0.0162722,
-0.000136737,1,-3.87751e-05,
0.0162722,4.0995e-05,0.999868,
0.99983,0.000137048,-0.0184267,
-0.000137786,1,-3.87808e-05,
0.0184267,4.13131e-05,0.99983,
0.999785,0.000138007,-0.0207158,
-0.00013884,1,-3.8767e-05,
0.0207158,4.16349e-05,0.999785,
0.999732,0.000138965,-0.0231394,
-0.000139899,1,-3.87337e-05,
0.0231394,4.19605e-05,0.999732,
0.99967,0.000139923,-0.0256974,
-0.000140964,1,-3.86806e-05,
0.0256974,4.22902e-05,0.99967,
0.999597,0.00014088,-0.0283898,
-0.000142033,1,-3.86074e-05,
0.0283898,4.26241e-05,0.999597,
0.999513,0.000141835,-0.0312166,
-0.000143107,1,-3.85141e-05,
0.0312166,4.29626e-05,0.999513,
0.999416,0.00014279,-0.0341777,
-0.000144187,1,-3.84003e-05,
0.0341777,4.33058e-05,0.999416,
0.999305,0.000143744,-0.037273,
-0.000145271,1,-3.82658e-05,
0.037273,4.36539e-05,0.999305,
0.999179,0.000144696,-0.0405025,
-0.00014636,1,-3.81106e-05,
0.0405024,4.40072e-05,0.999179,
0.999037,0.000145647,-0.043866,
-0.000147453,1,-3.79342e-05,
0.043866,4.43659e-05,0.999037,
0.998878,0.000146597,-0.0473635,
-0.000148551,1,-3.77365e-05,
0.0473635,4.47301e-05,0.998878,
0.998699,0.000147545,-0.0509949,
-0.000149653,1,-3.75174e-05,
0.0509949,4.51001e-05,0.998699,
0.9985,0.000148492,-0.0547601,
-0.000150759,1,-3.72765e-05,
0.0547601,4.54761e-05,0.9985,
0.998278,0.000149437,-0.0586589,
-0.00015187,1,-3.70136e-05,
0.0586589,4.58584e-05,0.998278,
0.998033,0.000150381,-0.0626911,
-0.000152984,1,-3.67286e-05,
0.0626911,4.62471e-05,0.998033,
0.997763,0.000151322,-0.0668567,
-0.000154102,1,-3.64211e-05,
0.0668567,4.66424e-05,0.997763,
0.997465,0.000152262,-0.0711554,
-0.000155224,1,-3.6091e-05,
0.0711554,4.70446e-05,0.997465,
0.997139,0.0001532,-0.075587,
-0.000156349,1,-3.57381e-05,
0.075587,4.74538e-05,0.997139,
0.996783,0.000154136,-0.0801513,
-0.000157477,1,-3.53621e-05,
0.0801513,4.78703e-05,0.996783,
0.996394,0.00015507,-0.0848481,
-0.000158608,1,-3.49628e-05,
0.0848481,4.82943e-05,0.996394,
0.995971,0.000156001,-0.0896771,
-0.000159742,1,-3.45399e-05,
0.0896771,4.87259e-05,0.995971,
0.995512,0.00015693,-0.094638,
-0.000160878,1,-3.40933e-05,
0.094638,4.91654e-05,0.995512,
0.995014,0.000157856,-0.0997305,
-0.000162017,1,-3.36226e-05,
0.0997305,4.9613e-05,0.995014,
0.994477,0.00015878,-0.104954,
-0.000163158,1,-3.31278e-05,
0.104954,5.00689e-05,0.994477,
0.993897,0.0001597,-0.110309,
-0.0001643,1,-3.26085e-05,
0.110309,5.05333e-05,0.993897,
0.993273,0.000160618,-0.115794,
-0.000165444,1,-3.20646e-05,
0.115794,5.10063e-05,0.993273,
0.992602,0.000161533,-0.12141,
-0.000166589,1,-3.14957e-05,
0.12141,5.14882e-05,0.992603,
0.991883,0.000162444,-0.127155,
-0.000167735,1,-3.09018e-05,
0.127155,5.19792e-05,0.991883,
0.991112,0.000163352,-0.133029,
-0.000168882,1,-3.02825e-05,
0.133029,5.24794e-05,0.991112,
0.990288,0.000164257,-0.139031,
-0.000170028,1,-2.96376e-05,
0.139031,5.29891e-05,0.990288,
0.989408,0.000165157,-0.145162,
-0.000171175,1,-2.8967e-05,
0.145162,5.35084e-05,0.989408,
0.988469,0.000166054,-0.151421,
-0.000172322,1,-2.82703e-05,
0.151421,5.40375e-05,0.988469,
0.98747,0.000166947,-0.157806,
-0.000173468,1,-2.75475e-05,
0.157806,5.45766e-05,0.98747,
0.986407,0.000167835,-0.164318,
-0.000174612,1,-2.67982e-05,
0.164318,5.51258e-05,0.986407,
0.985279,0.00016872,-0.170955,
-0.000175755,1,-2.60223e-05,
0.170955,5.56855e-05,0.985279,
0.984082,0.000169599,-0.177716,
-0.000176897,1,-2.52196e-05,
0.177716,5.62556e-05,0.984082,
0.982813,0.000170474,-0.184602,
-0.000178036,1,-2.43898e-05,
0.184602,5.68365e-05,0.982813,
0.981471,0.000171343,-0.191611,
-0.000179172,1,-2.35328e-05,
0.191611,5.74282e-05,0.981471,
0.980052,0.000172208,-0.198742,
-0.000180305,1,-2.26484e-05,
0.198742,5.80309e-05,0.980052,
0.978553,0.000173066,-0.205994,
-0.000181435,1,-2.17363e-05,
0.205994,5.86448e-05,0.978553,
0.976972,0.00017392,-0.213367,
-0.000182561,1,-2.07965e-05,
0.213367,5.927e-05,0.976972,
0.975306,0.000174767,-0.220858,
-0.000183682,1,-1.98286e-05,
0.220858,5.99067e-05,0.975306,
0.973551,0.000175608,-0.228468,
-0.000184799,1,-1.88326e-05,
0.228468,6.05551e-05,0.973551,
0.971706,0.000176443,-0.236195,
-0.00018591,1,-1.78083e-05,
0.236195,6.12153e-05,0.971706,
0.969766,0.000177271,-0.244037,
-0.000187015,1,-1.67555e-05,
0.244037,6.18873e-05,0.969766,
0.967729,0.000178093,-0.251993,
-0.000188113,1,-1.5674e-05,
0.251993,6.25715e-05,0.967729,
0.965592,0.000178907,-0.260063,
-0.000189205,1,-1.45637e-05,
0.260063,6.32678e-05,0.965592,
0.963351,0.000179714,-0.268244,
-0.000190289,1,-1.34245e-05,
0.268244,6.39764e-05,0.963351,
0.961004,0.000180513,-0.276536,
-0.000191365,1,-1.22562e-05,
0.276536,6.46975e-05,0.961004,
0.958547,0.000181304,-0.284935,
-0.000192432,1,-1.10587e-05,
0.284935,6.54311e-05,0.958547,
0.955977,0.000182087,-0.293442,
-0.00019349,1,-9.83192e-06,
0.293442,6.61773e-05,0.955977,
0.953291,0.000182862,-0.302054,
-0.000194539,1,-8.57566e-06,
0.302054,6.69363e-05,0.953291,
0.950485,0.000183628,-0.310769,
-0.000195577,1,-7.28988e-06,
0.310769,6.77082e-05,0.950485,
0.947557,0.000184384,-0.319586,
-0.000196604,1,-5.97448e-06,
0.319586,6.8493e-05,0.947557,
0.944503,0.000185131,-0.328502,
-0.000197619,1,-4.62937e-06,
0.328502,6.92909e-05,0.944503,
0.94132,0.000185869,-0.337516,
-0.000198622,1,-3.25449e-06,
0.337516,7.01018e-05,0.94132,
0.938004,0.000186596,-0.346626,
-0.000199612,1,-1.84978e-06,
0.346626,7.09259e-05,0.938004,
0.934551,0.000187313,-0.355828,
-0.000200589,1,-4.1519e-07,
0.355828,7.17633e-05,0.934551,
0.93096,0.000188019,-0.365122,
-0.000201551,1,1.04931e-06,
0.365122,7.26139e-05,0.93096,
0.927225,0.000188714,-0.374504,
-0.000202498,1,2.54375e-06,
0.374504,7.34779e-05,0.927225,
0.923345,0.000189398,-0.383972,
-0.00020343,1,4.06813e-06,
0.383972,7.43552e-05,0.923345,
0.919314,0.00019007,-0.393524,
-0.000204345,1,5.62245e-06,
0.393524,7.5246e-05,0.919314,
0.915131,0.00019073,-0.403157,
-0.000205243,1,7.20669e-06,
0.403157,7.61502e-05,0.915131,
0.910791,0.000191377,-0.412868,
-0.000206123,1,8.82083e-06,
0.412868,7.70678e-05,0.910791,
0.906291,0.000192012,-0.422654,
-0.000206985,1,1.04648e-05,
0.422654,7.79989e-05,0.906291,
0.901628,0.000192633,-0.432513,
-0.000207827,1,1.21385e-05,
0.432513,7.89435e-05,0.901628,
0.896798,0.00019324,-0.442441,
-0.000208649,1,1.3842e-05,
0.442441,7.99014e-05,0.896798,
0.891797,0.000193834,-0.452435,
-0.00020945,1,1.5575e-05,
0.452435,8.08728e-05,0.891797,
0.886623,0.000194413,-0.462492,
-0.000210229,1,1.73376e-05,
0.462492,8.18575e-05,0.886623,
0.881273,0.000194977,-0.472608,
-0.000210986,1,1.91295e-05,
0.472608,8.28555e-05,0.881273,
0.875741,0.000195526,-0.482781,
-0.000211719,1,2.09506e-05,
0.482781,8.38668e-05,0.875741,
0.870026,0.000196059,-0.493006,
-0.000212429,1,2.28007e-05,
0.493006,8.48913e-05,0.870026,
0.864124,0.000196577,-0.503279,
-0.000213113,1,2.46797e-05,
0.503279,8.5929e-05,0.864124,
0.858031,0.000197077,-0.513598,
-0.000213771,1,2.65873e-05,
0.513598,8.69796e-05,0.858031,
0.851745,0.000197561,-0.523957,
-0.000214402,1,2.85233e-05,
0.523957,8.80431e-05,0.851745,
0.845261,0.000198028,-0.534353,
-0.000215006,1,3.04875e-05,
0.534353,8.91195e-05,0.845261,
0.838577,0.000198476,-0.544782,
-0.000215582,1,3.24796e-05,
0.544782,9.02085e-05,0.838577,
0.83169,0.000198907,-0.55524,
-0.000216128,1,3.44992e-05,
0.55524,9.13101e-05,0.83169,
0.824597,0.000199319,-0.565721,
-0.000216644,1,3.65462e-05,
0.565721,9.2424e-05,0.824597,
0.817293,0.000199711,-0.576222,
-0.000217128,1,3.86201e-05,
0.576222,9.35502e-05,0.817293,
0.809777,0.000200084,-0.586737,
-0.000217581,1,4.07205e-05,
0.586737,9.46884e-05,0.809777,
0.802046,0.000200438,-0.597263,
-0.000218001,1,4.28472e-05,
0.597263,9.58384e-05,0.802046,
0.794095,0.00020077,-0.607793,
-0.000218387,1,4.49996e-05,
0.607793,9.7e-05,0.794095,
0.785923,0.000201082,-0.618324,
-0.000218738,1,4.71773e-05,
0.618324,9.8173e-05,0.785923,
0.777527,0.000201372,-0.628849,
-0.000219053,1,4.93799e-05,
0.628849,9.93571e-05,0.777527,
0.768904,0.000201641,-0.639364,
-0.000219332,1,5.16068e-05,
0.639364,0.000100552,0.768904,
0.760051,0.000201887,-0.649863,
-0.000219573,1,5.38577e-05,
0.649863,0.000101758,0.760051,
0.750966,0.00020211,-0.660341,
-0.000219776,1,5.61318e-05,
0.660341,0.000102974,0.750966,
0.741646,0.00020231,-0.670791,
-0.000219939,1,5.84286e-05,
0.670791,0.0001042,0.741646,
0.732089,0.000202487,-0.681209,
-0.000220062,1,6.07476e-05,
0.681209,0.000105436,0.732089,
0.722293,0.000202639,-0.691587,
-0.000220144,1,6.3088e-05,
0.691587,0.000106681,0.722293,
0.712255,0.000202767,-0.701921,
-0.000220183,1,6.54493e-05,
0.701921,0.000107935,0.712255,
0.701973,0.000202869,-0.712203,
-0.00022018,1,6.78307e-05,
0.712203,0.000109197,0.701973,
0.691446,0.000202947,-0.722428,
-0.000220132,1,7.02315e-05,
0.722428,0.000110468,0.691446,
0.680671,0.000202998,-0.732589,
-0.000220039,1,7.26509e-05,
0.732589,0.000111747,0.680671,
0.669646,0.000203022,-0.74268,
-0.000219901,1,7.50882e-05,
0.74268,0.000113033,0.669646,
0.658371,0.00020302,-0.752693,
-0.000219715,1,7.75425e-05,
0.752693,0.000114326,0.658371,
0.646844,0.00020299,-0.762623,
-0.000219482,1,8.0013e-05,
0.762623,0.000115626,0.646844,
0.635062,0.000202933,-0.772461,
-0.0002192,1,8.24988e-05,
0.772461,0.000116932,0.635062,
0.623026,0.000202847,-0.782201,
-0.000218869,1,8.49989e-05,
0.782201,0.000118243,0.623026,
0.610734,0.000202733,-0.791836,
-0.000218487,1,8.75125e-05,
0.791836,0.000119559,0.610734,
0.598185,0.00020259,-0.801358,
-0.000218054,1,9.00385e-05,
0.801358,0.00012088,0.598185,
0.585378,0.000202417,-0.81076,
-0.000217569,1,9.25759e-05,
0.81076,0.000122204,0.585378,
0.572313,0.000202214,-0.820035,
-0.000217031,1,9.51237e-05,
0.820035,0.000123532,0.572314,
0.55899,0.000201981,-0.829174,
-0.000216438,1,9.76807e-05,
0.829174,0.000124863,0.55899,
0.545408,0.000201718,-0.838171,
-0.000215792,1,0.000100246,
0.838171,0.000126195,0.545408,
0.531567,0.000201423,-0.847016,
-0.000215089,1,0.000102818,
0.847016,0.000127529,0.531567,
0.517467,0.000201097,-0.855703,
-0.000214331,1,0.000105396,
0.855703,0.000128864,0.517467,
0.50311,0.000200738,-0.864223,
-0.000213515,1,0.000107978,
0.864223,0.000130199,0.50311,
0.488494,0.000200348,-0.872567,
-0.000212641,1,0.000110564,
0.872567,0.000131534,0.488494,
0.473621,0.000199926,-0.880729,
-0.000211709,1,0.000113151,
0.880729,0.000132867,0.473621,
0.458493,0.00019947,-0.888698,
-0.000210717,1,0.00011574,
0.888698,0.000134198,0.458493,
0.44311,0.000198981,-0.896467,
-0.000209666,1,0.000118327,
0.896467,0.000135527,0.44311,
0.427473,0.000198459,-0.904028,
-0.000208553,1,0.000120912,
0.904028,0.000136851,0.427473,
0.411585,0.000197903,-0.911371,
-0.00020738,1,0.000123494,
0.911371,0.000138172,0.411585,
0.395447,0.000197314,-0.918489,
-0.000206144,1,0.000126071,
0.918489,0.000139487,0.395447,
0.379061,0.000196689,-0.925372,
-0.000204846,1,0.00012864,
0.925372,0.000140796,0.379061,
0.36243,0.000196031,-0.932011,
-0.000203485,1,0.000131202,
0.932011,0.000142099,0.36243,
0.345557,0.000195338,-0.938398,
-0.00020206,1,0.000133754,
0.938398,0.000143393,0.345557,
0.328444,0.00019461,-0.944524,
-0.000200571,1,0.000136295,
0.944524,0.000144679,0.328444,
0.311094,0.000193847,-0.950379,
-0.000199018,1,0.000138822,
0.950379,0.000145956,0.311094,
0.293512,0.000193049,-0.955956,
-0.000197399,1,0.000141335,
0.955956,0.000147222,0.293512,
0.2757,0.000192215,-0.961244,
-0.000195715,1,0.000143831,
0.961244,0.000148476,0.2757,
0.257662,0.000191346,-0.966235,
-0.000193966,1,0.000146309,
0.966235,0.000149718,0.257662,
0.239404,0.000190442,-0.97092,
-0.00019215,1,0.000148767,
0.97092,0.000150947,0.239404,
0.22093,0.000189502,-0.97529,
-0.000190268,1,0.000151202,
0.97529,0.000152161,0.22093,
0.202244,0.000188527,-0.979335,
-0.00018832,1,0.000153615,
0.979335,0.00015336,0.202244,
0.183351,0.000187516,-0.983047,
-0.000186304,1,0.000156001,
0.983047,0.000154543,0.183351,
0.164258,0.000186469,-0.986417,
-0.000184222,1,0.00015836,
0.986417,0.000155708,0.164258,
0.14497,0.000185387,-0.989436,
-0.000182073,1,0.00016069,
0.989436,0.000156854,0.14497,
0.125493,0.00018427,-0.992094,
-0.000179857,1,0.000162988,
0.992094,0.000157981,0.125493,
0.105834,0.000183117,-0.994384,
-0.000177574,1,0.000165252,
0.994384,0.000159087,0.105834,
0.0859989,0.00018193,-0.996295,
-0.000175224,1,0.000167481,
0.996295,0.000160172,0.0859989,
0.0659954,0.000180707,-0.99782,
-0.000172808,1,0.000169673,
0.99782,0.000161233,0.0659955,
0.0458309,0.00017945,-0.998949,
-0.000170324,1,0.000171824,
0.998949,0.000162271,0.0458309,
0.025513,0.000178158,-0.999674,
-0.000167775,1,0.000173935,
0.999674,0.000163283,0.0255131,
0.00505001,0.000176833,-0.999987,
-0.000165159,1,0.000176001,
0.999987,0.000164269,0.00505004,
-0.0155498,0.000175473,-0.999879,
-0.000162478,1,0.000178021,
0.999879,0.000165227,-0.0155498,
-0.0362776,0.00017408,-0.999342,
-0.000159732,1,0.000179993,
0.999342,0.000166156,-0.0362775,
-0.0571242,0.000172653,-0.998367,
-0.000156921,1,0.000181914,
0.998367,0.000167056,-0.0571241,
-0.0780801,0.000171195,-0.996947,
-0.000154045,1,0.000183784,
0.996947,0.000167925,-0.0780801,
-0.0991357,0.000169703,-0.995074,
-0.000151107,1,0.000185598,
0.995074,0.000168762,-0.0991356,
-0.120281,0.000168181,-0.99274,
-0.000148105,1,0.000187355,
0.99274,0.000169565,-0.120281,
-0.141504,0.000166627,-0.989938,
-0.000145041,1,0.000189053,
0.989938,0.000170333,-0.141504,
-0.162796,0.000165043,-0.98666,
-0.000141916,1,0.00019069,
0.98666,0.000171066,-0.162796,
-0.184145,0.000163429,-0.982899,
-0.000138731,1,0.000192263,
0.982899,0.000171762,-0.184145,
-0.205539,0.000161785,-0.978649,
-0.000135486,1,0.00019377,
0.978649,0.00017242,-0.205539,
-0.226966,0.000160114,-0.973903,
-0.000132183,1,0.000195209,
0.973903,0.000173039,-0.226966,
-0.248414,0.000158414,-0.968654,
-0.000128822,1,0.000196577,
0.968654,0.000173617,-0.248414,
-0.269871,0.000156688,-0.962896,
-0.000125406,1,0.000197873,
0.962896,0.000174153,-0.269871,
-0.291324,0.000154936,-0.956625,
-0.000121935,1,0.000199094,
0.956625,0.000174647,-0.291324,
-0.312758,0.000153158,-0.949833,
-0.000118411,1,0.000200238,
0.949833,0.000175096,-0.312758,
-0.334162,0.000151357,-0.942516,
-0.000114834,1,0.000201302,
0.942516,0.000175501,-0.334162,
-0.355521,0.000149533,-0.934668,
-0.000111208,1,0.000202285,
0.934668,0.000175859,-0.355521,
-0.37682,0.000147686,-0.926286,
-0.000107533,1,0.000203184,
0.926287,0.00017617,-0.37682,
-0.398045,0.000145819,-0.917366,
-0.00010381,1,0.000203997,
0.917366,0.000176432,-0.398045,
-0.419182,0.000143931,-0.907902,
-0.000100043,1,0.000204722,
0.907902,0.000176645,-0.419182,
-0.440215,0.000142025,-0.897893,
-9.62321e-05,1,0.000205357,
0.897893,0.000176807,-0.440215,
-0.461128,0.000140102,-0.887334,
-9.23799e-05,1,0.000205899,
0.887334,0.000176918,-0.461128,
-0.481906,0.000138163,-0.876223,
-8.84883e-05,1,0.000206347,
0.876223,0.000176975,-0.481906,
-0.502534,0.000136209,-0.864558,
-8.45595e-05,1,0.000206698,
0.864558,0.000176979,-0.502534,
-0.522993,0.000134241,-0.852337,
-8.05956e-05,1,0.000206952,
0.852337,0.000176929,-0.522993,
-0.543269,0.000132262,-0.839559,
-7.65991e-05,1,0.000207104,
0.839559,0.000176823,-0.543269,
-0.563344,0.000130272,-0.826222,
-7.25722e-05,1,0.000207154,
0.826222,0.00017666,-0.563344,
-0.583201,0.000128274,-0.812328,
-6.85174e-05,1,0.0002071,
0.812328,0.00017644,-0.583201,
-0.602823,0.000126268,-0.797875,
-6.44374e-05,1,0.00020694,
0.797875,0.000176161,-0.602823,
-0.622193,0.000124257,-0.782864,
-6.03347e-05,1,0.000206673,
0.782864,0.000175824,-0.622193,
-0.641292,0.000122241,-0.767297,
-5.62122e-05,1,0.000206295,
0.767297,0.000175427,-0.641292,
-0.660103,0.000120223,-0.751175,
-5.20725e-05,1,0.000205806,
0.751175,0.000174969,-0.660103,
-0.678608,0.000118205,-0.734501,
-4.79187e-05,1,0.000205205,
0.734501,0.00017445,-0.678608,
-0.696788,0.000116188,-0.717277,
-4.37537e-05,1,0.000204489,
0.717277,0.000173869,-0.696788,
-0.714626,0.000114175,-0.699507,
-3.95806e-05,1,0.000203658,
0.699507,0.000173226,-0.714626,
-0.732102,0.000112166,-0.681195,
-3.54025e-05,1,0.000202709,
0.681195,0.00017252,-0.732102,
-0.749199,0.000110165,-0.662346,
-3.12227e-05,1,0.000201642,
0.662346,0.00017175,-0.749198,
-0.765896,0.000108172,-0.642964,
-2.70445e-05,1,0.000200455,
0.642964,0.000170917,-0.765896,
-0.782177,0.000106191,-0.623057,
-2.28714e-05,1,0.000199148,
0.623057,0.000170019,-0.782177,
-0.798021,0.000104222,-0.602629,
-1.87066e-05,1,0.000197718,
0.60263,0.000169056,-0.798021,
-0.81341,0.000102269,-0.58169,
-1.4554e-05,1,0.000196166,
0.58169,0.000168029,-0.81341,
-0.828326,0.000100334,-0.560246,
-1.04169e-05,1,0.00019449,
0.560246,0.000166937,-0.828326,
-0.842749,9.84175e-05,-0.538307,
-6.29918e-06,1,0.00019269,
0.538307,0.00016578,-0.842749,
-0.85666,9.65231e-05,-0.515881,
-2.20454e-06,1,0.000190764,
0.515881,0.000164557,-0.85666,
-0.870041,9.46527e-05,-0.492979,
1.86317e-06,1,0.000188713,
0.492979,0.00016327,-0.870041,
-0.882874,9.28085e-05,-0.469611,
5.90008e-06,1,0.000186536,
0.469611,0.000161917,-0.882874,
-0.895139,9.09928e-05,-0.445788,
9.90224e-06,1,0.000184233,
0.445788,0.0001605,-0.895138,
-0.906817,8.9208e-05,-0.421524,
1.38656e-05,1,0.000181803,
0.421524,0.000159018,-0.906817,
-0.917892,8.74564e-05,-0.39683,
1.77862e-05,1,0.000179247,
0.39683,0.000157472,-0.917892,
-0.928345,8.57404e-05,-0.37172,
2.16598e-05,1,0.000176565,
0.37172,0.000155861,-0.928345,
-0.938157,8.40622e-05,-0.346209,
2.54824e-05,1,0.000173756,
0.346209,0.000154188,-0.938157,
-0.947312,8.24244e-05,-0.320312,
2.92496e-05,1,0.000170821,
0.320312,0.000152451,-0.947312,
-0.955792,8.08293e-05,-0.294045,
3.29573e-05,1,0.00016776,
0.294045,0.000150653,-0.955792,
-0.963579,7.92793e-05,-0.267423,
3.66012e-05,1,0.000164575,
0.267423,0.000148793,-0.963579,
-0.970658,7.77768e-05,-0.240465,
4.01769e-05,1,0.000161265,
0.240465,0.000146872,-0.970658,
-0.977011,7.63243e-05,-0.213189,
4.36802e-05,1,0.000157833,
0.213189,0.000144892,-0.977011,
-0.982623,7.49241e-05,-0.185614,
