1,0,0,
0,1,0,
0,0,1,
1,3.84604e-09,-3.31914e-09,
-3.84604e-09,1,-1.15426e-09,
3.31914e-09,1.15426e-09,1,
1,1.15381e-08,-9.95743e-09,
-1.15381e-08,1,-3.46279e-09,
9.95743e-09,3.46279e-09,1,
1,2.30762e-08,-1.99149e-08,
-2.30762e-08,1,-6.92559e-09,
1.99149e-08,6.92559e-09,1,
1,3.84604e-08,-3.31914e-08,
-3.84604e-08,1,-1.15426e-08,
3.31914e-08,1.15426e-08,1,
1,5.76906e-08,-4.97872e-08,
-5.76906e-08,1,-1.7314e-08,
4.97872e-08,1.7314e-08,1,
1,8.07668e-08,-6.9702e-08,
-8.07668e-08,1,-2.42396e-08,
6.9702e-08,2.42396e-08,1,
1,1.07689e-07,-9.2936e-08,
-1.07689e-07,1,-3.23194e-08,
9.2936e-08,3.23194e-08,1,
1,1.38457e-07,-1.19489e-07,
-1.38457e-07,1,-4.15535e-08,
1.19489e-07,4.15535e-08,1,
1,1.73072e-07,-1.49361e-07,
-1.73072e-07,1,-5.19419e-08,
1.49361e-07,5.19419e-08,1,
1,2.11532e-07,-1.82553e-07,
-2.11532e-07,1,-6.34845e-08,
1.82553e-07,6.34846e-08,1,
1,2.53839e-07,-2.19063e-07,
-2.53839e-07,1,-7.61814e-08,
2.19063e-07,7.61815e-08,1,
1,2.99991e-07,-2.58893e-07,
-2.99991e-07,1,-9.00326e-08,
2.58893e-07,9.00327e-08,1,
1,3.49989e-07,-3.02042e-07,
-3.4999e-07,1,-1.05038e-07,
3.02042e-07,1.05038e-07,1,
1,4.03834e-07,-3.4851e-07,
-4.03834e-07,1,-1.21198e-07,
3.4851e-07,1.21198e-07,1,
1,4.61525e-07,-3.98297e-07,
-4.61525e-07,1,-1.38512e-07,
3.98297e-07,1.38512e-07,1,
1,5.23061e-07,-4.51404e-07,
-5.23061e-07,1,-1.5698e-07,
4.51403e-07,1.5698e-07,1,
1,5.88444e-07,-5.07829e-07,
-5.88444e-07,1,-1.76602e-07,
5.07829e-07,1.76603e-07,1,
1,6.57673e-07,-5.67574e-07,
-6.57673e-07,1,-1.97379e-07,
5.67573e-07,1.9738e-07,1,
1,7.30747e-07,-6.30637e-07,
-7.30747e-07,1,-2.1931e-07,
6.30637e-07,2.19311e-07,1,
1,8.07668e-07,-6.9702e-07,
-8.07668e-07,1,-2.42395e-07,
6.9702e-07,2.42396e-07,1,
1,8.88435e-07,-7.66722e-07,
-8.88435e-07,1,-2.66635e-07,
7.66722e-07,2.66636e-07,1,
1,9.73048e-07,-8.39743e-07,
-9.73048e-07,1,-2.92029e-07,
8.39743e-07,2.9203e-07,1,
1,1.06151e-06,-9.16084e-07,
-1.06151e-06,1,-3.18577e-07,
9.16083e-07,3.18578e-07,1,
1,1.15381e-06,-9.95743e-07,
-1.15381e-06,1,-3.46279e-07,
9.95743e-07,3.4628e-07,1,
1,1.24996e-06,-1.07872e-06,
-1.24996e-06,1,-3.75136e-07,
1.07872e-06,3.75137e-07,1,
1,1.34996e-06,-1.16502e-06,
-1.34996e-06,1,-4.05146e-07,
1.16502e-06,4.05148e-07,1,
1,1.4538e-06,-1.25464e-06,
-1.4538e-06,1,-4.36312e-07,
1.25464e-06,4.36313e-07,1,
1,1.56149e-06,-1.34757e-06,
-1.56149e-06,1,-4.68631e-07,
1.34757e-06,4.68633e-07,1,
1,1.67303e-06,-1.44383e-06,
-1.67303e-06,1,-5.02104e-07,
1.44383e-06,5.02107e-07,1,
1,1.78841e-06,-1.5434e-06,
-1.78841e-06,1,-5.36732e-07,
1.5434e-06,5.36735e-07,1,
1,1.90763e-06,-1.6463e-06,
-1.90764e-06,1,-5.72514e-07,
1.64629e-06,5.72518e-07,1,
1,2.03071e-06,-1.75251e-06,
-2.03071e-06,1,-6.09451e-07,
1.75251e-06,6.09454e-07,1,
1,2.15763e-06,-1.86204e-06,
-2.15763e-06,1,-6.47541e-07,
1.86204e-06,6.47545e-07,1,
1,2.28839e-06,-1.97489e-06,
-2.28839e-06,1,-6.86786e-07,
1.97489e-06,6.86791e-07,1,
1,2.423e-06,-2.09106e-06,
-2.42301e-06,1,-7.27185e-07,
2.09106e-06,7.2719e-07,1,
1,2.56146e-06,-2.21055e-06,
-2.56146e-06,1,-7.68739e-07,
2.21055e-06,7.68744e-07,1,
1,2.70376e-06,-2.33336e-06,
-2.70377e-06,1,-8.11446e-07,
2.33336e-06,8.11453e-07,1,
1,2.84991e-06,-2.45949e-06,
-2.84992e-06,1,-8.55308e-07,
2.45948e-06,8.55315e-07,1,
1,2.99991e-06,-2.58893e-06,
-2.99991e-06,1,-9.00324e-07,
2.58893e-06,9.00332e-07,1,
1,3.15375e-06,-2.7217e-06,
-3.15375e-06,1,-9.46495e-07,
2.7217e-06,9.46503e-07,1,
1,3.31144e-06,-2.85778e-06,
-3.31144e-06,1,-9.93819e-07,
2.85778e-06,9.93829e-07,1,
1,3.47297e-06,-2.99719e-06,
-3.47297e-06,1,-1.0423e-06,
2.99718e-06,1.04231e-06,1,
1,3.63835e-06,-3.13991e-06,
-3.63835e-06,1,-1.09193e-06,
3.13991e-06,1.09194e-06,1,
1,3.80758e-06,-3.28595e-06,
-3.80758e-06,1,-1.14272e-06,
3.28595e-06,1.14273e-06,1,
1,3.98065e-06,-3.43531e-06,
-3.98065e-06,1,-1.19466e-06,
3.43531e-06,1.19467e-06,1,
1,4.15757e-06,-3.588e-06,
-4.15757e-06,1,-1.24776e-06,
3.58799e-06,1.24777e-06,1,
1,4.33833e-06,-3.744e-06,
-4.33833e-06,1,-1.30201e-06,
3.74399e-06,1.30202e-06,1,
1,4.52294e-06,-3.90331e-06,
-4.52294e-06,1,-1.35741e-06,
3.90331e-06,1.35743e-06,1,
1,4.71139e-06,-4.06595e-06,
-4.7114e-06,1,-1.41397e-06,
4.06595e-06,1.41399e-06,1,
1,4.9037e-06,-4.23191e-06,
-4.9037e-06,1,-1.47168e-06,
4.2319e-06,1.4717e-06,1,
1,5.09984e-06,-4.40119e-06,
-5.09985e-06,1,-1.53055e-06,
4.40118e-06,1.53057e-06,1,
1,5.29984e-06,-4.57378e-06,
-5.29984e-06,1,-1.59057e-06,
4.57377e-06,1.59059e-06,1,
1,5.50368e-06,-4.7497e-06,
-5.50369e-06,1,-1.65175e-06,
4.74969e-06,1.65177e-06,1,
1,5.71136e-06,-4.92893e-06,
-5.71137e-06,1,-1.71408e-06,
4.92892e-06,1.7141e-06,1,
1,5.92289e-06,-5.11148e-06,
-5.9229e-06,1,-1.77756e-06,
5.11147e-06,1.77759e-06,1,
1,6.13827e-06,-5.29736e-06,
-6.13828e-06,1,-1.8422e-06,
5.29734e-06,1.84223e-06,1,
1,6.3575e-06,-5.48655e-06,
-6.35751e-06,1,-1.90799e-06,
5.48654e-06,1.90802e-06,1,
1,6.58057e-06,-5.67906e-06,
-6.58058e-06,1,-1.97494e-06,
5.67905e-06,1.97497e-06,1,
1,6.80748e-06,-5.87489e-06,
-6.80749e-06,1,-2.04304e-06,
5.87487e-06,2.04308e-06,1,
1,7.03824e-06,-6.07404e-06,
-7.03826e-06,1,-2.11229e-06,
6.07402e-06,2.11234e-06,1,
1,7.27285e-06,-6.2765e-06,
-7.27287e-06,1,-2.1827e-06,
6.27649e-06,2.18275e-06,1,
1,7.51131e-06,-6.48229e-06,
-7.51132e-06,1,-2.25427e-06,
6.48228e-06,2.25431e-06,1,
1,7.75361e-06,-6.6914e-06,
-7.75362e-06,1,-2.32698e-06,
6.69138e-06,2.32704e-06,1,
1,7.99975e-06,-6.90382e-06,
-7.99977e-06,1,-2.40086e-06,
6.9038e-06,2.40091e-06,1,
1,8.24974e-06,-7.11957e-06,
-8.24976e-06,1,-2.47588e-06,
7.11955e-06,2.47594e-06,1,
1,8.50358e-06,-7.33863e-06,
-8.5036e-06,1,-2.55206e-06,
7.33861e-06,2.55212e-06,1,
1,8.76127e-06,-7.56102e-06,
-8.76129e-06,1,-2.6294e-06,
7.56099e-06,2.62946e-06,1,
1,9.0228e-06,-7.78672e-06,
-9.02282e-06,1,-2.70789e-06,
7.78669e-06,2.70796e-06,1,
1,9.28817e-06,-8.01574e-06,
-9.28819e-06,1,-2.78753e-06,
8.01571e-06,2.7876e-06,1,
1,9.55739e-06,-8.24808e-06,
-9.55742e-06,1,-2.86833e-06,
8.24805e-06,2.8684e-06,1,
1,9.83046e-06,-8.48374e-06,
-9.83049e-06,1,-2.95028e-06,
8.48371e-06,2.95036e-06,1,
1,1.01074e-05,-8.72272e-06,
-1.01074e-05,1,-3.03338e-06,
8.72269e-06,3.03347e-06,1,
1,1.03881e-05,-8.96502e-06,
-1.03882e-05,1,-3.11764e-06,
8.96498e-06,3.11774e-06,1,
1,1.06727e-05,-9.21063e-06,
-1.06728e-05,1,-3.20306e-06,
9.2106e-06,3.20316e-06,1,
1,1.09612e-05,-9.45957e-06,
-1.09612e-05,1,-3.28963e-06,
9.45953e-06,3.28973e-06,1,
1,1.12535e-05,-9.71182e-06,
-1.12535e-05,1,-3.37735e-06,
9.71179e-06,3.37746e-06,1,
1,1.15496e-05,-9.9674e-06,
-1.15497e-05,1,-3.46623e-06,
9.96736e-06,3.46634e-06,1,
1,1.18496e-05,-1.02263e-05,
-1.18497e-05,1,-3.55626e-06,
1.02263e-05,3.55638e-06,1,
1,1.21535e-05,-1.04885e-05,
-1.21535e-05,1,-3.64744e-06,
1.04885e-05,3.64757e-06,1,
1,1.24611e-05,-1.0754e-05,
-1.24612e-05,1,-3.73978e-06,
1.0754e-05,3.73991e-06,1,
1,1.27727e-05,-1.10229e-05,
-1.27727e-05,1,-3.83327e-06,
1.10228e-05,3.83342e-06,1,
1,1.3088e-05,-1.12951e-05,
-1.30881e-05,1,-3.92792e-06,
1.1295e-05,3.92807e-06,1,
1,1.34073e-05,-1.15705e-05,
-1.34073e-05,1,-4.02372e-06,
1.15705e-05,4.02388e-06,1,
1,1.37303e-05,-1.18494e-05,
-1.37304e-05,1,-4.12068e-06,
1.18493e-05,4.12084e-06,1,
1,1.40572e-05,-1.21315e-05,
-1.40573e-05,1,-4.21879e-06,
1.21314e-05,4.21896e-06,1,
1,1.4388e-05,-1.24169e-05,
-1.43881e-05,1,-4.31806e-06,
1.24169e-05,4.31823e-06,1,
1,1.47226e-05,-1.27057e-05,
-1.47227e-05,1,-4.41847e-06,
1.27056e-05,4.41866e-06,1,
1,1.50611e-05,-1.29978e-05,
-1.50611e-05,1,-4.52005e-06,
1.29977e-05,4.52024e-06,1,
1,1.54034e-05,-1.32932e-05,
-1.54034e-05,1,-4.62277e-06,
1.32931e-05,4.62298e-06,1,
1,1.57495e-05,-1.35919e-05,
-1.57496e-05,1,-4.72666e-06,
1.35918e-05,4.72687e-06,1,
1,1.60995e-05,-1.3894e-05,
-1.60996e-05,1,-4.83169e-06,
1.38939e-05,4.83191e-06,1,
1,1.64533e-05,-1.41993e-05,
-1.64534e-05,1,-4.93788e-06,
1.41992e-05,4.93811e-06,1,
1,1.6811e-05,-1.4508e-05,
-1.68111e-05,1,-5.04522e-06,
1.45079e-05,5.04547e-06,1,
1,1.71725e-05,-1.482e-05,
-1.71726e-05,1,-5.15372e-06,
1.48199e-05,5.15398e-06,1,
1,1.75379e-05,-1.51353e-05,
-1.7538e-05,1,-5.26337e-06,
1.51352e-05,5.26364e-06,1,
1,1.79071e-05,-1.5454e-05,
-1.79072e-05,1,-5.37418e-06,
1.54539e-05,5.37446e-06,1,
1,1.82802e-05,-1.57759e-05,
-1.82803e-05,1,-5.48614e-06,
1.57758e-05,5.48643e-06,1,
1,1.86571e-05,-1.61012e-05,
-1.86572e-05,1,-5.59926e-06,
1.61011e-05,5.59956e-06,1,
1,1.90378e-05,-1.64298e-05,
-1.90379e-05,1,-5.71353e-06,
1.64297e-05,5.71384e-06,1,
1,1.94224e-05,-1.67617e-05,
-1.94225e-05,1,-5.82895e-06,
1.67616e-05,5.82927e-06,1,
1,1.98109e-05,-1.70969e-05,
-1.9811e-05,1,-5.94553e-06,
1.70968e-05,5.94586e-06,1,
1,2.02032e-05,-1.74355e-05,
-2.02033e-05,1,-6.06326e-06,
1.74354e-05,6.06361e-06,1,
1,2.05993e-05,-1.77774e-05,
-2.05994e-05,1,-6.18214e-06,
1.77772e-05,6.18251e-06,1,
1,2.09993e-05,-1.81226e-05,
-2.09994e-05,1,-6.30218e-06,
1.81224e-05,6.30256e-06,1,
1,2.14031e-05,-1.84711e-05,
-2.14033e-05,1,-6.42338e-06,
1.84709e-05,6.42377e-06,1,
1,2.18108e-05,-1.88229e-05,
-2.18109e-05,1,-6.54572e-06,
1.88228e-05,6.54613e-06,1,
1,2.22223e-05,-1.91781e-05,
-2.22225e-05,1,-6.66923e-06,
1.91779e-05,6.66965e-06,1,
1,2.26377e-05,-1.95365e-05,
-2.26378e-05,1,-6.79388e-06,
1.95364e-05,6.79432e-06,1,
1,2.30569e-05,-1.98983e-05,
-2.30571e-05,1,-6.91969e-06,
1.98981e-05,6.92015e-06,1,
1,2.348e-05,-2.02634e-05,
-2.34801e-05,1,-7.04666e-06,
2.02633e-05,7.04713e-06,1,
1,2.39069e-05,-2.06318e-05,
-2.3907e-05,1,-7.17478e-06,
2.06317e-05,7.17527e-06,1,
1,2.43377e-05,-2.10036e-05,
-2.43378e-05,1,-7.30405e-06,
2.10034e-05,7.30456e-06,1,
1,2.47723e-05,-2.13787e-05,
-2.47724e-05,1,-7.43448e-06,
2.13785e-05,7.435e-06,1,
1,2.52107e-05,-2.1757e-05,
-2.52109e-05,1,-7.56606e-06,
2.17568e-05,7.5666e-06,1,
1,2.5653e-05,-2.21387e-05,
-2.56532e-05,1,-7.69879e-06,
2.21385e-05,7.69936e-06,1,
1,2.60991e-05,-2.25238e-05,
-2.60993e-05,1,-7.83268e-06,
2.25236e-05,7.83327e-06,1,
1,2.65491e-05,-2.29121e-05,
-2.65493e-05,1,-7.96772e-06,
2.29119e-05,7.96833e-06,1,
1,2.70029e-05,-2.33038e-05,
-2.70031e-05,1,-8.10392e-06,
2.33035e-05,8.10455e-06,1,
1,2.74606e-05,-2.36987e-05,
-2.74608e-05,1,-8.24127e-06,
2.36985e-05,8.24192e-06,1,
1,2.79221e-05,-2.4097e-05,
-2.79223e-05,1,-8.37978e-06,
2.40968e-05,8.38045e-06,1,
1,2.83875e-05,-2.44987e-05,
-2.83877e-05,1,-8.51944e-06,
2.44984e-05,8.52013e-06,1,
1,2.88567e-05,-2.49036e-05,
-2.88569e-05,1,-8.66025e-06,
2.49034e-05,8.66097e-06,1,
1,2.93298e-05,-2.53119e-05,
-2.933e-05,1,-8.80222e-06,
2.53116e-05,8.80296e-06,1,
1,2.98067e-05,-2.57234e-05,
-2.98069e-05,1,-8.94534e-06,
2.57232e-05,8.94611e-06,1,
1,3.02874e-05,-2.61383e-05,
-3.02877e-05,1,-9.08962e-06,
2.61381e-05,9.09041e-06,1,
1,3.0772e-05,-2.65565e-05,
-3.07723e-05,1,-9.23505e-06,
2.65563e-05,9.23587e-06,1,
1,3.12605e-05,-2.69781e-05,
-3.12607e-05,1,-9.38163e-06,
2.69778e-05,9.38248e-06,1,
1,3.17528e-05,-2.74029e-05,
-3.1753e-05,1,-9.52937e-06,
2.74026e-05,9.53024e-06,1,
1,3.22489e-05,-2.78311e-05,
-3.22492e-05,1,-9.67827e-06,
2.78308e-05,9.67916e-06,1,
1,3.27489e-05,-2.82626e-05,
-3.27492e-05,1,-9.82831e-06,
2.82623e-05,9.82924e-06,1,
1,3.32527e-05,-2.86974e-05,
-3.3253e-05,1,-9.97951e-06,
2.86971e-05,9.98047e-06,1,
1,3.37604e-05,-2.91355e-05,
-3.37607e-05,1,-1.01319e-05,
2.91352e-05,1.01329e-05,1,
1,3.42719e-05,-2.9577e-05,
-3.42722e-05,1,-1.02854e-05,
2.95766e-05,1.02864e-05,1,
1,3.47873e-05,-3.00218e-05,
-3.47876e-05,1,-1.044e-05,
3.00214e-05,1.04411e-05,1,
1,3.53065e-05,-3.04698e-05,
-3.53068e-05,1,-1.05959e-05,
3.04695e-05,1.05969e-05,1,
1,3.58295e-05,-3.09212e-05,
-3.58299e-05,1,-1.07528e-05,
3.09209e-05,1.07539e-05,1,
1,3.63564e-05,-3.1376e-05,
-3.63568e-05,1,-1.0911e-05,
3.13756e-05,1.09121e-05,1,
1,3.68872e-05,-3.1834e-05,
-3.68875e-05,1,-1.10702e-05,
3.18336e-05,1.10714e-05,1,
1,3.74218e-05,-3.22954e-05,
-3.74221e-05,1,-1.12307e-05,
3.2295e-05,1.12319e-05,1,
1,3.79602e-05,-3.27601e-05,
-3.79606e-05,1,-1.13923e-05,
3.27596e-05,1.13935e-05,1,
1,3.85025e-05,-3.32281e-05,
-3.85029e-05,1,-1.1555e-05,
3.32276e-05,1.15563e-05,1,
1,3.90486e-05,-3.36994e-05,
-3.9049e-05,1,-1.17189e-05,
3.36989e-05,1.17202e-05,1,
1,3.95986e-05,-3.4174e-05,
-3.9599e-05,1,-1.18839e-05,
3.41736e-05,1.18853e-05,1,
1,4.01524e-05,-3.4652e-05,
-4.01529e-05,1,-1.20501e-05,
3.46515e-05,1.20515e-05,1,
1,4.07101e-05,-3.51333e-05,
-4.07105e-05,1,-1.22175e-05,
3.51328e-05,1.22189e-05,1,
1,4.12716e-05,-3.56179e-05,
-4.12721e-05,1,-1.2386e-05,
3.56174e-05,1.23875e-05,1,
1,4.1837e-05,-3.61058e-05,
-4.18374e-05,1,-1.25557e-05,
3.61053e-05,1.25572e-05,1,
1,4.24062e-05,-3.6597e-05,
-4.24067e-05,1,-1.27265e-05,
3.65965e-05,1.27281e-05,1,
1,4.29792e-05,-3.70916e-05,
-4.29797e-05,1,-1.28985e-05,
3.7091e-05,1.29001e-05,1,
1,4.35561e-05,-3.75895e-05,
-4.35566e-05,1,-1.30716e-05,
3.75889e-05,1.30732e-05,1,
1,4.41369e-05,-3.80906e-05,
-4.41374e-05,1,-1.32459e-05,
3.80901e-05,1.32476e-05,1,
1,4.47215e-05,-3.85952e-05,
-4.4722e-05,1,-1.34213e-05,
3.85946e-05,1.3423e-05,1,
1,4.53099e-05,-3.9103e-05,
-4.53104e-05,1,-1.35979e-05,
3.91024e-05,1.35997e-05,1,
1,4.59022e-05,-3.96141e-05,
-4.59027e-05,1,-1.37757e-05,
3.96135e-05,1.37775e-05,1,
1,4.64983e-05,-4.01286e-05,
-4.64989e-05,1,-1.39546e-05,
4.0128e-05,1.39564e-05,1,
1,4.70983e-05,-4.06464e-05,
-4.70989e-05,1,-1.41346e-05,
4.06457e-05,1.41365e-05,1,
1,4.77021e-05,-4.11675e-05,
-4.77027e-05,1,-1.43158e-05,
4.11668e-05,1.43178e-05,1,
1,4.83098e-05,-4.1692e-05,
-4.83104e-05,1,-1.44982e-05,
4.16913e-05,1.45002e-05,1,
1,4.89213e-05,-4.22197e-05,
-4.89219e-05,1,-1.46817e-05,
4.2219e-05,1.46838e-05,1,
1,4.95367e-05,-4.27508e-05,
-4.95373e-05,1,-1.48664e-05,
4.275e-05,1.48685e-05,1,
1,5.01559e-05,-4.32852e-05,
-5.01565e-05,1,-1.50522e-05,
4.32844e-05,1.50544e-05,1,
1,5.07789e-05,-4.38229e-05,
-5.07796e-05,1,-1.52392e-05,
4.38221e-05,1.52414e-05,1,
1,5.14058e-05,-4.43639e-05,
-5.14065e-05,1,-1.54273e-05,
4.43631e-05,1.54296e-05,1,
1,5.20366e-05,-4.49082e-05,
-5.20373e-05,1,-1.56166e-05,
4.49074e-05,1.56189e-05,1,
1,5.26711e-05,-4.54559e-05,
-5.26719e-05,1,-1.5807e-05,
4.54551e-05,1.58094e-05,1,
1,5.33096e-05,-4.60069e-05,
-5.33103e-05,1,-1.59986e-05,
4.6006e-05,1.60011e-05,1,
1,5.39519e-05,-4.65612e-05,
-5.39526e-05,1,-1.61913e-05,
4.65603e-05,1.61939e-05,1,
1,5.4598e-05,-4.71188e-05,
-5.45987e-05,1,-1.63852e-05,
4.71179e-05,1.63878e-05,1,
1,5.52479e-05,-4.76797e-05,
-5.52487e-05,1,-1.65803e-05,
4.76788e-05,1.65829e-05,1,
1,5.59018e-05,-4.8244e-05,
-5.59026e-05,1,-1.67765e-05,
4.82431e-05,1.67792e-05,1,
1,5.65594e-05,-4.88116e-05,
-5.65603e-05,1,-1.69739e-05,
4.88106e-05,1.69766e-05,1,
1,5.72209e-05,-4.93825e-05,
-5.72218e-05,1,-1.71724e-05,
4.93815e-05,1.71752e-05,1,
1,5.78863e-05,-4.99567e-05,
-5.78872e-05,1,-1.73721e-05,
4.99557e-05,1.73749e-05,1,
1,5.85555e-05,-5.05342e-05,
-5.85564e-05,1,-1.75729e-05,
5.05332e-05,1.75758e-05,1,
1,5.92285e-05,-5.11151e-05,
-5.92294e-05,1,-1.77749e-05,
5.1114e-05,1.77779e-05,1,
1,5.99054e-05,-5.16993e-05,
-5.99064e-05,1,-1.7978e-05,
5.16982e-05,1.79811e-05,1,
1,6.05862e-05,-5.22868e-05,
-6.05871e-05,1,-1.81823e-05,
5.22857e-05,1.81854e-05,1,
1,6.12708e-05,-5.28776e-05,
-6.12717e-05,1,-1.83877e-05,
5.28765e-05,1.8391e-05,1,
1,6.19592e-05,-5.34717e-05,
-6.19602e-05,1,-1.85943e-05,
5.34706e-05,1.85976e-05,1,
1,6.26515e-05,-5.40692e-05,
-6.26525e-05,1,-1.88021e-05,
5.4068e-05,1.88054e-05,1,
1,6.33476e-05,-5.46699e-05,
-6.33486e-05,1,-1.9011e-05,
5.46687e-05,1.90144e-05,1,
1,6.40475e-05,-5.5274e-05,
-6.40486e-05,1,-1.9221e-05,
5.52728e-05,1.92246e-05,1,
1,6.47514e-05,-5.58814e-05,
-6.47524e-05,1,-1.94322e-05,
5.58802e-05,1.94358e-05,1,
1,6.5459e-05,-5.64922e-05,
-6.54601e-05,1,-1.96446e-05,
5.64909e-05,1.96483e-05,1,
1,6.61705e-05,-5.71062e-05,
-6.61717e-05,1,-1.98581e-05,
5.71049e-05,1.98619e-05,1,
1,6.68859e-05,-5.77236e-05,
-6.6887e-05,1,-2.00728e-05,
5.77222e-05,2.00766e-05,1,
1,6.76051e-05,-5.83443e-05,
-6.76063e-05,1,-2.02886e-05,
5.83429e-05,2.02925e-05,1,
1,6.83281e-05,-5.89683e-05,
-6.83293e-05,1,-2.05056e-05,
5.89669e-05,2.05096e-05,1,
1,6.9055e-05,-5.95956e-05,
-6.90562e-05,1,-2.07237e-05,
5.95942e-05,2.07278e-05,1,
1,6.97857e-05,-6.02263e-05,
-6.9787e-05,1,-2.0943e-05,
6.02248e-05,2.09472e-05,1,
1,7.05203e-05,-6.08602e-05,
-7.05216e-05,1,-2.11634e-05,
6.08587e-05,2.11677e-05,1,
1,7.12587e-05,-6.14975e-05,
-7.12601e-05,1,-2.1385e-05,
6.1496e-05,2.13894e-05,1,
1,7.2001e-05,-6.21381e-05,
-7.20024e-05,1,-2.16078e-05,
6.21365e-05,2.16123e-05,1,
1,7.27471e-05,-6.2782e-05,
-7.27485e-05,1,-2.18317e-05,
6.27804e-05,2.18363e-05,1,
1,7.34971e-05,-6.34293e-05,
-7.34985e-05,1,-2.20567e-05,
6.34276e-05,2.20614e-05,1,
1,7.42509e-05,-6.40798e-05,
-7.42523e-05,1,-2.2283e-05,
6.40782e-05,2.22877e-05,1,
1,7.50086e-05,-6.47337e-05,
-7.501e-05,1,-2.25103e-05,
6.4732e-05,2.25152e-05,1,
1,7.57701e-05,-6.53909e-05,
-7.57715e-05,1,-2.27388e-05,
6.53892e-05,2.27438e-05,1,
1,7.65354e-05,-6.60514e-05,
-7.65369e-05,1,-2.29685e-05,
6.60497e-05,2.29736e-05,1,
1,7.73046e-05,-6.67153e-05,
-7.73061e-05,1,-2.31993e-05,
6.67135e-05,2.32045e-05,1,
1,7.80776e-05,-6.73824e-05,
-7.80792e-05,1,-2.34313e-05,
6.73806e-05,2.34366e-05,1,
1,7.88545e-05,-6.80529e-05,
-7.88561e-05,1,-2.36644e-05,
6.8051e-05,2.36698e-05,1,
1,7.96353e-05,-6.87267e-05,
-7.96369e-05,1,-2.38987e-05,
6.87248e-05,2.39042e-05,1,
1,8.04198e-05,-6.94038e-05,
-8.04215e-05,1,-2.41342e-05,
6.94019e-05,2.41398e-05,1,
1,8.12082e-05,-7.00842e-05,
-8.121e-05,1,-2.43708e-05,
7.00823e-05,2.43765e-05,1,
1,8.20005e-05,-7.0768e-05,
-8.20023e-05,1,-2.46085e-05,
7.0766e-05,2.46143e-05,1,
1,8.27966e-05,-7.14551e-05,
-8.27984e-05,1,-2.48474e-05,
7.1453e-05,2.48533e-05,1,
1,8.35966e-05,-7.21455e-05,
-8.35984e-05,1,-2.50875e-05,
7.21434e-05,2.50935e-05,1,
1,8.44004e-05,-7.28392e-05,
-8.44022e-05,1,-2.53287e-05,
7.2837e-05,2.53348e-05,1,
1,8.5208e-05,-7.35362e-05,
-8.52099e-05,1,-2.5571e-05,
7.3534e-05,2.55773e-05,1,
1,8.60195e-05,-7.42366e-05,
-8.60215e-05,1,-2.58146e-05,
7.42343e-05,2.5821e-05,1,
1,8.68349e-05,-7.49402e-05,
-8.68368e-05,1,-2.60592e-05,
7.4938e-05,2.60657e-05,1,
1,8.76541e-05,-7.56472e-05,
-8.76561e-05,1,-2.63051e-05,
7.56449e-05,2.63117e-05,1,
1,8.84771e-05,-7.63575e-05,
-8.84791e-05,1,-2.6552e-05,
7.63552e-05,2.65588e-05,1,
1,8.9304e-05,-7.70712e-05,
-8.9306e-05,1,-2.68002e-05,
7.70688e-05,2.68071e-05,1,
1,9.01347e-05,-7.77881e-05,
-9.01368e-05,1,-2.70495e-05,
7.77857e-05,2.70565e-05,1,
1,9.09693e-05,-7.85084e-05,
-9.09714e-05,1,-2.72999e-05,
7.85059e-05,2.7307e-05,1,
1,9.18077e-05,-7.9232e-05,
-9.18099e-05,1,-2.75515e-05,
7.92294e-05,2.75588e-05,1,
1,9.265e-05,-7.99589e-05,
-9.26522e-05,1,-2.78042e-05,
7.99563e-05,2.78117e-05,1,
1,9.34961e-05,-8.06891e-05,
-9.34983e-05,1,-2.80581e-05,
8.06865e-05,2.80657e-05,1,
1,9.4346e-05,-8.14226e-05,
-9.43483e-05,1,-2.83132e-05,
8.142e-05,2.83209e-05,1,
1,9.51998e-05,-8.21595e-05,
-9.52022e-05,1,-2.85694e-05,
8.21568e-05,2.85772e-05,1,
1,9.60575e-05,-8.28997e-05,
-9.60599e-05,1,-2.88268e-05,
8.28969e-05,2.88347e-05,1,
1,9.6919e-05,-8.36432e-05,
-9.69214e-05,1,-2.90853e-05,
8.36404e-05,2.90934e-05,1,
1,9.77843e-05,-8.439e-05,
-9.77868e-05,1,-2.9345e-05,
8.43871e-05,2.93532e-05,1,
1,9.86535e-05,-8.51401e-05,
-9.8656e-05,1,-2.96058e-05,
8.51372e-05,2.96142e-05,1,
1,9.95265e-05,-8.58936e-05,
-9.95291e-05,1,-2.98678e-05,
8.58906e-05,2.98763e-05,1,
1,0.000100403,-8.66504e-05,
-0.000100406,1,-3.01309e-05,
8.66473e-05,3.01396e-05,1,
1,0.000101284,-8.74105e-05,
-0.000101287,1,-3.03952e-05,
8.74074e-05,3.0404e-05,1,
1,0.000102169,-8.81739e-05,
-0.000102171,1,-3.06606e-05,
8.81708e-05,3.06696e-05,1,
1,0.000103057,-8.89406e-05,
-0.00010306,1,-3.09272e-05,
8.89374e-05,3.09364e-05,1,
1,0.000103949,-8.97107e-05,
-0.000103952,1,-3.1195e-05,
8.97074e-05,3.12043e-05,1,
1,0.000104845,-9.04841e-05,
-0.000104848,1,-3.14639e-05,
9.04808e-05,3.14733e-05,1,
1,0.000105745,-9.12608e-05,
-0.000105748,1,-3.17339e-05,
9.12574e-05,3.17436e-05,1,
1,0.000106649,-9.20408e-05,
-0.000106652,1,-3.20051e-05,
9.20374e-05,3.20149e-05,1,
1,0.000107557,-9.28241e-05,
-0.00010756,1,-3.22775e-05,
9.28206e-05,3.22875e-05,1,
1,0.000108468,-9.36108e-05,
-0.000108471,1,-3.2551e-05,
9.36072e-05,3.25612e-05,1,
1,0.000109384,-9.44007e-05,
-0.000109387,1,-3.28257e-05,
9.43971e-05,3.2836e-05,1,
1,0.000110303,-9.5194e-05,
-0.000110306,1,-3.31015e-05,
9.51904e-05,3.3112e-05,1,
1,0.000111226,-9.59906e-05,
-0.000111229,1,-3.33785e-05,
9.59869e-05,3.33891e-05,1,
1,0.000112153,-9.67906e-05,
-0.000112156,1,-3.36566e-05,
9.67868e-05,3.36674e-05,1,
1,0.000113083,-9.75938e-05,
-0.000113087,1,-3.39359e-05,
9.759e-05,3.39469e-05,1,
1,0.000114018,-9.84004e-05,
-0.000114021,1,-3.42163e-05,
9.83965e-05,3.42275e-05,1,
1,0.000114956,-9.92103e-05,
-0.00011496,1,-3.44979e-05,
9.92063e-05,3.45093e-05,1,
1,0.000115899,-0.000100023,
-0.000115902,1,-3.47807e-05,
0.000100019,3.47922e-05,1,
1,0.000116845,-0.00010084,
-0.000116848,1,-3.50645e-05,
0.000100836,3.50763e-05,1,
1,0.000117795,-0.00010166,
-0.000117798,1,-3.53496e-05,
0.000101656,3.53616e-05,1,
1,0.000118748,-0.000102483,
-0.000118752,1,-3.56358e-05,
0.000102479,3.5648e-05,1,
1,0.000119706,-0.000103309,
-0.00011971,1,-3.59232e-05,
0.000103305,3.59355e-05,1,
1,0.000120668,-0.000104139,
-0.000120671,1,-3.62117e-05,
0.000104135,3.62242e-05,1,
1,0.000121633,-0.000104972,
-0.000121637,1,-3.65013e-05,
0.000104968,3.65141e-05,1,
1,0.000122596,-0.000240434,
-0.000122605,1,-3.6774e-05,
0.00024043,3.68035e-05,1,
1,0.000123558,-0.000510525,
-0.000123577,1,-3.70295e-05,
0.000510521,3.70925e-05,1,
1,0.000124517,-0.000915245,
-0.000124551,1,-3.72676e-05,
0.00091524,3.73815e-05,1,
0.999999,0.000125474,-0.00145459,
-0.000125529,1,-3.74881e-05,
0.00145459,3.76707e-05,0.999999,
0.999998,0.00012643,-0.00212857,
-0.00012651,1,-3.7691e-05,
0.00212856,3.79602e-05,0.999998,
0.999996,0.000127383,-0.00293717,
-0.000127495,1,-3.7876e-05,
0.00293717,3.82503e-05,0.999996,
0.999992,0.000128334,-0.0038804,
-0.000128482,1,-3.80429e-05,
0.0038804,3.85411e-05,0.999992,
0.999988,0.000129282,-0.00495825,
-0.000129473,1,-3.81915e-05,
0.00495825,3.8833e-05,0.999988,
0.999981,0.000130229,-0.00617073,
-0.000130468,1,-3.83218e-05,
0.00617072,3.91261e-05,0.999981,
0.999972,0.000131173,-0.00751782,
-0.000131466,1,-3.84334e-05,
0.00751781,3.94206e-05,0.999972,
0.999959,0.000132115,-0.00899952,
-0.000132467,1,-3.85262e-05,
0.00899951,3.97168e-05,0.99996,
0.999944,0.000133054,-0.0106158,
-0.000133472,1,-3.86001e-05,
0.0106158,4.00148e-05,0.999944,
0.999924,0.000133991,-0.0123667,
-0.00013448,1,-3.86547e-05,
0.0123667,4.03148e-05,0.999924,
0.999898,0.000134926,-0.0142522,
-0.000135491,1,-3.86907e-05,
0.0142522,4.06178e-05,0.999898,
0.999868,0.000135858,-0.0162722,
-0.000136506,1,-3.87071e-05,
0.0162722,4.09232e-05,0.999868,
0.99983,0.000136787,-0.0184268,
-0.000137524,1,-3.87038e-05,
0.0184268,4.12313e-05,0.99983,
0.999785,0.000137714,-0.0207159,
-0.000138545,1,-3.86806e-05,
0.0207159,4.15423e-05,0.999785,
0.999732,0.000138638,-0.0231394,
-0.00013957,1,-3.86373e-05,
0.0231394,4.18565e-05,0.999732,
0.99967,0.00013956,-0.0256975,
-0.000140597,1,-3.85736e-05,
0.0256975,4.21739e-05,0.99967,
0.999597,0.000140478,-0.0283899,
-0.000141628,1,-3.84895e-05,
0.0283899,4.24948e-05,0.999597,
0.999513,0.000141394,-0.0312167,
-0.000142662,1,-3.83847e-05,
0.0312167,4.28195e-05,0.999513,
0.999416,0.000142307,-0.0341778,
-0.000143699,1,-3.8259e-05,
0.0341778,4.3148e-05,0.999416,
0.999305,0.000143217,-0.0372731,
-0.000144738,1,-3.81122e-05,
0.0372731,4.34805e-05,0.999305,
0.999179,0.000144124,-0.0405026,
-0.00014578,1,-3.7944e-05,
0.0405026,4.38174e-05,0.999179,
0.999037,0.000145028,-0.0438661,
-0.000146825,1,-3.77543e-05,
0.0438661,4.41587e-05,0.999037,
0.998878,0.000145928,-0.0473637,
-0.000147872,1,-3.75429e-05,
0.0473637,4.45046e-05,0.998878,
0.998699,0.000146826,-0.0509951,
-0.000148922,1,-3.73096e-05,
0.0509951,4.48553e-05,0.998699,
0.9985,0.00014772,-0.0547603,
-0.000149974,1,-3.70541e-05,
0.0547603,4.52111e-05,0.9985,
0.998278,0.00014861,-0.0586591,
-0.000151028,1,-3.67762e-05,
0.058659,4.5572e-05,0.998278,
0.998033,0.000149498,-0.0626913,
-0.000152083,1,-3.64758e-05,
0.0626913,4.59383e-05,0.998033,
0.997763,0.000150381,-0.0668569,
-0.000153141,1,-3.61526e-05,
0.0668569,4.63102e-05,0.997763,
0.997465,0.000151261,-0.0711556,
-0.0001542,1,-3.58063e-05,
0.0711556,4.66878e-05,0.997465,
0.997139,0.000152137,-0.0755872,
-0.00015526,1,-3.54369e-05,
0.0755872,4.70712e-05,0.997139,
0.996783,0.00015301,-0.0801515,
-0.000156322,1,-3.50441e-05,
0.0801515,4.74607e-05,0.996783,
0.996394,0.000153878,-0.0848483,
-0.000157384,1,-3.46276e-05,
0.0848483,4.78565e-05,0.996394,
0.995971,0.000154743,-0.0896773,
-0.000158447,1,-3.41873e-05,
0.0896773,4.82586e-05,0.995971,
0.995512,0.000155603,-0.0946382,
-0.000159511,1,-3.37229e-05,
0.0946382,4.86674e-05,0.995512,
0.995014,0.000156459,-0.0997307,
-0.000160574,1,-3.32343e-05,
0.0997307,4.90828e-05,0.995014,
0.994477,0.000157311,-0.104955,
-0.000161638,1,-3.27212e-05,
0.104955,4.95051e-05,0.994477,
0.993897,0.000158158,-0.110309,
-0.000162701,1,-3.21834e-05,
0.110309,4.99344e-05,0.993897,
0.993273,0.000159001,-0.115794,
-0.000163764,1,-3.16207e-05,
0.115794,5.0371e-05,0.993273,
0.992602,0.000159839,-0.12141,
-0.000164826,1,-3.10329e-05,
0.12141,5.08148e-05,0.992602,
0.991883,0.000160672,-0.127155,
-0.000165887,1,-3.04198e-05,
0.127155,5.12662e-05,0.991883,
0.991112,0.000161501,-0.133029,
-0.000166946,1,-2.97812e-05,
0.133029,5.17252e-05,0.991112,
0.990288,0.000162324,-0.139032,
-0.000168004,1,-2.91169e-05,
0.139032,5.2192e-05,0.990288,
0.989408,0.000163142,-0.145163,
-0.000169059,1,-2.84268e-05,
0.145163,5.26667e-05,0.989408,
0.988469,0.000163954,-0.151421,
-0.000170112,1,-2.77105e-05,
0.151421,5.31495e-05,0.988469,
0.98747,0.000164761,-0.157807,
-0.000171162,1,-2.69679e-05,
0.157807,5.36404e-05,0.98747,
0.986407,0.000165563,-0.164318,
-0.000172208,1,-2.61988e-05,
0.164318,5.41397e-05,0.986407,
0.985279,0.000166358,-0.170955,
-0.000173251,1,-2.54031e-05,
0.170955,5.46474e-05,0.985279,
0.984082,0.000167148,-0.177717,
-0.00017429,1,-2.45805e-05,
0.177717,5.51636e-05,0.984082,
0.982813,0.000167931,-0.184603,
-0.000175325,1,-2.37309e-05,
0.184603,5.56886e-05,0.982813,
0.981471,0.000168708,-0.191611,
-0.000176355,1,-2.28541e-05,
0.191611,5.62223e-05,0.981471,
0.980052,0.000169479,-0.198742,
-0.00017738,1,-2.195e-05,
0.198742,5.6765e-05,0.980052,
0.978553,0.000170243,-0.205995,
-0.000178398,1,-2.10183e-05,
0.205995,5.73167e-05,0.978553,
0.976972,0.000171,-0.213367,
-0.000179411,1,-2.00589e-05,
0.213367,5.78775e-05,0.976972,
0.975306,0.00017175,-0.220859,
-0.000180417,1,-1.90717e-05,
0.220859,5.84475e-05,0.975306,
0.973551,0.000172493,-0.228469,
-0.000181416,1,-1.80564e-05,
0.228469,5.90268e-05,0.973551,
0.971706,0.000173228,-0.236195,
-0.000182408,1,-1.7013e-05,
0.236195,5.96155e-05,0.971706,
0.969766,0.000173956,-0.244037,
-0.000183391,1,-1.59414e-05,
0.244037,6.02137e-05,0.969766,
0.967729,0.000174676,-0.251994,
-0.000184366,1,-1.48414e-05,
0.251994,6.08215e-05,0.967729,
0.965591,0.000175388,-0.260064,
-0.000185331,1,-1.37128e-05,
0.260064,6.14389e-05,0.965591,
0.963351,0.000176092,-0.268245,
-0.000186287,1,-1.25556e-05,
0.268245,6.20661e-05,0.963351,
0.961003,0.000176787,-0.276536,
-0.000187233,1,-1.13697e-05,
0.276536,6.2703e-05,0.961003,
0.958546,0.000177474,-0.284936,
-0.000188168,1,-1.01549e-05,
0.284936,6.33497e-05,0.958547,
0.955977,0.000178152,-0.293443,
-0.000189091,1,-8.9112e-06,
0.293443,6.40063e-05,0.955977,
0.953291,0.00017882,-0.302055,
-0.000190002,1,-7.63851e-06,
0.302055,6.46729e-05,0.953291,
0.950485,0.00017948,-0.31077,
-0.000190901,1,-6.33675e-06,
0.31077,6.53494e-05,0.950485,
0.947557,0.000180129,-0.319587,
-0.000191787,1,-5.00587e-06,
0.319587,6.60359e-05,0.947557,
0.944503,0.000180769,-0.328503,
-0.000192659,1,-3.64582e-06,
0.328503,6.67325e-05,0.944503,
0.941319,0.000181399,-0.337517,
-0.000193516,1,-2.25656e-06,
0.337517,6.74391e-05,0.941319,
0.938003,0.000182018,-0.346627,
-0.000194358,1,-8.3807e-07,
0.346627,6.81558e-05,0.938003,
0.934551,0.000182627,-0.355829,
-0.000195185,1,6.09662e-07,
0.355829,6.88826e-05,0.934551,
0.930959,0.000183225,-0.365123,
-0.000195994,1,2.08664e-06,
0.365123,6.96195e-05,0.930959,
0.927225,0.000183812,-0.374505,
-0.000196787,1,3.59284e-06,
0.374505,7.03664e-05,0.927225,
0.923344,0.000184387,-0.383973,
-0.000197562,1,5.12824e-06,
0.383973,7.11234e-05,0.923344,
0.919314,0.000184951,-0.393525,
-0.000198318,1,6.6928e-06,
0.393525,7.18905e-05,0.919314,
0.91513,0.000185502,-0.403158,
-0.000199055,1,8.28647e-06,
0.403158,7.26676e-05,0.91513,
0.91079,0.000186042,-0.412869,
-0.000199772,1,9.90917e-06,
0.412869,7.34546e-05,0.91079,
0.90629,0.000186569,-0.422655,
-0.000200469,1,1.15608e-05,
0.422655,7.42516e-05,0.90629,
0.901627,0.000187083,-0.432514,
-0.000201143,1,1.32413e-05,
0.432514,7.50585e-05,0.901627,
0.896797,0.000187584,-0.442442,
-0.000201796,1,1.49505e-05,
0.442442,7.58752e-05,0.896797,
0.891797,0.000188072,-0.452436,
-0.000202425,1,1.66883e-05,
0.452436,7.67017e-05,0.891797,
0.886623,0.000188546,-0.462493,
-0.00020303,1,1.84546e-05,
0.462493,7.75378e-05,0.886623,
0.881272,0.000189007,-0.47261,
-0.000203611,1,2.02491e-05,
0.47261,7.83835e-05,0.881272,
0.875741,0.000189452,-0.482782,
-0.000204166,1,2.20717e-05,
0.482782,7.92388e-05,0.875741,
0.870025,0.000189884,-0.493007,
-0.000204695,1,2.39221e-05,
0.493007,8.01033e-05,0.870025,
0.864123,0.0001903,-0.503281,
-0.000205197,1,2.58002e-05,
0.503281,8.09772e-05,0.864123,
0.85803,0.000190702,-0.513599,
-0.000205671,1,2.77056e-05,
0.513599,8.18602e-05,0.85803,
0.851744,0.000191087,-0.523958,
-0.000206116,1,2.96382e-05,
0.523958,8.27522e-05,0.851744,
0.84526,0.000191458,-0.534355,
-0.000206532,1,3.15976e-05,
0.534355,8.36531e-05,0.84526,
0.838577,0.000191811,-0.544784,
-0.000206917,1,3.35835e-05,
0.544784,8.45627e-05,0.838577,
0.831689,0.000192149,-0.555241,
-0.000207271,1,3.55955e-05,
0.555241,8.54808e-05,0.831689,
0.824596,0.00019247,-0.565722,
-0.000207592,1,3.76334e-05,
0.565722,8.64072e-05,0.824596,
0.817292,0.000192773,-0.576223,
-0.000207881,1,3.96967e-05,
0.576223,8.73419e-05,0.817292,
0.809776,0.00019306,-0.586739,
-0.000208135,1,4.1785e-05,
0.586739,8.82845e-05,0.809776,
0.802045,0.000193329,-0.597264,
-0.000208355,1,4.38979e-05,
0.597264,8.92348e-05,0.802045,
0.794094,0.000193579,-0.607795,
-0.000208539,1,4.60349e-05,
0.607795,9.01927e-05,0.794094,
0.785922,0.000193812,-0.618325,
-0.000208686,1,4.81956e-05,
0.618325,9.11579e-05,0.785922,
0.777526,0.000194025,-0.628851,
-0.000208796,1,5.03794e-05,
0.628851,9.21302e-05,0.777526,
0.768903,0.00019422,-0.639366,
-0.000208867,1,5.25858e-05,
0.639366,9.31092e-05,0.768903,
0.76005,0.000194396,-0.649865,
-0.000208899,1,5.48143e-05,
0.649865,9.40948e-05,0.76005,
0.750965,0.000194552,-0.660342,
-0.000208891,1,5.70641e-05,
0.660342,9.50866e-05,0.750965,
0.741645,0.000194688,-0.670793,
-0.000208842,1,5.93348e-05,
0.670793,9.60844e-05,0.741645,
0.732088,0.000194804,-0.68121,
-0.000208751,1,6.16257e-05,
0.68121,9.70878e-05,0.732088,
0.722291,0.0001949,-0.691589,
-0.000208617,1,6.39361e-05,
0.691589,9.80966e-05,0.722291,
0.712253,0.000194974,-0.701922,
-0.000208439,1,6.62653e-05,
0.701922,9.91103e-05,0.712253,
0.701972,0.000195028,-0.712205,
-0.000208216,1,6.86125e-05,
0.712205,0.000100129,0.701972,
0.691444,0.000195061,-0.72243,
-0.000207948,1,7.0977e-05,
0.72243,0.000101151,0.691444,
0.680669,0.000195071,-0.732591,
-0.000207634,1,7.3358e-05,
0.732591,0.000102178,0.680669,
0.669645,0.00019506,-0.742682,
-0.000207272,1,7.57546e-05,
0.742682,0.000103208,0.669645,
0.65837,0.000195027,-0.752695,
-0.000206862,1,7.81661e-05,
0.752695,0.000104241,0.65837,
0.646842,0.000194971,-0.762624,
-0.000206402,1,8.05914e-05,
0.762624,0.000105277,0.646842,
0.635061,0.000194892,-0.772462,
-0.000205893,1,8.30297e-05,
0.772462,0.000106316,0.635061,
0.623024,0.00019479,-0.782202,
-0.000205333,1,8.54801e-05,
0.782202,0.000107356,0.623024,
0.610732,0.000194665,-0.791837,
-0.000204722,1,8.79414e-05,
0.791837,0.000108398,0.610732,
0.598183,0.000194517,-0.80136,
-0.000204058,1,9.04127e-05,
0.80136,0.00010944,0.598183,
0.585376,0.000194345,-0.810762,
-0.00020334,1,9.2893e-05,
0.810762,0.000110483,0.585376,
0.572311,0.000194148,-0.820036,
-0.000202569,1,9.53811e-05,
0.820036,0.000111526,0.572311,
0.558988,0.000193928,-0.829176,
-0.000201743,1,9.78759e-05,
0.829176,0.000112569,0.558988,
0.545406,0.000193683,-0.838172,
-0.000200861,1,0.000100376,
0.838172,0.00011361,0.545406,
0.531565,0.000193414,-0.847018,
-0.000199923,1,0.000102881,
0.847018,0.00011465,0.531565,
0.517465,0.00019312,-0.855704,
-0.000198927,1,0.000105389,
0.855704,0.000115688,0.517465,
0.503107,0.0001928,-0.864224,
-0.000197874,1,0.000107898,
0.864224,0.000116723,0.503107,
0.488491,0.000192456,-0.872569,
-0.000196763,1,0.000110409,
0.872569,0.000117755,0.488491,
0.473619,0.000192086,-0.88073,
-0.000195592,1,0.000112918,
0.88073,0.000118783,0.473619,
0.45849,0.000191691,-0.888699,
-0.000194361,1,0.000115425,
0.888699,0.000119807,0.45849,
0.443107,0.00019127,-0.896469,
-0.00019307,1,0.000117929,
0.896469,0.000120826,0.443107,
0.42747,0.000190824,-0.904029,
-0.000191718,1,0.000120428,
0.904029,0.000121839,0.42747,
0.411582,0.000190352,-0.911373,
-0.000190304,1,0.00012292,
0.911373,0.000122846,0.411582,
0.395444,0.000189853,-0.91849,
-0.000188828,1,0.000125404,
0.91849,0.000123846,0.395444,
0.379058,0.000189329,-0.925373,
-0.000187289,1,0.000127879,
0.925373,0.000124838,0.379058,
0.362427,0.000188779,-0.932012,
-0.000185687,1,0.000130343,
0.932012,0.000125823,0.362427,
0.345554,0.000188203,-0.938399,
-0.000184021,1,0.000132794,
0.938399,0.000126798,0.345554,
0.328441,0.0001876,-0.944525,
-0.000182291,1,0.00013523,
0.944525,0.000127764,0.328441,
0.311091,0.000186972,-0.95038,
-0.000180497,1,0.000137651,
0.95038,0.000128719,0.311091,
0.293508,0.000186317,-0.955957,
-0.000178638,1,0.000140054,
0.955957,0.000129664,0.293508,
0.275696,0.000185636,-0.961245,
-0.000176714,1,0.000142437,
0.961245,0.000130596,0.275696,
0.257659,0.00018493,-0.966236,
-0.000174725,1,0.000144799,
0.966236,0.000131517,0.257659,
0.239401,0.000184197,-0.970921,
-0.00017267,1,0.000147138,
0.970921,0.000132424,0.239401,
0.220926,0.000183438,-0.975291,
-0.000170549,1,0.000149452,
0.975291,0.000133317,0.220926,
0.20224,0.000182654,-0.979336,
-0.000168363,1,0.00015174,
0.979336,0.000134196,0.20224,
0.183348,0.000181844,-0.983048,
-0.00016611,1,0.000153998,
0.983048,0.000135059,0.183348,
0.164254,0.000181008,-0.986418,
-0.000163792,1,0.000156227,
0.986418,0.000135906,0.164254,
0.144966,0.000180148,-0.989437,
-0.000161407,1,0.000158422,
0.989437,0.000136736,0.144966,
0.125489,0.000179262,-0.992095,
-0.000158957,1,0.000160584,
0.992095,0.000137549,0.125489,
0.10583,0.000178351,-0.994384,
-0.000156441,1,0.000162709,
0.994384,0.000138343,0.10583,
0.0859949,0.000177415,-0.996296,
-0.000153859,1,0.000164795,
0.996296,0.000139117,0.0859949,
0.0659914,0.000176456,-0.99782,
-0.000151212,1,0.000166841,
0.99782,0.000139872,0.0659914,
0.0458268,0.000175472,-0.998949,
-0.000148499,1,0.000168844,
0.998949,0.000140605,0.0458268,
0.0255089,0.000174464,-0.999675,
-0.000145722,1,0.000170803,
0.999675,0.000141317,0.0255089,
0.00504578,0.000173433,-0.999987,
-0.00014288,1,0.000172715,
0.999987,0.000142007,0.0050458,
-0.0155541,0.000172379,-0.999879,
-0.000139975,1,0.000174578,
0.999879,0.000142673,-0.015554,
-0.0362819,0.000171303,-0.999342,
-0.000137006,1,0.00017639,
0.999342,0.000143315,-0.0362819,
-0.0571285,0.000170204,-0.998367,
-0.000133974,1,0.000178148,
0.998367,0.000143932,-0.0571285,
-0.0780846,0.000169083,-0.996947,
-0.00013088,1,0.000179852,
0.996947,0.000144524,-0.0780845,
-0.0991401,0.000167941,-0.995073,
-0.000127724,1,0.000181498,
0.995073,0.000145089,-0.0991401,
-0.120285,0.000166779,-0.992739,
-0.000124508,1,0.000183085,
0.992739,0.000145627,-0.120285,
-0.141509,0.000165596,-0.989937,
-0.000121232,1,0.000184609,
0.989937,0.000146136,-0.141509,
-0.162801,0.000164394,-0.986659,
-0.000117898,1,0.00018607,
0.986659,0.000146617,-0.162801,
-0.184149,0.000163173,-0.982898,
-0.000114505,1,0.000187465,
0.982898,0.000147069,-0.184149,
-0.205543,0.000161933,-0.978648,
-0.000111056,1,0.000188791,
0.978648,0.00014749,-0.205543,
-0.226971,0.000160676,-0.973902,
-0.000107551,1,0.000190047,
0.973902,0.000147879,-0.226971,
-0.248419,0.000159401,-0.968653,
-0.000103992,1,0.000191229,
0.968653,0.000148237,-0.248419,
-0.269876,0.000158111,-0.962895,
-0.00010038,1,0.000192337,
0.962895,0.000148563,-0.269876,
-0.291328,0.000156804,-0.956623,
-9.67161e-05,1,0.000193368,
0.956623,0.000148854,-0.291328,
-0.312763,0.000155483,-0.949831,
-9.3002e-05,1,0.00019432,
0.949831,0.000149112,-0.312763,
-0.334167,0.000154149,-0.942514,
-8.92393e-05,1,0.00019519,
0.942514,0.000149335,-0.334167,
-0.355526,0.000152801,-0.934667,
-8.54297e-05,1,0.000195977,
0.934667,0.000149523,-0.355526,
-0.376825,0.00015144,-0.926285,
-8.15747e-05,1,0.000196678,
0.926285,0.000149675,-0.376825,
-0.39805,0.000150069,-0.917364,
-7.76762e-05,1,0.000197291,
0.917364,0.000149789,-0.39805,
-0.419187,0.000148687,-0.9079,
-7.37361e-05,1,0.000197815,
0.9079,0.000149867,-0.419187,
-0.44022,0.000147296,-0.89789,
-6.97564e-05,1,0.000198247,
0.89789,0.000149906,-0.44022,
-0.461133,0.000145896,-0.887331,
-6.57391e-05,1,0.000198585,
0.887331,0.000149906,-0.461133,
-0.481911,0.000144489,-0.87622,
-6.16862e-05,1,0.000198828,
0.87622,0.000149868,-0.481911,
-0.502538,0.000143076,-0.864555,
-5.76001e-05,1,0.000198972,
0.864555,0.00014979,-0.502538,
-0.522998,0.000141658,-0.852334,
-5.3483e-05,1,0.000199017,
0.852334,0.000149671,-0.522998,
-0.543274,0.000140235,-0.839555,
-4.93374e-05,1,0.000198961,
0.839555,0.000149512,-0.543274,
-0.563349,0.00013881,-0.826219,
-4.51656e-05,1,0.000198801,
0.826219,0.000149311,-0.563349,
-0.583206,0.000137382,-0.812324,
-4.09703e-05,1,0.000198537,
0.812324,0.000149069,-0.583206,
-0.602828,0.000135954,-0.797871,
-3.6754e-05,1,0.000198166,
0.797871,0.000148785,-0.602828,
-0.622198,0.000134527,-0.78286,
-3.25195e-05,1,0.000197686,
0.78286,0.000148458,-0.622198,
-0.641297,0.000133102,-0.767293,
-2.82696e-05,1,0.000197097,
0.767293,0.000148089,-0.641297,
-0.660108,0.00013168,-0.751171,
-2.40072e-05,1,0.000196396,
0.751171,0.000147676,-0.660108,
-0.678613,0.000130262,-0.734496,
-1.97352e-05,1,0.000195583,
0.734496,0.00014722,-0.678613,
-0.696793,0.000128851,-0.717272,
-1.54567e-05,1,0.000194655,
0.717272,0.000146721,-0.696793,
-0.71463,0.000127446,-0.699502,
-1.11749e-05,1,0.000193612,
0.699502,0.000146178,-0.71463,
-0.732107,0.00012605,-0.68119,
-6.8928e-06,1,0.000192452,
0.68119,0.000145591,-0.732107,
-0.749203,0.000124664,-0.662341,
-2.61385e-06,1,0.000191174,
0.662341,0.000144959,-0.749203,
-0.765901,0.000123289,-0.642959,
1.65864e-06,1,0.000189777,
0.642959,0.000144284,-0.765901,
-0.782181,0.000121927,-0.623051,
5.92124e-06,1,0.00018826,
0.623051,0.000143565,-0.782181,
-0.798025,0.00012058,-0.602624,
1.01704e-05,1,0.000186623,
0.602624,0.000142801,-0.798025,
-0.813414,0.000119248,-0.581685,
1.44027e-05,1,0.000184864,
0.581685,0.000141993,-0.813414,
-0.82833,0.000117933,-0.560241,
1.86143e-05,1,0.000182983,
0.560241,0.000141142,-0.82833,
-0.842753,0.000116637,-0.538301,
2.28016e-05,1,0.000180979,
0.538301,0.000140246,-0.842753,
-0.856664,0.000115362,-0.515875,
2.69609e-05,1,0.000178852,
0.515875,0.000139307,-0.856664,
-0.870045,0.000114108,-0.492973,
3.10882e-05,1,0.000176601,
0.492973,0.000138325,-0.870045,
-0.882877,0.000112877,-0.469604,
3.51797e-05,1,0.000174226,
0.469604,0.0001373,-0.882877,
-0.895142,0.000111671,-0.445782,
3.92315e-05,1,0.000171728,
0.445782,0.000136232,-0.895142,
-0.906821,0.000110491,-0.421517,
4.32395e-05,1,0.000169106,
0.421517,0.000135122,-0.906821,
-0.917895,0.00010934,-0.396823,
4.71998e-05,1,0.000166359,
0.396823,0.00013397,-0.917895,
-0.928348,0.000108217,-0.371713,
5.11082e-05,1,0.00016349,
0.371713,0.000132778,-0.928348,
-0.93816,0.000107126,-0.346202,
5.49606e-05,1,0.000160497,
0.346202,0.000131544,-0.93816,
-0.947315,0.000106067,-0.320305,
5.87528e-05,1,0.000157381,
0.320305,0.000130271,-0.947315,
-0.955794,0.000105043,-0.294037,
6.24807e-05,1,0.000154144,
0.294037,0.000128958,-0.955794,
-0.963581,0.000104054,-0.267416,
6.614e-05,1,0.000150785,
0.267416,0.000127607,-0.963581,
-0.97066,0.000103102,-0.240458,
6.97264e-05,1,0.000147307,
0.240458,0.000126218,-0.97066,
-0.977013,0.000102188,-0.213182,
7.32358e-05,1,0.000143709,
0.213182,0.000124793,-0.977013,
-0.982624,0.000101315,-0.185606,
7.66638e-05,1,0.000139994,
