Initial guess for Q is identity.
Moser Veselov solve #0/10
Q = 
 0.777956 -0.628319         0
 0.628319  0.777956         0
        0         0         1
Moser Veselov solve #1/10
Q = 
 0.210432 -0.977609         0
 0.977609  0.210432         0
        0         0         1
Moser Veselov solve #2/10
Q = 
-0.450543 -0.892755         0
 0.892755 -0.450543         0
        0         0         1
Moser Veselov solve #3/10
Q = 
-0.911437  -0.41144         0
  0.41144 -0.911437         0
        0         0         1
Moser Veselov solve #4/10
Q = 
-0.967573  0.252591         0
-0.252591 -0.967573         0
        0         0         1
Moser Veselov solve #5/10
Q = 
-0.594022  0.804449         0
-0.804449 -0.594022         0
        0         0         1
Moser Veselov solve #6/10
Q = 
0.0433269  0.999061         0
-0.999061 0.0433269         0
        0         0         1
Moser Veselov solve #7/10
Q = 
 0.661435  0.750003         0
-0.750003  0.661435         0
        0         0         1
Moser Veselov solve #8/10
Q = 
 0.985808  0.167877         0
-0.167877  0.985808         0
        0         0         1
Moser Veselov solve #9/10
Q = 
0.872396  -0.4888        0
  0.4888 0.872396        0
       0        0        1
