Initial guess for Q is identity.
Moser Veselov solve #0/10
Q = 
 0.293812 -0.955863         0
 0.955863  0.293812         0
        0         0         1
Moser Veselov solve #1/10
Q = 
-0.827349 -0.561688         0
 0.561688 -0.827349         0
        0         0         1
Moser Veselov solve #2/10
Q = 
-0.779982  0.625802         0
-0.625802 -0.779982         0
        0         0         1
Moser Veselov solve #3/10
Q = 
 0.369013  0.929424         0
-0.929424  0.369013         0
        0         0         1
Moser Veselov solve #4/10
Q = 
  0.996823 -0.0796501          0
 0.0796501   0.996823          0
         0          0          1
Moser Veselov solve #5/10
Q = 
 0.216744 -0.976229         0
 0.976229  0.216744         0
        0         0         1
Moser Veselov solve #6/10
Q = 
-0.869459 -0.494005         0
 0.494005 -0.869459         0
        0         0         1
Moser Veselov solve #7/10
Q = 
-0.727659  0.685939         0
-0.685939 -0.727659         0
        0         0         1
Moser Veselov solve #8/10
Q = 
 0.441869  0.897079         0
-0.897079  0.441869         0
        0         0         1
Moser Veselov solve #9/10
Q = 
 0.987312 -0.158794         0
 0.158794  0.987312         0
        0         0         1
Moser Veselov solve #10/10
Q = 
 0.138299 -0.990391         0
 0.990391  0.138299         0
        0         0         1
