Initial guess for Q is identity.
Moser Veselov solve #0/100
Q = 
  0.998024 -0.0628319          0
 0.0628319   0.998024          0
         0          0          1
Moser Veselov solve #1/100
Q = 
 0.992104 -0.125415         0
 0.125415  0.992104         0
        0         0         1
Moser Veselov solve #2/100
Q = 
 0.982264 -0.187503         0
 0.187503  0.982264         0
        0         0         1
Moser Veselov solve #3/100
Q = 
0.968542 -0.24885        0
 0.24885 0.968542        0
       0        0        1
Moser Veselov solve #4/100
Q = 
 0.950993 -0.309214         0
 0.309214  0.950993         0
        0         0         1
Moser Veselov solve #5/100
Q = 
 0.929685 -0.368356         0
 0.368356  0.929685         0
        0         0         1
Moser Veselov solve #6/100
Q = 
 0.904704 -0.426042         0
 0.426042  0.904704         0
        0         0         1
Moser Veselov solve #7/100
Q = 
 0.876147 -0.482044         0
 0.482044  0.876147         0
        0         0         1
Moser Veselov solve #8/100
Q = 
 0.844128 -0.536141         0
 0.536141  0.844128         0
        0         0         1
Moser Veselov solve #9/100
Q = 
0.808773 -0.58812        0
 0.58812 0.808773        0
       0        0        1
Moser Veselov solve #10/100
Q = 
 0.770223 -0.637775         0
 0.637775  0.770223         0
        0         0         1
Moser Veselov solve #11/100
Q = 
 0.728628 -0.684909         0
 0.684909  0.728628         0
        0         0         1
Moser Veselov solve #12/100
Q = 
 0.684155 -0.729337         0
 0.729337  0.684155         0
        0         0         1
Moser Veselov solve #13/100
Q = 
 0.636977 -0.770883         0
 0.770883  0.636977         0
        0         0         1
Moser Veselov solve #14/100
Q = 
 0.587283 -0.809382         0
 0.809382  0.587283         0
        0         0         1
Moser Veselov solve #15/100
Q = 
 0.535267 -0.844683         0
 0.844683  0.535267         0
        0         0         1
Moser Veselov solve #16/100
Q = 
 0.481137 -0.876646         0
 0.876646  0.481137         0
        0         0         1
Moser Veselov solve #17/100
Q = 
 0.425105 -0.905144         0
 0.905144  0.425105         0
        0         0         1
Moser Veselov solve #18/100
Q = 
 0.367393 -0.930066         0
 0.930066  0.367393         0
        0         0         1
Moser Veselov solve #19/100
Q = 
 0.308229 -0.951312         0
 0.951312  0.308229         0
        0         0         1
Moser Veselov solve #20/100
Q = 
 0.247847 -0.968799         0
 0.968799  0.247847         0
        0         0         1
Moser Veselov solve #21/100
Q = 
 0.186486 -0.982458         0
 0.982458  0.186486         0
        0         0         1
Moser Veselov solve #22/100
Q = 
 0.124388 -0.992234         0
 0.992234  0.124388         0
        0         0         1
Moser Veselov solve #23/100
Q = 
0.0617985 -0.998089         0
 0.998089 0.0617985         0
        0         0         1
Moser Veselov solve #24/100
Q = 
-0.00103538   -0.999999           0
   0.999999 -0.00103538           0
          0           0           1
Moser Veselov solve #25/100
Q = 
-0.0638652  -0.997959          0
  0.997959 -0.0638652          0
         0          0          1
Moser Veselov solve #26/100
Q = 
-0.126443 -0.991974         0
 0.991974 -0.126443         0
        0         0         1
Moser Veselov solve #27/100
Q = 
 -0.18852 -0.982069         0
 0.982069  -0.18852         0
        0         0         1
Moser Veselov solve #28/100
Q = 
-0.249853 -0.968284         0
 0.968284 -0.249853         0
        0         0         1
Moser Veselov solve #29/100
Q = 
-0.310198 -0.950672         0
 0.950672 -0.310198         0
        0         0         1
Moser Veselov solve #30/100
Q = 
-0.369318 -0.929303         0
 0.929303 -0.369318         0
        0         0         1
Moser Veselov solve #31/100
Q = 
-0.426978 -0.904262         0
 0.904262 -0.426978         0
        0         0         1
Moser Veselov solve #32/100
Q = 
-0.482951 -0.875647         0
 0.875647 -0.482951         0
        0         0         1
Moser Veselov solve #33/100
Q = 
-0.537015 -0.843573         0
 0.843573 -0.537015         0
        0         0         1
Moser Veselov solve #34/100
Q = 
-0.588957 -0.808164         0
 0.808164 -0.588957         0
        0         0         1
Moser Veselov solve #35/100
Q = 
-0.638572 -0.769562         0
 0.769562 -0.638572         0
        0         0         1
Moser Veselov solve #36/100
Q = 
-0.685663 -0.727919         0
 0.727919 -0.685663         0
        0         0         1
Moser Veselov solve #37/100
Q = 
-0.730045 -0.683399         0
 0.683399 -0.730045         0
        0         0         1
Moser Veselov solve #38/100
Q = 
-0.771542 -0.636179         0
 0.636179 -0.771542         0
        0         0         1
Moser Veselov solve #39/100
Q = 
 -0.80999 -0.586444         0
 0.586444  -0.80999         0
        0         0         1
Moser Veselov solve #40/100
Q = 
-0.845237 -0.534392         0
 0.534392 -0.845237         0
        0         0         1
Moser Veselov solve #41/100
Q = 
-0.877143 -0.480229         0
 0.480229 -0.877143         0
        0         0         1
Moser Veselov solve #42/100
Q = 
-0.905584 -0.424167         0
 0.424167 -0.905584         0
        0         0         1
Moser Veselov solve #43/100
Q = 
-0.930446  -0.36643         0
  0.36643 -0.930446         0
        0         0         1
Moser Veselov solve #44/100
Q = 
-0.951631 -0.307244         0
 0.307244 -0.951631         0
        0         0         1
Moser Veselov solve #45/100
Q = 
-0.969055 -0.246844         0
 0.246844 -0.969055         0
        0         0         1
Moser Veselov solve #46/100
Q = 
 -0.98265 -0.185469         0
 0.185469  -0.98265         0
        0         0         1
Moser Veselov solve #47/100
Q = 
-0.992362 -0.123361         0
 0.123361 -0.992362         0
        0         0         1
Moser Veselov solve #48/100
Q = 
-0.998152 -0.060765         0
 0.060765 -0.998152         0
        0         0         1
Moser Veselov solve #49/100
Q = 
  -0.999998  0.00207076           0
-0.00207076   -0.999998           0
          0           0           1
Moser Veselov solve #50/100
Q = 
 -0.997892  0.0648984          0
-0.0648984  -0.997892          0
         0          0          1
Moser Veselov solve #51/100
Q = 
-0.991842   0.12747         0
 -0.12747 -0.991842         0
        0         0         1
Moser Veselov solve #52/100
Q = 
-0.981874  0.189537         0
-0.189537 -0.981874         0
        0         0         1
Moser Veselov solve #53/100
Q = 
-0.968025  0.250855         0
-0.250855 -0.968025         0
        0         0         1
Moser Veselov solve #54/100
Q = 
 -0.95035  0.311183         0
-0.311183  -0.95035         0
        0         0         1
Moser Veselov solve #55/100
Q = 
-0.92892  0.37028        0
-0.37028 -0.92892        0
       0        0        1
Moser Veselov solve #56/100
Q = 
-0.903819  0.427914         0
-0.427914 -0.903819         0
        0         0         1
Moser Veselov solve #57/100
Q = 
-0.875147  0.483857         0
-0.483857 -0.875147         0
        0         0         1
Moser Veselov solve #58/100
Q = 
-0.843016  0.537888         0
-0.537888 -0.843016         0
        0         0         1
Moser Veselov solve #59/100
Q = 
-0.807554  0.589794         0
-0.589794 -0.807554         0
        0         0         1
Moser Veselov solve #60/100
Q = 
  -0.7689  0.639369         0
-0.639369   -0.7689         0
        0         0         1
Moser Veselov solve #61/100
Q = 
-0.727208  0.686417         0
-0.686417 -0.727208         0
        0         0         1
Moser Veselov solve #62/100
Q = 
-0.682643  0.730752         0
-0.730752 -0.682643         0
        0         0         1
Moser Veselov solve #63/100
Q = 
-0.635379    0.7722         0
  -0.7722 -0.635379         0
        0         0         1
Moser Veselov solve #64/100
Q = 
-0.585605  0.810596         0
-0.810596 -0.585605         0
        0         0         1
Moser Veselov solve #65/100
Q = 
-0.533517  0.845789         0
-0.845789 -0.533517         0
        0         0         1
Moser Veselov solve #66/100
Q = 
-0.47932  0.87764        0
-0.87764 -0.47932        0
       0        0        1
Moser Veselov solve #67/100
Q = 
-0.423229  0.906023         0
-0.906023 -0.423229         0
        0         0         1
Moser Veselov solve #68/100
Q = 
-0.365466  0.930825         0
-0.930825 -0.365466         0
        0         0         1
Moser Veselov solve #69/100
Q = 
-0.306259  0.951948         0
-0.951948 -0.306259         0
        0         0         1
Moser Veselov solve #70/100
Q = 
-0.245841   0.96931         0
 -0.96931 -0.245841         0
        0         0         1
Moser Veselov solve #71/100
Q = 
-0.184451  0.982842         0
-0.982842 -0.184451         0
        0         0         1
Moser Veselov solve #72/100
Q = 
-0.122333  0.992489         0
-0.992489 -0.122333         0
        0         0         1
Moser Veselov solve #73/100
Q = 
-0.0597315   0.998214          0
 -0.998214 -0.0597315          0
         0          0          1
Moser Veselov solve #74/100
Q = 
0.00310614   0.999995          0
 -0.999995 0.00310614          0
         0          0          1
Moser Veselov solve #75/100
Q = 
0.0659316  0.997824         0
-0.997824 0.0659316         0
        0         0         1
Moser Veselov solve #76/100
Q = 
0.128496  0.99171        0
-0.99171 0.128496        0
       0        0        1
Moser Veselov solve #77/100
Q = 
 0.190554  0.981677         0
-0.981677  0.190554         0
        0         0         1
Moser Veselov solve #78/100
Q = 
 0.251858  0.967764         0
-0.967764  0.251858         0
        0         0         1
Moser Veselov solve #79/100
Q = 
 0.312166  0.950027         0
-0.950027  0.312166         0
        0         0         1
Moser Veselov solve #80/100
Q = 
 0.371242  0.928536         0
-0.928536  0.371242         0
        0         0         1
Moser Veselov solve #81/100
Q = 
  0.42885  0.903376         0
-0.903376   0.42885         0
        0         0         1
Moser Veselov solve #82/100
Q = 
 0.484763  0.874645         0
-0.874645  0.484763         0
        0         0         1
Moser Veselov solve #83/100
Q = 
 0.538761  0.842459         0
-0.842459  0.538761         0
        0         0         1
Moser Veselov solve #84/100
Q = 
  0.59063  0.806943         0
-0.806943   0.59063         0
        0         0         1
Moser Veselov solve #85/100
Q = 
 0.640164  0.768238         0
-0.768238  0.640164         0
        0         0         1
Moser Veselov solve #86/100
Q = 
 0.687169  0.726497         0
-0.726497  0.687169         0
        0         0         1
Moser Veselov solve #87/100
Q = 
 0.731459  0.681886         0
-0.681886  0.731459         0
        0         0         1
Moser Veselov solve #88/100
Q = 
0.772858  0.63458        0
-0.63458 0.772858        0
       0        0        1
Moser Veselov solve #89/100
Q = 
 0.811202  0.584766         0
-0.584766  0.811202         0
        0         0         1
Moser Veselov solve #90/100
Q = 
 0.846341  0.532641         0
-0.532641  0.846341         0
        0         0         1
Moser Veselov solve #91/100
Q = 
 0.878136  0.478411         0
-0.478411  0.878136         0
        0         0         1
Moser Veselov solve #92/100
Q = 
  0.90646  0.422291         0
-0.422291   0.90646         0
        0         0         1
Moser Veselov solve #93/100
Q = 
 0.931203  0.364502         0
-0.364502  0.931203         0
        0         0         1
Moser Veselov solve #94/100
Q = 
 0.952265  0.305273         0
-0.305273  0.952265         0
        0         0         1
Moser Veselov solve #95/100
Q = 
 0.969564  0.244837         0
-0.244837  0.969564         0
        0         0         1
Moser Veselov solve #96/100
Q = 
 0.983032  0.183434         0
-0.183434  0.983032         0
        0         0         1
Moser Veselov solve #97/100
Q = 
 0.992615  0.121306         0
-0.121306  0.992615         0
        0         0         1
Moser Veselov solve #98/100
Q = 
 0.998276  0.058698         0
-0.058698  0.998276         0
        0         0         1
Moser Veselov solve #99/100
Q = 
   0.999991 -0.00414151           0
 0.00414151    0.999991           0
          0           0           1

Final Error: 3.43044e-05
