Initial guess for Q is identity.
Moser Veselov solve #0/10000
Q = 
           1 -0.000628318            0
 0.000628318            1            0
           0            0            1
Moser Veselov solve #1/10000
Q = 
   0.999999 -0.00125664           0
 0.00125664    0.999999           0
          0           0           1
Moser Veselov solve #2/10000
Q = 
   0.999998 -0.00188495           0
 0.00188495    0.999998           0
          0           0           1
Moser Veselov solve #3/10000
Q = 
   0.999997 -0.00251327           0
 0.00251327    0.999997           0
          0           0           1
Moser Veselov solve #4/10000
Q = 
   0.999995 -0.00314159           0
 0.00314159    0.999995           0
          0           0           1
Moser Veselov solve #5/10000
Q = 
  0.999993 -0.0037699          0
 0.0037699   0.999993          0
         0          0          1
Moser Veselov solve #6/10000
Q = 
    0.99999 -0.00439822           0
 0.00439822     0.99999           0
          0           0           1
Moser Veselov solve #7/10000
Q = 
   0.999987 -0.00502653           0
 0.00502653    0.999987           0
          0           0           1
Moser Veselov solve #8/10000
Q = 
   0.999984 -0.00565484           0
 0.00565484    0.999984           0
          0           0           1
Moser Veselov solve #9/10000
Q = 
    0.99998 -0.00628314           0
 0.00628314     0.99998           0
          0           0           1
Moser Veselov solve #10/10000
Q = 
   0.999976 -0.00691145           0
 0.00691145    0.999976           0
          0           0           1
Moser Veselov solve #11/10000
Q = 
   0.999972 -0.00753975           0
 0.00753975    0.999972           0
          0           0           1
Moser Veselov solve #12/10000
Q = 
   0.999967 -0.00816805           0
 0.00816805    0.999967           0
          0           0           1
Moser Veselov solve #13/10000
Q = 
   0.999961 -0.00879635           0
 0.00879635    0.999961           0
          0           0           1
Moser Veselov solve #14/10000
Q = 
   0.999956 -0.00942464           0
 0.00942464    0.999956           0
          0           0           1
Moser Veselov solve #15/10000
Q = 
  0.999949 -0.0100529          0
 0.0100529   0.999949          0
         0          0          1
Moser Veselov solve #16/10000
Q = 
  0.999943 -0.0106812          0
 0.0106812   0.999943          0
         0          0          1
Moser Veselov solve #17/10000
Q = 
  0.999936 -0.0113095          0
 0.0113095   0.999936          0
         0          0          1
Moser Veselov solve #18/10000
Q = 
  0.999929 -0.0119378          0
 0.0119378   0.999929          0
         0          0          1
Moser Veselov solve #19/10000
Q = 
 0.999921 -0.012566         0
 0.012566  0.999921         0
        0         0         1
Moser Veselov solve #20/10000
Q = 
  0.999913 -0.0131943          0
 0.0131943   0.999913          0
         0          0          1
Moser Veselov solve #21/10000
Q = 
  0.999904 -0.0138226          0
 0.0138226   0.999904          0
         0          0          1
Moser Veselov solve #22/10000
Q = 
  0.999896 -0.0144508          0
 0.0144508   0.999896          0
         0          0          1
Moser Veselov solve #23/10000
Q = 
  0.999886 -0.0150791          0
 0.0150791   0.999886          0
         0          0          1
Moser Veselov solve #24/10000
Q = 
  0.999877 -0.0157073          0
 0.0157073   0.999877          0
         0          0          1
Moser Veselov solve #25/10000
Q = 
  0.999867 -0.0163356          0
 0.0163356   0.999867          0
         0          0          1
Moser Veselov solve #26/10000
Q = 
  0.999856 -0.0169638          0
 0.0169638   0.999856          0
         0          0          1
Moser Veselov solve #27/10000
Q = 
 0.999845 -0.017592         0
 0.017592  0.999845         0
        0         0         1
Moser Veselov solve #28/10000
Q = 
  0.999834 -0.0182202          0
 0.0182202   0.999834          0
         0          0          1
Moser Veselov solve #29/10000
Q = 
  0.999822 -0.0188484          0
 0.0188484   0.999822          0
         0          0          1
Moser Veselov solve #30/10000
Q = 
   0.99981 -0.0194766          0
 0.0194766    0.99981          0
         0          0          1
Moser Veselov solve #31/10000
Q = 
  0.999798 -0.0201048          0
 0.0201048   0.999798          0
         0          0          1
Moser Veselov solve #32/10000
Q = 
 0.999785 -0.020733         0
 0.020733  0.999785         0
        0         0         1
Moser Veselov solve #33/10000
Q = 
  0.999772 -0.0213612          0
 0.0213612   0.999772          0
         0          0          1
Moser Veselov solve #34/10000
Q = 
  0.999758 -0.0219894          0
 0.0219894   0.999758          0
         0          0          1
Moser Veselov solve #35/10000
Q = 
  0.999744 -0.0226175          0
 0.0226175   0.999744          0
         0          0          1
Moser Veselov solve #36/10000
Q = 
   0.99973 -0.0232457          0
 0.0232457    0.99973          0
         0          0          1
Moser Veselov solve #37/10000
Q = 
  0.999715 -0.0238738          0
 0.0238738   0.999715          0
         0          0          1
Moser Veselov solve #38/10000
Q = 
   0.9997 -0.024502         0
 0.024502    0.9997         0
        0         0         1
Moser Veselov solve #39/10000
Q = 
  0.999684 -0.0251301          0
 0.0251301   0.999684          0
         0          0          1
Moser Veselov solve #40/10000
Q = 
  0.999668 -0.0257582          0
 0.0257582   0.999668          0
         0          0          1
Moser Veselov solve #41/10000
Q = 
  0.999652 -0.0263863          0
 0.0263863   0.999652          0
         0          0          1
Moser Veselov solve #42/10000
Q = 
  0.999635 -0.0270144          0
 0.0270144   0.999635          0
         0          0          1
Moser Veselov solve #43/10000
Q = 
  0.999618 -0.0276425          0
 0.0276425   0.999618          0
         0          0          1
Moser Veselov solve #44/10000
Q = 
    0.9996 -0.0282706          0
 0.0282706     0.9996          0
         0          0          1
Moser Veselov solve #45/10000
Q = 
  0.999582 -0.0288986          0
 0.0288986   0.999582          0
         0          0          1
Moser Veselov solve #46/10000
Q = 
  0.999564 -0.0295267          0
 0.0295267   0.999564          0
         0          0          1
Moser Veselov solve #47/10000
Q = 
  0.999545 -0.0301547          0
 0.0301547   0.999545          0
         0          0          1
Moser Veselov solve #48/10000
Q = 
  0.999526 -0.0307827          0
 0.0307827   0.999526          0
         0          0          1
Moser Veselov solve #49/10000
Q = 
  0.999507 -0.0314108          0
 0.0314108   0.999507          0
         0          0          1
Moser Veselov solve #50/10000
Q = 
  0.999487 -0.0320388          0
 0.0320388   0.999487          0
         0          0          1
Moser Veselov solve #51/10000
Q = 
  0.999466 -0.0326668          0
 0.0326668   0.999466          0
         0          0          1
Moser Veselov solve #52/10000
Q = 
  0.999446 -0.0332947          0
 0.0332947   0.999446          0
         0          0          1
Moser Veselov solve #53/10000
Q = 
  0.999424 -0.0339227          0
 0.0339227   0.999424          0
         0          0          1
Moser Veselov solve #54/10000
Q = 
  0.999403 -0.0345506          0
 0.0345506   0.999403          0
         0          0          1
Moser Veselov solve #55/10000
Q = 
  0.999381 -0.0351786          0
 0.0351786   0.999381          0
         0          0          1
Moser Veselov solve #56/10000
Q = 
  0.999359 -0.0358065          0
 0.0358065   0.999359          0
         0          0          1
Moser Veselov solve #57/10000
Q = 
  0.999336 -0.0364344          0
 0.0364344   0.999336          0
         0          0          1
Moser Veselov solve #58/10000
Q = 
  0.999313 -0.0370623          0
 0.0370623   0.999313          0
         0          0          1
Moser Veselov solve #59/10000
Q = 
  0.999289 -0.0376902          0
 0.0376902   0.999289          0
         0          0          1
Moser Veselov solve #60/10000
Q = 
 0.999266 -0.038318         0
 0.038318  0.999266         0
        0         0         1
Moser Veselov solve #61/10000
Q = 
  0.999241 -0.0389459          0
 0.0389459   0.999241          0
         0          0          1
Moser Veselov solve #62/10000
Q = 
  0.999217 -0.0395737          0
 0.0395737   0.999217          0
         0          0          1
Moser Veselov solve #63/10000
Q = 
  0.999192 -0.0402015          0
 0.0402015   0.999192          0
         0          0          1
Moser Veselov solve #64/10000
Q = 
  0.999166 -0.0408294          0
 0.0408294   0.999166          0
         0          0          1
Moser Veselov solve #65/10000
Q = 
   0.99914 -0.0414571          0
 0.0414571    0.99914          0
         0          0          1
Moser Veselov solve #66/10000
Q = 
  0.999114 -0.0420849          0
 0.0420849   0.999114          0
         0          0          1
Moser Veselov solve #67/10000
Q = 
  0.999087 -0.0427127          0
 0.0427127   0.999087          0
         0          0          1
Moser Veselov solve #68/10000
Q = 
   0.99906 -0.0433404          0
 0.0433404    0.99906          0
         0          0          1
Moser Veselov solve #69/10000
Q = 
  0.999033 -0.0439681          0
 0.0439681   0.999033          0
         0          0          1
Moser Veselov solve #70/10000
Q = 
  0.999005 -0.0445958          0
 0.0445958   0.999005          0
         0          0          1
Moser Veselov solve #71/10000
Q = 
  0.998977 -0.0452235          0
 0.0452235   0.998977          0
         0          0          1
Moser Veselov solve #72/10000
Q = 
  0.998948 -0.0458512          0
 0.0458512   0.998948          0
         0          0          1
Moser Veselov solve #73/10000
Q = 
  0.998919 -0.0464788          0
 0.0464788   0.998919          0
         0          0          1
Moser Veselov solve #74/10000
Q = 
   0.99889 -0.0471065          0
 0.0471065    0.99889          0
         0          0          1
Moser Veselov solve #75/10000
Q = 
   0.99886 -0.0477341          0
 0.0477341    0.99886          0
         0          0          1
Moser Veselov solve #76/10000
Q = 
   0.99883 -0.0483617          0
 0.0483617    0.99883          0
         0          0          1
Moser Veselov solve #77/10000
Q = 
  0.998799 -0.0489892          0
 0.0489892   0.998799          0
         0          0          1
Moser Veselov solve #78/10000
Q = 
  0.998768 -0.0496168          0
 0.0496168   0.998768          0
         0          0          1
Moser Veselov solve #79/10000
Q = 
  0.998737 -0.0502443          0
 0.0502443   0.998737          0
         0          0          1
Moser Veselov solve #80/10000
Q = 
  0.998705 -0.0508718          0
 0.0508718   0.998705          0
         0          0          1
Moser Veselov solve #81/10000
Q = 
  0.998673 -0.0514993          0
 0.0514993   0.998673          0
         0          0          1
Moser Veselov solve #82/10000
Q = 
   0.99864 -0.0521268          0
 0.0521268    0.99864          0
         0          0          1
Moser Veselov solve #83/10000
Q = 
  0.998608 -0.0527543          0
 0.0527543   0.998608          0
         0          0          1
Moser Veselov solve #84/10000
Q = 
  0.998574 -0.0533817          0
 0.0533817   0.998574          0
         0          0          1
Moser Veselov solve #85/10000
Q = 
   0.99854 -0.0540091          0
 0.0540091    0.99854          0
         0          0          1
Moser Veselov solve #86/10000
Q = 
  0.998506 -0.0546365          0
 0.0546365   0.998506          0
         0          0          1
Moser Veselov solve #87/10000
Q = 
  0.998472 -0.0552639          0
 0.0552639   0.998472          0
         0          0          1
Moser Veselov solve #88/10000
Q = 
  0.998437 -0.0558912          0
 0.0558912   0.998437          0
         0          0          1
Moser Veselov solve #89/10000
Q = 
  0.998402 -0.0565185          0
 0.0565185   0.998402          0
         0          0          1
Moser Veselov solve #90/10000
Q = 
  0.998366 -0.0571458          0
 0.0571458   0.998366          0
         0          0          1
Moser Veselov solve #91/10000
Q = 
   0.99833 -0.0577731          0
 0.0577731    0.99833          0
         0          0          1
Moser Veselov solve #92/10000
Q = 
  0.998293 -0.0584004          0
 0.0584004   0.998293          0
         0          0          1
Moser Veselov solve #93/10000
Q = 
  0.998256 -0.0590276          0
 0.0590276   0.998256          0
         0          0          1
Moser Veselov solve #94/10000
Q = 
  0.998219 -0.0596548          0
 0.0596548   0.998219          0
         0          0          1
Moser Veselov solve #95/10000
Q = 
 0.998181 -0.060282         0
 0.060282  0.998181         0
        0         0         1
Moser Veselov solve #96/10000
Q = 
  0.998143 -0.0609092          0
 0.0609092   0.998143          0
         0          0          1
Moser Veselov solve #97/10000
Q = 
  0.998105 -0.0615363          0
 0.0615363   0.998105          0
         0          0          1
Moser Veselov solve #98/10000
Q = 
  0.998066 -0.0621634          0
 0.0621634   0.998066          0
         0          0          1
Moser Veselov solve #99/10000
Q = 
  0.998027 -0.0627905          0
 0.0627905   0.998027          0
         0          0          1
Moser Veselov solve #100/10000
Q = 
  0.997987 -0.0634176          0
 0.0634176   0.997987          0
         0          0          1
Moser Veselov solve #101/10000
Q = 
  0.997947 -0.0640446          0
 0.0640446   0.997947          0
         0          0          1
Moser Veselov solve #102/10000
Q = 
  0.997907 -0.0646716          0
 0.0646716   0.997907          0
         0          0          1
Moser Veselov solve #103/10000
Q = 
  0.997866 -0.0652986          0
 0.0652986   0.997866          0
         0          0          1
Moser Veselov solve #104/10000
Q = 
  0.997825 -0.0659256          0
 0.0659256   0.997825          0
         0          0          1
Moser Veselov solve #105/10000
Q = 
  0.997783 -0.0665525          0
 0.0665525   0.997783          0
         0          0          1
Moser Veselov solve #106/10000
Q = 
  0.997741 -0.0671794          0
 0.0671794   0.997741          0
         0          0          1
Moser Veselov solve #107/10000
Q = 
  0.997699 -0.0678063          0
 0.0678063   0.997699          0
         0          0          1
Moser Veselov solve #108/10000
Q = 
  0.997656 -0.0684332          0
 0.0684332   0.997656          0
         0          0          1
Moser Veselov solve #109/10000
Q = 
0.997613 -0.06906        0
 0.06906 0.997613        0
       0        0        1
Moser Veselov solve #110/10000
Q = 
  0.997569 -0.0696868          0
 0.0696868   0.997569          0
         0          0          1
Moser Veselov solve #111/10000
Q = 
  0.997525 -0.0703136          0
 0.0703136   0.997525          0
         0          0          1
Moser Veselov solve #112/10000
Q = 
  0.997481 -0.0709404          0
 0.0709404   0.997481          0
         0          0          1
Moser Veselov solve #113/10000
Q = 
  0.997436 -0.0715671          0
 0.0715671   0.997436          0
         0          0          1
Moser Veselov solve #114/10000
Q = 
  0.997391 -0.0721938          0
 0.0721938   0.997391          0
         0          0          1
Moser Veselov solve #115/10000
Q = 
  0.997345 -0.0728204          0
 0.0728204   0.997345          0
         0          0          1
Moser Veselov solve #116/10000
Q = 
  0.997299 -0.0734471          0
 0.0734471   0.997299          0
         0          0          1
Moser Veselov solve #117/10000
Q = 
  0.997253 -0.0740737          0
 0.0740737   0.997253          0
         0          0          1
Moser Veselov solve #118/10000
Q = 
  0.997206 -0.0747003          0
 0.0747003   0.997206          0
         0          0          1
Moser Veselov solve #119/10000
Q = 
  0.997159 -0.0753268          0
 0.0753268   0.997159          0
         0          0          1
Moser Veselov solve #120/10000
Q = 
  0.997111 -0.0759533          0
 0.0759533   0.997111          0
         0          0          1
Moser Veselov solve #121/10000
Q = 
  0.997063 -0.0765798          0
 0.0765798   0.997063          0
         0          0          1
Moser Veselov solve #122/10000
Q = 
  0.997015 -0.0772063          0
 0.0772063   0.997015          0
         0          0          1
Moser Veselov solve #123/10000
Q = 
  0.996966 -0.0778327          0
 0.0778327   0.996966          0
         0          0          1
Moser Veselov solve #124/10000
Q = 
  0.996917 -0.0784591          0
 0.0784591   0.996917          0
         0          0          1
Moser Veselov solve #125/10000
Q = 
  0.996868 -0.0790855          0
 0.0790855   0.996868          0
         0          0          1
Moser Veselov solve #126/10000
Q = 
  0.996818 -0.0797118          0
 0.0797118   0.996818          0
         0          0          1
Moser Veselov solve #127/10000
Q = 
  0.996768 -0.0803381          0
 0.0803381   0.996768          0
         0          0          1
Moser Veselov solve #128/10000
Q = 
  0.996717 -0.0809644          0
 0.0809644   0.996717          0
         0          0          1
Moser Veselov solve #129/10000
Q = 
  0.996666 -0.0815906          0
 0.0815906   0.996666          0
         0          0          1
Moser Veselov solve #130/10000
Q = 
  0.996614 -0.0822168          0
 0.0822168   0.996614          0
         0          0          1
Moser Veselov solve #131/10000
Q = 
 0.996563 -0.082843         0
 0.082843  0.996563         0
        0         0         1
Moser Veselov solve #132/10000
Q = 
   0.99651 -0.0834691          0
 0.0834691    0.99651          0
         0          0          1
Moser Veselov solve #133/10000
Q = 
  0.996458 -0.0840952          0
 0.0840952   0.996458          0
         0          0          1
Moser Veselov solve #134/10000
Q = 
  0.996405 -0.0847213          0
 0.0847213   0.996405          0
         0          0          1
Moser Veselov solve #135/10000
Q = 
  0.996351 -0.0853474          0
 0.0853474   0.996351          0
         0          0          1
Moser Veselov solve #136/10000
Q = 
  0.996297 -0.0859734          0
 0.0859734   0.996297          0
         0          0          1
Moser Veselov solve #137/10000
Q = 
  0.996243 -0.0865993          0
 0.0865993   0.996243          0
         0          0          1
Moser Veselov solve #138/10000
Q = 
  0.996189 -0.0872253          0
 0.0872253   0.996189          0
         0          0          1
Moser Veselov solve #139/10000
Q = 
  0.996134 -0.0878512          0
 0.0878512   0.996134          0
         0          0          1
Moser Veselov solve #140/10000
Q = 
  0.996078 -0.0884771          0
 0.0884771   0.996078          0
         0          0          1
Moser Veselov solve #141/10000
Q = 
  0.996022 -0.0891029          0
 0.0891029   0.996022          0
         0          0          1
Moser Veselov solve #142/10000
Q = 
  0.995966 -0.0897287          0
 0.0897287   0.995966          0
         0          0          1
Moser Veselov solve #143/10000
Q = 
   0.99591 -0.0903545          0
 0.0903545    0.99591          0
         0          0          1
Moser Veselov solve #144/10000
Q = 
  0.995853 -0.0909802          0
 0.0909802   0.995853          0
         0          0          1
Moser Veselov solve #145/10000
Q = 
  0.995795 -0.0916059          0
 0.0916059   0.995795          0
         0          0          1
Moser Veselov solve #146/10000
Q = 
  0.995738 -0.0922316          0
 0.0922316   0.995738          0
         0          0          1
Moser Veselov solve #147/10000
Q = 
  0.995679 -0.0928572          0
 0.0928572   0.995679          0
         0          0          1
Moser Veselov solve #148/10000
Q = 
  0.995621 -0.0934828          0
 0.0934828   0.995621          0
         0          0          1
Moser Veselov solve #149/10000
Q = 
  0.995562 -0.0941083          0
 0.0941083   0.995562          0
         0          0          1
Moser Veselov solve #150/10000
Q = 
  0.995503 -0.0947338          0
 0.0947338   0.995503          0
         0          0          1
Moser Veselov solve #151/10000
Q = 
  0.995443 -0.0953593          0
 0.0953593   0.995443          0
         0          0          1
Moser Veselov solve #152/10000
Q = 
  0.995383 -0.0959847          0
 0.0959847   0.995383          0
         0          0          1
Moser Veselov solve #153/10000
Q = 
  0.995322 -0.0966101          0
 0.0966101   0.995322          0
         0          0          1
Moser Veselov solve #154/10000
Q = 
  0.995261 -0.0972355          0
 0.0972355   0.995261          0
         0          0          1
Moser Veselov solve #155/10000
Q = 
    0.9952 -0.0978608          0
 0.0978608     0.9952          0
         0          0          1
Moser Veselov solve #156/10000
Q = 
  0.995138 -0.0984861          0
 0.0984861   0.995138          0
         0          0          1
Moser Veselov solve #157/10000
Q = 
  0.995076 -0.0991113          0
 0.0991113   0.995076          0
         0          0          1
Moser Veselov solve #158/10000
Q = 
  0.995014 -0.0997365          0
 0.0997365   0.995014          0
         0          0          1
Moser Veselov solve #159/10000
Q = 
 0.994951 -0.100362         0
 0.100362  0.994951         0
        0         0         1
Moser Veselov solve #160/10000
Q = 
 0.994888 -0.100987         0
 0.100987  0.994888         0
        0         0         1
Moser Veselov solve #161/10000
Q = 
 0.994824 -0.101612         0
 0.101612  0.994824         0
        0         0         1
Moser Veselov solve #162/10000
Q = 
  0.99476 -0.102237         0
 0.102237   0.99476         0
        0         0         1
Moser Veselov solve #163/10000
Q = 
 0.994696 -0.102862         0
 0.102862  0.994696         0
        0         0         1
Moser Veselov solve #164/10000
Q = 
 0.994631 -0.103487         0
 0.103487  0.994631         0
        0         0         1
Moser Veselov solve #165/10000
Q = 
 0.994566 -0.104112         0
 0.104112  0.994566         0
        0         0         1
Moser Veselov solve #166/10000
Q = 
   0.9945 -0.104737         0
 0.104737    0.9945         0
        0         0         1
Moser Veselov solve #167/10000
Q = 
 0.994434 -0.105362         0
 0.105362  0.994434         0
        0         0         1
Moser Veselov solve #168/10000
Q = 
 0.994368 -0.105986         0
 0.105986  0.994368         0
        0         0         1
Moser Veselov solve #169/10000
Q = 
 0.994301 -0.106611         0
 0.106611  0.994301         0
        0         0         1
Moser Veselov solve #170/10000
Q = 
 0.994234 -0.107236         0
 0.107236  0.994234         0
        0         0         1
Moser Veselov solve #171/10000
Q = 
 0.994166 -0.107861         0
 0.107861  0.994166         0
        0         0         1
Moser Veselov solve #172/10000
Q = 
 0.994098 -0.108485         0
 0.108485  0.994098         0
        0         0         1
Moser Veselov solve #173/10000
Q = 
 0.99403 -0.10911        0
 0.10911  0.99403        0
       0        0        1
Moser Veselov solve #174/10000
Q = 
 0.993961 -0.109734         0
 0.109734  0.993961         0
        0         0         1
Moser Veselov solve #175/10000
Q = 
 0.993892 -0.110359         0
 0.110359  0.993892         0
        0         0         1
Moser Veselov solve #176/10000
Q = 
 0.993822 -0.110983         0
 0.110983  0.993822         0
        0         0         1
Moser Veselov solve #177/10000
Q = 
 0.993752 -0.111608         0
 0.111608  0.993752         0
        0         0         1
Moser Veselov solve #178/10000
Q = 
 0.993682 -0.112232         0
 0.112232  0.993682         0
        0         0         1
Moser Veselov solve #179/10000
Q = 
 0.993611 -0.112856         0
 0.112856  0.993611         0
        0         0         1
Moser Veselov solve #180/10000
Q = 
  0.99354 -0.113481         0
 0.113481   0.99354         0
        0         0         1
Moser Veselov solve #181/10000
Q = 
 0.993469 -0.114105         0
 0.114105  0.993469         0
        0         0         1
Moser Veselov solve #182/10000
Q = 
 0.993397 -0.114729         0
 0.114729  0.993397         0
        0         0         1
Moser Veselov solve #183/10000
Q = 
 0.993325 -0.115353         0
 0.115353  0.993325         0
        0         0         1
Moser Veselov solve #184/10000
Q = 
 0.993252 -0.115977         0
 0.115977  0.993252         0
        0         0         1
Moser Veselov solve #185/10000
Q = 
 0.993179 -0.116601         0
 0.116601  0.993179         0
        0         0         1
Moser Veselov solve #186/10000
Q = 
 0.993105 -0.117225         0
 0.117225  0.993105         0
        0         0         1
Moser Veselov solve #187/10000
Q = 
 0.993031 -0.117849         0
 0.117849  0.993031         0
        0         0         1
Moser Veselov solve #188/10000
Q = 
 0.992957 -0.118473         0
 0.118473  0.992957         0
        0         0         1
Moser Veselov solve #189/10000
Q = 
 0.992883 -0.119097         0
 0.119097  0.992883         0
        0         0         1
Moser Veselov solve #190/10000
Q = 
 0.992808 -0.119721         0
 0.119721  0.992808         0
        0         0         1
Moser Veselov solve #191/10000
Q = 
 0.992732 -0.120345         0
 0.120345  0.992732         0
        0         0         1
Moser Veselov solve #192/10000
Q = 
 0.992656 -0.120968         0
 0.120968  0.992656         0
        0         0         1
Moser Veselov solve #193/10000
Q = 
  0.99258 -0.121592         0
 0.121592   0.99258         0
        0         0         1
Moser Veselov solve #194/10000
Q = 
 0.992504 -0.122216         0
 0.122216  0.992504         0
        0         0         1
Moser Veselov solve #195/10000
Q = 
 0.992427 -0.122839         0
 0.122839  0.992427         0
        0         0         1
Moser Veselov solve #196/10000
Q = 
 0.992349 -0.123463         0
 0.123463  0.992349         0
        0         0         1
Moser Veselov solve #197/10000
Q = 
 0.992271 -0.124086         0
 0.124086  0.992271         0
        0         0         1
Moser Veselov solve #198/10000
Q = 
0.992193 -0.12471        0
 0.12471 0.992193        0
       0        0        1
Moser Veselov solve #199/10000
Q = 
 0.992115 -0.125333         0
 0.125333  0.992115         0
        0         0         1
Moser Veselov solve #200/10000
Q = 
 0.992036 -0.125957         0
 0.125957  0.992036         0
        0         0         1
Moser Veselov solve #201/10000
Q = 
0.991956 -0.12658        0
 0.12658 0.991956        0
       0        0        1
Moser Veselov solve #202/10000
Q = 
 0.991877 -0.127203         0
 0.127203  0.991877         0
        0         0         1
Moser Veselov solve #203/10000
Q = 
 0.991797 -0.127826         0
 0.127826  0.991797         0
        0         0         1
Moser Veselov solve #204/10000
Q = 
 0.991716 -0.128449         0
 0.128449  0.991716         0
        0         0         1
Moser Veselov solve #205/10000
Q = 
 0.991635 -0.129073         0
 0.129073  0.991635         0
        0         0         1
Moser Veselov solve #206/10000
Q = 
 0.991554 -0.129696         0
 0.129696  0.991554         0
        0         0         1
Moser Veselov solve #207/10000
Q = 
 0.991472 -0.130319         0
 0.130319  0.991472         0
        0         0         1
Moser Veselov solve #208/10000
Q = 
  0.99139 -0.130941         0
 0.130941   0.99139         0
        0         0         1
Moser Veselov solve #209/10000
Q = 
 0.991308 -0.131564         0
 0.131564  0.991308         0
        0         0         1
Moser Veselov solve #210/10000
Q = 
 0.991225 -0.132187         0
 0.132187  0.991225         0
        0         0         1
Moser Veselov solve #211/10000
Q = 
0.991142 -0.13281        0
 0.13281 0.991142        0
       0        0        1
Moser Veselov solve #212/10000
Q = 
 0.991058 -0.133433         0
 0.133433  0.991058         0
        0         0         1
Moser Veselov solve #213/10000
Q = 
 0.990974 -0.134055         0
 0.134055  0.990974         0
        0         0         1
Moser Veselov solve #214/10000
Q = 
 0.990889 -0.134678         0
 0.134678  0.990889         0
        0         0         1
Moser Veselov solve #215/10000
Q = 
 0.990805 -0.135301         0
 0.135301  0.990805         0
        0         0         1
Moser Veselov solve #216/10000
Q = 
 0.990719 -0.135923         0
 0.135923  0.990719         0
        0         0         1
Moser Veselov solve #217/10000
Q = 
 0.990634 -0.136546         0
 0.136546  0.990634         0
        0         0         1
Moser Veselov solve #218/10000
Q = 
 0.990548 -0.137168         0
 0.137168  0.990548         0
        0         0         1
Moser Veselov solve #219/10000
Q = 
0.990461 -0.13779        0
 0.13779 0.990461        0
       0        0        1
Moser Veselov solve #220/10000
Q = 
 0.990375 -0.138413         0
 0.138413  0.990375         0
        0         0         1
Moser Veselov solve #221/10000
Q = 
 0.990287 -0.139035         0
 0.139035  0.990287         0
        0         0         1
Moser Veselov solve #222/10000
Q = 
   0.9902 -0.139657         0
 0.139657    0.9902         0
        0         0         1
Moser Veselov solve #223/10000
Q = 
 0.990112 -0.140279         0
 0.140279  0.990112         0
        0         0         1
Moser Veselov solve #224/10000
Q = 
 0.990024 -0.140901         0
 0.140901  0.990024         0
        0         0         1
Moser Veselov solve #225/10000
Q = 
 0.989935 -0.141523         0
 0.141523  0.989935         0
        0         0         1
Moser Veselov solve #226/10000
Q = 
 0.989846 -0.142145         0
 0.142145  0.989846         0
        0         0         1
Moser Veselov solve #227/10000
Q = 
 0.989756 -0.142767         0
 0.142767  0.989756         0
        0         0         1
Moser Veselov solve #228/10000
Q = 
 0.989666 -0.143389         0
 0.143389  0.989666         0
        0         0         1
Moser Veselov solve #229/10000
Q = 
 0.989576 -0.144011         0
 0.144011  0.989576         0
        0         0         1
Moser Veselov solve #230/10000
Q = 
 0.989485 -0.144633         0
 0.144633  0.989485         0
        0         0         1
Moser Veselov solve #231/10000
Q = 
 0.989394 -0.145254         0
 0.145254  0.989394         0
        0         0         1
Moser Veselov solve #232/10000
Q = 
 0.989303 -0.145876         0
 0.145876  0.989303         0
        0         0         1
Moser Veselov solve #233/10000
Q = 
 0.989211 -0.146497         0
 0.146497  0.989211         0
        0         0         1
Moser Veselov solve #234/10000
Q = 
 0.989119 -0.147119         0
 0.147119  0.989119         0
        0         0         1
Moser Veselov solve #235/10000
Q = 
0.989026 -0.14774        0
 0.14774 0.989026        0
       0        0        1
Moser Veselov solve #236/10000
Q = 
 0.988933 -0.148362         0
 0.148362  0.988933         0
        0         0         1
Moser Veselov solve #237/10000
Q = 
  0.98884 -0.148983         0
 0.148983   0.98884         0
        0         0         1
Moser Veselov solve #238/10000
Q = 
 0.988746 -0.149604         0
 0.149604  0.988746         0
        0         0         1
Moser Veselov solve #239/10000
Q = 
 0.988652 -0.150226         0
 0.150226  0.988652         0
        0         0         1
Moser Veselov solve #240/10000
Q = 
 0.988557 -0.150847         0
 0.150847  0.988557         0
        0         0         1
Moser Veselov solve #241/10000
Q = 
 0.988462 -0.151468         0
 0.151468  0.988462         0
        0         0         1
Moser Veselov solve #242/10000
Q = 
 0.988367 -0.152089         0
 0.152089  0.988367         0
        0         0         1
Moser Veselov solve #243/10000
Q = 
0.988271 -0.15271        0
 0.15271 0.988271        0
       0        0        1
Moser Veselov solve #244/10000
Q = 
 0.988175 -0.153331         0
 0.153331  0.988175         0
        0         0         1
Moser Veselov solve #245/10000
Q = 
 0.988078 -0.153952         0
 0.153952  0.988078         0
        0         0         1
Moser Veselov solve #246/10000
Q = 
 0.987981 -0.154572         0
 0.154572  0.987981         0
        0         0         1
Moser Veselov solve #247/10000
Q = 
 0.987884 -0.155193         0
 0.155193  0.987884         0
        0         0         1
Moser Veselov solve #248/10000
Q = 
 0.987786 -0.155814         0
 0.155814  0.987786         0
        0         0         1
Moser Veselov solve #249/10000
Q = 
 0.987688 -0.156434         0
 0.156434  0.987688         0
        0         0         1
Moser Veselov solve #250/10000
Q = 
  0.98759 -0.157055         0
 0.157055   0.98759         0
        0         0         1
Moser Veselov solve #251/10000
Q = 
 0.987491 -0.157676         0
 0.157676  0.987491         0
        0         0         1
Moser Veselov solve #252/10000
Q = 
 0.987392 -0.158296         0
 0.158296  0.987392         0
        0         0         1
Moser Veselov solve #253/10000
Q = 
 0.987292 -0.158916         0
 0.158916  0.987292         0
        0         0         1
Moser Veselov solve #254/10000
Q = 
 0.987192 -0.159537         0
 0.159537  0.987192         0
        0         0         1
Moser Veselov solve #255/10000
Q = 
 0.987092 -0.160157         0
 0.160157  0.987092         0
        0         0         1
Moser Veselov solve #256/10000
Q = 
 0.986991 -0.160777         0
 0.160777  0.986991         0
        0         0         1
Moser Veselov solve #257/10000
Q = 
  0.98689 -0.161397         0
 0.161397   0.98689         0
        0         0         1
Moser Veselov solve #258/10000
Q = 
 0.986788 -0.162017         0
 0.162017  0.986788         0
        0         0         1
Moser Veselov solve #259/10000
Q = 
 0.986686 -0.162637         0
 0.162637  0.986686         0
        0         0         1
Moser Veselov solve #260/10000
Q = 
 0.986584 -0.163257         0
 0.163257  0.986584         0
        0         0         1
Moser Veselov solve #261/10000
Q = 
 0.986481 -0.163877         0
 0.163877  0.986481         0
        0         0         1
Moser Veselov solve #262/10000
Q = 
 0.986378 -0.164497         0
 0.164497  0.986378         0
        0         0         1
Moser Veselov solve #263/10000
Q = 
 0.986274 -0.165116         0
 0.165116  0.986274         0
        0         0         1
Moser Veselov solve #264/10000
Q = 
  0.98617 -0.165736         0
 0.165736   0.98617         0
        0         0         1
Moser Veselov solve #265/10000
Q = 
 0.986066 -0.166356         0
 0.166356  0.986066         0
        0         0         1
Moser Veselov solve #266/10000
Q = 
 0.985961 -0.166975         0
 0.166975  0.985961         0
        0         0         1
Moser Veselov solve #267/10000
Q = 
 0.985856 -0.167595         0
 0.167595  0.985856         0
        0         0         1
Moser Veselov solve #268/10000
Q = 
  0.98575 -0.168214         0
 0.168214   0.98575         0
        0         0         1
Moser Veselov solve #269/10000
Q = 
 0.985645 -0.168833         0
 0.168833  0.985645         0
        0         0         1
Moser Veselov solve #270/10000
Q = 
 0.985538 -0.169453         0
 0.169453  0.985538         0
        0         0         1
Moser Veselov solve #271/10000
Q = 
 0.985432 -0.170072         0
 0.170072  0.985432         0
        0         0         1
Moser Veselov solve #272/10000
Q = 
 0.985325 -0.170691         0
 0.170691  0.985325         0
        0         0         1
Moser Veselov solve #273/10000
Q = 
0.985217 -0.17131        0
 0.17131 0.985217        0
       0        0        1
Moser Veselov solve #274/10000
Q = 
 0.985109 -0.171929         0
 0.171929  0.985109         0
        0         0         1
Moser Veselov solve #275/10000
Q = 
 0.985001 -0.172548         0
 0.172548  0.985001         0
        0         0         1
Moser Veselov solve #276/10000
Q = 
 0.984892 -0.173167         0
 0.173167  0.984892         0
        0         0         1
Moser Veselov solve #277/10000
Q = 
 0.984783 -0.173786         0
 0.173786  0.984783         0
        0         0         1
Moser Veselov solve #278/10000
Q = 
 0.984674 -0.174404         0
 0.174404  0.984674         0
        0         0         1
Moser Veselov solve #279/10000
Q = 
 0.984564 -0.175023         0
 0.175023  0.984564         0
        0         0         1
Moser Veselov solve #280/10000
Q = 
 0.984454 -0.175642         0
 0.175642  0.984454         0
        0         0         1
Moser Veselov solve #281/10000
Q = 
0.984344 -0.17626        0
 0.17626 0.984344        0
       0        0        1
Moser Veselov solve #282/10000
Q = 
 0.984233 -0.176879         0
 0.176879  0.984233         0
        0         0         1
Moser Veselov solve #283/10000
Q = 
 0.984121 -0.177497         0
 0.177497  0.984121         0
        0         0         1
Moser Veselov solve #284/10000
Q = 
  0.98401 -0.178115         0
 0.178115   0.98401         0
        0         0         1
Moser Veselov solve #285/10000
Q = 
 0.983898 -0.178734         0
 0.178734  0.983898         0
        0         0         1
Moser Veselov solve #286/10000
Q = 
 0.983785 -0.179352         0
 0.179352  0.983785         0
        0         0         1
Moser Veselov solve #287/10000
Q = 
0.983672 -0.17997        0
 0.17997 0.983672        0
       0        0        1
Moser Veselov solve #288/10000
Q = 
 0.983559 -0.180588         0
 0.180588  0.983559         0
        0         0         1
Moser Veselov solve #289/10000
Q = 
 0.983445 -0.181206         0
 0.181206  0.983445         0
        0         0         1
Moser Veselov solve #290/10000
Q = 
 0.983331 -0.181824         0
 0.181824  0.983331         0
        0         0         1
Moser Veselov solve #291/10000
Q = 
 0.983217 -0.182441         0
 0.182441  0.983217         0
        0         0         1
Moser Veselov solve #292/10000
Q = 
 0.983102 -0.183059         0
 0.183059  0.983102         0
        0         0         1
Moser Veselov solve #293/10000
Q = 
 0.982987 -0.183677         0
 0.183677  0.982987         0
        0         0         1
Moser Veselov solve #294/10000
Q = 
 0.982871 -0.184294         0
 0.184294  0.982871         0
        0         0         1
Moser Veselov solve #295/10000
Q = 
 0.982755 -0.184912         0
 0.184912  0.982755         0
        0         0         1
Moser Veselov solve #296/10000
Q = 
 0.982639 -0.185529         0
 0.185529  0.982639         0
        0         0         1
Moser Veselov solve #297/10000
Q = 
 0.982522 -0.186147         0
 0.186147  0.982522         0
        0         0         1
Moser Veselov solve #298/10000
Q = 
 0.982405 -0.186764         0
 0.186764  0.982405         0
        0         0         1
Moser Veselov solve #299/10000
Q = 
 0.982287 -0.187381         0
 0.187381  0.982287         0
        0         0         1
Moser Veselov solve #300/10000
Q = 
 0.982169 -0.187998         0
 0.187998  0.982169         0
        0         0         1
Moser Veselov solve #301/10000
Q = 
 0.982051 -0.188616         0
 0.188616  0.982051         0
        0         0         1
Moser Veselov solve #302/10000
Q = 
 0.981932 -0.189233         0
 0.189233  0.981932         0
        0         0         1
Moser Veselov solve #303/10000
Q = 
 0.981813 -0.189849         0
 0.189849  0.981813         0
        0         0         1
Moser Veselov solve #304/10000
Q = 
 0.981694 -0.190466         0
 0.190466  0.981694         0
        0         0         1
Moser Veselov solve #305/10000
Q = 
 0.981574 -0.191083         0
 0.191083  0.981574         0
        0         0         1
Moser Veselov solve #306/10000
Q = 
0.981454  -0.1917        0
  0.1917 0.981454        0
       0        0        1
