1,0,0,
0,1,0,
0,0,1,
-0.767205,0.641401,0,
-0.641401,-0.767205,0,
0,0,1,
0.177208,-0.984173,0,
0.984173,0.177208,0,
0,0,1,
0.495295,0.868725,0,
-0.868725,0.495295,0,
0,0,1,
-0.937194,-0.348808,0,
0.348808,-0.937194,0,
0,0,1,
0.942746,-0.333511,0,
0.333511,0.942746,0,
0,0,1,
-0.509366,0.86055,0,
-0.86055,-0.509366,0,
0,0,1,
-0.16117,-0.986927,0,
0.986927,-0.16117,0,
0,0,1,
0.756666,0.653801,0,
-0.653801,0.756666,0,
0,0,1,
-0.999868,-0.016273,0,
0.016273,-0.999868,0,
0,0,1,
0.777541,-0.628832,0,
0.628832,0.777541,0,
0,0,1,
-0.1932,0.981159,0,
-0.981159,-0.1932,0,
0,0,1,
-0.481092,-0.87667,0,
0.87667,-0.481092,0,
0,0,1,
0.931394,0.364012,0,
-0.364012,0.931394,0,
0,0,1,
-0.948049,0.318125,0,
-0.318125,-0.948049,0,
0,0,1,
0.523302,-0.852147,0,
0.852147,0.523302,0,
0,0,1,
0.145088,0.989419,0,
-0.989419,0.145088,0,
0,0,1,
-0.745927,-0.666028,0,
0.666028,-0.745927,0,
0,0,1,
0.99947,0.0325417,0,
-0.0325417,0.99947,0,
0,0,1,
-0.787671,0.616096,0,
-0.616096,-0.787671,0,
0,0,1,
0.209141,-0.977885,0,
0.977885,0.209141,0,
0,0,1,
0.466763,0.884383,0,
-0.884383,0.466763,0,
0,0,1,
-0.925347,-0.379121,0,
0.379121,-0.925347,0,
0,0,1,
0.9531,-0.302655,0,
0.302655,0.9531,0,
0,0,1,
-0.5371,0.843519,0,
-0.843519,-0.5371,0,
0,0,1,
-0.128968,-0.991649,0,
0.991649,-0.128968,0,
0,0,1,
0.73499,0.678078,0,
-0.678078,0.73499,0,
0,0,1,
-0.998808,-0.0488018,0,
0.0488018,-0.998808,0,
0,0,1,
0.797593,-0.603196,0,
0.603196,0.797593,0,
0,0,1,
-0.225027,0.974353,0,
-0.974353,-0.225027,0,
0,0,1,
-0.452309,-0.891861,0,
0.891861,-0.452309,0,
0,0,1,
0.919055,0.394129,0,
-0.394129,0.919055,0,
0,0,1,
-0.957899,0.287105,0,
-0.287105,-0.957899,0,
0,0,1,
0.550755,-0.834667,0,
0.834667,0.550755,0,
0,0,1,
0.112814,0.993616,0,
-0.993616,0.112814,0,
0,0,1,
-0.723858,-0.689949,0,
0.689949,-0.723858,0,
0,0,1,
0.997882,0.0650489,0,
-0.0650489,0.997882,0,
0,0,1,
-0.807303,0.590137,0,
-0.590137,-0.807303,0,
0,0,1,
0.240853,-0.970562,0,
0.970562,0.240853,0,
0,0,1,
0.437736,0.899103,0,
-0.899103,0.437736,0,
0,0,1,
-0.91252,-0.409032,0,
0.409032,-0.91252,0,
0,0,1,
0.962444,-0.27148,0,
0.27148,0.962444,0,
0,0,1,
-0.564265,0.825594,0,
-0.825594,-0.564265,0,
0,0,1,
-0.0966297,-0.99532,0,
0.99532,-0.0966297,0,
0,0,1,
0.712535,0.701637,0,
-0.701637,0.712535,0,
0,0,1,
-0.996691,-0.0812789,0,
0.0812789,-0.996691,0,
0,0,1,
0.816799,-0.576922,0,
0.576922,0.816799,0,
0,0,1,
-0.256615,0.966514,0,
-0.966514,-0.256615,0,
0,0,1,
-0.423047,-0.906108,0,
0.906108,-0.423047,0,
0,0,1,
0.905743,0.423828,0,
-0.423828,0.905743,0,
0,0,1,
-0.966735,0.255782,0,
-0.255782,-0.966735,0,
0,0,1,
0.577625,-0.816302,0,
0.816302,0.577625,0,
0,0,1,
0.08042,0.996761,0,
-0.996761,0.08042,0,
0,0,1,
-0.701023,-0.713139,0,
0.713139,-0.701023,0,
0,0,1,
0.995237,0.0974873,0,
-0.0974873,0.995237,0,
0,0,1,
-0.82608,0.563553,0,
-0.563553,-0.82608,0,
0,0,1,
0.272309,-0.96221,0,
0.96221,0.272309,0,
0,0,1,
0.408246,0.912872,0,
-0.912872,0.408246,0,
0,0,1,
-0.898726,-0.438511,0,
0.438511,-0.898726,0,
0,0,1,
0.970769,-0.240016,0,
0.240016,0.970769,0,
0,0,1,
-0.590832,0.806794,0,
-0.806794,-0.590832,0,
0,0,1,
-0.0641891,-0.997938,0,
0.997938,-0.0641891,0,
0,0,1,
0.689325,0.724452,0,
-0.724452,0.689325,0,
0,0,1,
-0.993519,-0.11367,0,
0.11367,-0.993519,0,
0,0,1,
0.835141,-0.550036,0,
0.550036,0.835141,0,
0,0,1,
-0.287931,0.957651,0,
-0.957651,-0.287931,0,
0,0,1,
-0.393337,-0.919394,0,
0.919394,-0.393337,0,
0,0,1,
0.891471,0.453078,0,
-0.453078,0.891471,0,
0,0,1,
-0.974546,0.224187,0,
-0.224187,-0.974546,0,
0,0,1,
0.603883,-0.797073,0,
0.797073,0.603883,0,
0,0,1,
0.0479411,0.99885,0,
-0.99885,0.0479411,0,
0,0,1,
-0.677445,-0.735574,0,
0.735574,-0.677445,0,
0,0,1,
0.991537,0.129822,0,
-0.129822,0.991537,0,
0,0,1,
-0.843981,0.536373,0,
-0.536373,-0.843981,0,
0,0,1,
0.303476,-0.952839,0,
0.952839,0.303476,0,
0,0,1,
0.378323,0.925673,0,
-0.925673,0.378323,0,
0,0,1,
-0.88398,-0.467525,0,
0.467525,-0.88398,0,
0,0,1,
0.978065,-0.208299,0,
0.208299,0.978065,0,
0,0,1,
-0.616774,0.78714,0,
-0.78714,-0.616774,0,
0,0,1,
-0.0316805,-0.999498,0,
0.999498,-0.0316805,0,
0,0,1,
0.665385,0.7465,0,
-0.7465,0.665385,0,
0,0,1,
-0.989293,-0.14594,0,
0.14594,-0.989293,0,
0,0,1,
0.852598,-0.522568,0,
0.522568,0.852598,0,
0,0,1,
-0.318942,0.947774,0,
-0.947774,-0.318942,0,
0,0,1,
-0.36321,-0.931707,0,
0.931707,-0.36321,0,
0,0,1,
0.876255,0.481848,0,
-0.481848,0.876255,0,
0,0,1,
-0.981325,0.192355,0,
-0.192355,-0.981325,0,
0,0,1,
0.629501,-0.776999,0,
0.776999,0.629501,0,
0,0,1,
0.0154115,0.999881,0,
-0.999881,0.0154115,0,
0,0,1,
-0.653149,-0.757229,0,
0.757229,-0.653149,0,
0,0,1,
0.986787,0.16202,0,
-0.16202,0.986787,0,
0,0,1,
-0.860989,0.508624,0,
-0.508624,-0.860989,0,
0,0,1,
0.334323,-0.942459,0,
0.942459,0.334323,0,
0,0,1,
0.348,0.937495,0,
-0.937495,0.348,0,
0,0,1,
-0.868298,-0.496043,0,
0.496043,-0.868298,0,
0,0,1,
0.984326,-0.17636,0,
0.17636,0.984326,0,
0,0,1,
-0.642062,0.766653,0,
-0.766653,-0.642062,0,
0,0,1,
0.000861662,-1,0,
1,0.000861662,0,
0,0,1,
0.64074,0.767758,0,
-0.767758,0.64074,0,
0,0,1,
-0.98402,-0.178056,0,
0.178056,-0.98402,0,
0,0,1,
0.869151,-0.494546,0,
0.494546,0.869151,0,
0,0,1,
-0.349615,0.936893,0,
-0.936893,-0.349615,0,
0,0,1,
-0.332698,-0.943033,0,
0.943033,-0.332698,0,
0,0,1,
0.860111,0.510107,0,
-0.510107,0.860111,0,
0,0,1,
-0.987065,0.160319,0,
-0.160319,-0.987065,0,
0,0,1,
0.654453,-0.756103,0,
0.756103,0.654453,0,
0,0,1,
-0.0171345,0.999853,0,
-0.999853,-0.0171345,0,
0,0,1,
-0.628162,-0.778083,0,
0.778083,-0.628162,0,
0,0,1,
0.980992,0.194046,0,
-0.194046,0.980992,0,
0,0,1,
-0.877084,0.480337,0,
-0.480337,-0.877084,0,
0,0,1,
0.364815,-0.93108,0,
0.93108,0.364815,0,
0,0,1,
0.317308,0.948323,0,
-0.948323,0.317308,0,
0,0,1,
-0.851696,-0.524036,0,
0.524036,-0.851696,0,
0,0,1,
0.989543,-0.144235,0,
0.144235,0.989543,0,
0,0,1,
-0.66667,0.745353,0,
-0.745353,-0.66667,0,
0,0,1,
0.0334029,-0.999442,0,
0.999442,0.0334029,0,
0,0,1,
0.615417,0.788202,0,
-0.788202,0.615417,0,
0,0,1,
-0.977705,-0.209984,0,
0.209984,-0.977705,0,
0,0,1,
0.884784,-0.466001,0,
0.466001,0.884784,0,
0,0,1,
-0.379918,0.92502,0,
-0.92502,-0.379918,0,
0,0,1,
-0.301834,-0.95336,0,
0.95336,-0.301834,0,
0,0,1,
0.843055,0.537827,0,
-0.537827,0.843055,0,
0,0,1,
-0.99176,0.128113,0,
-0.128113,-0.99176,0,
0,0,1,
0.678711,-0.734405,0,
0.734405,0.678711,0,
0,0,1,
-0.0496624,0.998766,0,
-0.998766,-0.0496624,0,
0,0,1,
-0.602509,-0.798112,0,
0.798112,-0.602509,0,
0,0,1,
0.974158,0.225866,0,
-0.225866,0.974158,0,
0,0,1,
-0.892251,0.451541,0,
-0.451541,-0.892251,0,
0,0,1,
0.394921,-0.918715,0,
0.918715,0.394921,0,
0,0,1,
0.28628,0.958146,0,
-0.958146,0.28628,0,
0,0,1,
-0.834192,-0.551474,0,
0.551474,-0.834192,0,
0,0,1,
0.993713,-0.111958,0,
0.111958,0.993713,0,
0,0,1,
-0.690572,0.723263,0,
-0.723263,-0.690572,0,
0,0,1,
0.0659087,-0.997826,0,
0.997826,0.0659087,0,
0,0,1,
0.589441,0.807811,0,
-0.807811,0.589441,0,
0,0,1,
-0.970354,-0.241689,0,
0.241689,-0.970354,0,
0,0,1,
0.89948,-0.436961,0,
0.436961,0.89948,0,
0,0,1,
-0.409819,0.912167,0,
-0.912167,-0.409819,0,
0,0,1,
-0.27065,-0.962678,0,
0.962678,-0.27065,0,
0,0,1,
0.825107,0.564976,0,
-0.564976,0.825107,0,
0,0,1,
-0.995403,0.095772,0,
-0.095772,-0.995403,0,
0,0,1,
0.702251,-0.71193,0,
0.71193,0.702251,0,
0,0,1,
-0.0821376,0.996621,0,
-0.996621,-0.0821376,0,
0,0,1,
-0.576218,-0.817296,0,
0.817296,-0.576218,0,
0,0,1,
0.966292,0.257447,0,
-0.257447,0.966292,0,
0,0,1,
-0.906472,0.422266,0,
-0.422266,-0.906472,0,
0,0,1,
0.424608,-0.905377,0,
0.905377,0.424608,0,
0,0,1,
0.254949,0.966955,0,
-0.966955,0.254949,0,
0,0,1,
-0.815804,-0.578328,0,
0.578328,-0.815804,0,
0,0,1,
0.99683,-0.0795611,0,
0.0795611,0.99683,0,
0,0,1,
-0.713743,0.700408,0,
-0.700408,-0.713743,0,
0,0,1,
0.0983448,-0.995152,0,
0.995152,0.0983448,0,
0,0,1,
0.562841,0.826565,0,
-0.826565,0.562841,0,
0,0,1,
-0.961975,-0.273138,0,
0.273138,-0.961975,0,
0,0,1,
0.913223,-0.407459,0,
0.407459,0.913223,0,
0,0,1,
-0.439285,0.898348,0,
-0.898348,-0.439285,0,
0,0,1,
-0.23918,-0.970975,0,
0.970975,-0.23918,0,
0,0,1,
0.806285,0.591527,0,
-0.591527,0.806285,0,
0,0,1,
-0.997993,0.0633292,0,
-0.0633292,-0.997993,0,
0,0,1,
0.725046,-0.6887,0,
0.6887,0.725046,0,
0,0,1,
-0.114526,0.99342,0,
-0.99342,-0.114526,0,
0,0,1,
-0.549316,-0.835615,0,
0.835615,-0.549316,0,
0,0,1,
0.957403,0.288756,0,
-0.288756,0.957403,0,
0,0,1,
-0.919733,0.392544,0,
-0.392544,-0.919733,0,
0,0,1,
0.453846,-0.89108,0,
0.89108,0.453846,0,
0,0,1,
0.223347,0.974739,0,
-0.974739,0.223347,0,
0,0,1,
-0.796552,-0.60457,0,
0.60457,-0.796552,0,
0,0,1,
0.998891,-0.0470804,0,
0.0470804,0.998891,0,
0,0,1,
-0.736157,0.676811,0,
-0.676811,-0.736157,0,
0,0,1,
0.130677,-0.991425,0,
0.991425,0.130677,0,
0,0,1,
0.535646,0.844443,0,
-0.844443,0.535646,0,
0,0,1,
-0.952577,-0.304297,0,
0.304297,-0.952577,0,
0,0,1,
0.925999,-0.377526,0,
0.377526,0.925999,0,
0,0,1,
-0.468286,0.883577,0,
-0.883577,-0.468286,0,
0,0,1,
-0.207456,-0.978244,0,
0.978244,-0.207456,0,
0,0,1,
0.786609,0.617452,0,
-0.617452,0.786609,0,
0,0,1,
-0.999525,0.0308192,0,
-0.0308192,-0.999525,0,
0,0,1,
0.747074,-0.664741,0,
0.664741,0.747074,0,
0,0,1,
-0.146793,0.989167,0,
-0.989167,-0.146793,0,
0,0,1,
-0.521833,-0.853048,0,
0.853048,-0.521833,0,
0,0,1,
0.947499,0.319758,0,
-0.319758,0.947499,0,
0,0,1,
-0.93202,0.362407,0,
-0.362407,-0.93202,0,
0,0,1,
0.482603,-0.875839,0,
0.875839,0.482603,0,
0,0,1,
0.191509,0.981491,0,
-0.981491,0.191509,0,
0,0,1,
-0.776457,-0.630171,0,
0.630171,-0.776457,0,
0,0,1,
0.999894,-0.0145499,0,
0.0145499,0.999894,0,
0,0,1,
-0.757792,0.652496,0,
-0.652496,-0.757792,0,
0,0,1,
0.16287,-0.986648,0,
0.986648,0.16287,0,
0,0,1,
0.507882,0.861426,0,
-0.861426,0.507882,0,
0,0,1,
-0.94217,-0.335135,0,
0.335135,-0.94217,0,
0,0,1,
0.937794,-0.347192,0,
0.347192,0.937794,0,
0,0,1,
-0.496791,0.86787,0,
-0.86787,-0.496791,0,
0,0,1,
-0.175512,-0.984477,0,
0.984477,-0.175512,0,
0,0,1,
0.766099,0.642723,0,
-0.642723,0.766099,0,
0,0,1,
-0.999999,-0.00172332,0,
0.00172332,-0.999999,0,
0,0,1,
0.76831,-0.640078,0,
0.640078,0.76831,0,
0,0,1,
-0.178904,0.983866,0,
-0.983866,-0.178904,0,
0,0,1,
-0.493797,-0.869577,0,
0.869577,-0.493797,0,
0,0,1,
0.936592,0.350422,0,
-0.350422,0.936592,0,
0,0,1,
-0.94332,0.331885,0,
-0.331885,-0.94332,0,
0,0,1,
0.510848,-0.859671,0,
0.859671,0.510848,0,
0,0,1,
0.159469,0.987203,0,
-0.987203,0.159469,0,
0,0,1,
-0.755539,-0.655104,0,
0.655104,-0.755539,0,
0,0,1,
0.999838,0.0179961,0,
-0.0179961,0.999838,0,
0,0,1,
-0.778624,0.627491,0,
-0.627491,-0.778624,0,
0,0,1,
0.194891,-0.980825,0,
0.980825,0.194891,0,
0,0,1,
0.479581,0.877498,0,
-0.877498,0.479581,0,
0,0,1,
-0.930765,-0.365617,0,
0.365617,-0.930765,0,
0,0,1,
0.948596,-0.316491,0,
0.316491,0.948596,0,
0,0,1,
-0.52477,0.851244,0,
-0.851244,-0.52477,0,
0,0,1,
-0.143383,-0.989667,0,
0.989667,-0.143383,0,
0,0,1,
0.744778,0.667312,0,
-0.667312,0.744778,0,
0,0,1,
-0.999413,-0.0342641,0,
0.0342641,-0.999413,0,
0,0,1,
0.788732,-0.614737,0,
0.614737,0.788732,0,
0,0,1,
-0.210826,0.977524,0,
-0.977524,-0.210826,0,
0,0,1,
-0.465238,-0.885186,0,
0.885186,-0.465238,0,
0,0,1,
0.924692,0.380715,0,
-0.380715,0.924692,0,
0,0,1,
-0.95362,0.301012,0,
-0.301012,-0.95362,0,
0,0,1,
0.538553,-0.842592,0,
0.842592,0.538553,0,
0,0,1,
0.127259,0.99187,0,
-0.99187,0.127259,0,
0,0,1,
-0.73382,-0.679344,0,
0.679344,-0.73382,0,
0,0,1,
0.998723,0.050523,0,
-0.050523,0.998723,0,
0,0,1,
-0.798631,0.601821,0,
-0.601821,-0.798631,0,
0,0,1,
0.226706,-0.973963,0,
0.973963,0.226706,0,
0,0,1,
0.450772,0.892639,0,
-0.892639,0.450772,0,
0,0,1,
-0.918375,-0.395712,0,
0.395712,-0.918375,0,
0,0,1,
0.958392,-0.285454,0,
0.285454,0.958392,0,
0,0,1,
-0.552193,0.833716,0,
-0.833716,-0.552193,0,
0,0,1,
-0.111101,-0.993809,0,
0.993809,-0.111101,0,
0,0,1,
0.722668,0.691195,0,
-0.691195,0.722668,0,
0,0,1,
-0.997768,-0.0667685,0,
0.0667685,-0.997768,0,
0,0,1,
0.808319,-0.588745,0,
0.588745,0.808319,0,
0,0,1,
-0.242525,0.970145,0,
-0.970145,-0.242525,0,
0,0,1,
-0.436186,-0.899856,0,
0.899856,-0.436186,0,
0,0,1,
0.911814,0.410604,0,
-0.410604,0.911814,0,
0,0,1,
-0.962911,0.269821,0,
-0.269821,-0.962911,0,
0,0,1,
0.565687,-0.82462,0,
0.82462,0.565687,0,
0,0,1,
0.0949143,0.995485,0,
-0.995485,0.0949143,0,
0,0,1,
-0.711325,-0.702864,0,
0.702864,-0.711325,0,
0,0,1,
0.99655,0.0829964,0,
-0.0829964,0.99655,0,
0,0,1,
-0.817792,0.575513,0,
-0.575513,-0.817792,0,
0,0,1,
0.25828,-0.96607,0,
0.96607,0.25828,0,
0,0,1,
0.421485,0.906835,0,
-0.906835,0.421485,0,
0,0,1,
-0.905011,-0.425388,0,
0.425388,-0.905011,0,
0,0,1,
0.967174,-0.254115,0,
0.254115,0.967174,0,
0,0,1,
-0.579031,0.815305,0,
-0.815305,-0.579031,0,
0,0,1,
-0.0787022,-0.996898,0,
0.996898,-0.0787022,0,
0,0,1,
0.699793,0.714346,0,
-0.714346,0.699793,0,
0,0,1,
-0.995067,-0.0992022,0,
0.0992022,-0.995067,0,
0,0,1,
0.82705,-0.562129,0,
0.562129,0.82705,0,
0,0,1,
-0.273967,0.961739,0,
-0.961739,-0.273967,0,
0,0,1,
-0.406672,-0.913574,0,
0.913574,-0.406672,0,
0,0,1,
0.897969,0.440059,0,
-0.440059,0.897969,0,
0,0,1,
-0.971181,0.238343,0,
-0.238343,-0.971181,0,
0,0,1,
0.592222,-0.805775,0,
0.805775,0.592222,0,
0,0,1,
0.0624692,0.998047,0,
-0.998047,0.0624692,0,
0,0,1,
-0.688075,-0.725639,0,
0.725639,-0.688075,0,
0,0,1,
0.993321,0.115382,0,
-0.115382,0.993321,0,
0,0,1,
-0.836088,0.548596,0,
-0.548596,-0.836088,0,
0,0,1,
0.289581,-0.957154,0,
0.957154,0.289581,0,
0,0,1,
0.391752,0.920071,0,
-0.920071,0.391752,0,
0,0,1,
-0.890689,-0.454613,0,
0.454613,-0.890689,0,
0,0,1,
0.974931,-0.222507,0,
0.222507,0.974931,0,
0,0,1,
-0.605256,0.796031,0,
-0.796031,-0.605256,0,
0,0,1,
-0.0462197,-0.998931,0,
0.998931,-0.0462197,0,
0,0,1,
0.676176,0.73674,0,
-0.73674,0.676176,0,
0,0,1,
-0.991312,-0.131531,0,
0.131531,-0.991312,0,
0,0,1,
0.844904,-0.534918,0,
0.534918,0.844904,0,
0,0,1,
-0.305118,0.952315,0,
-0.952315,-0.305118,0,
0,0,1,
-0.376728,-0.926324,0,
0.926324,-0.376728,0,
0,0,1,
0.883173,0.469047,0,
-0.469047,0.883173,0,
0,0,1,
-0.978423,0.206613,0,
-0.206613,-0.978423,0,
0,0,1,
0.61813,-0.786076,0,
0.786076,0.61813,0,
0,0,1,
0.029958,0.999551,0,
-0.999551,0.029958,0,
0,0,1,
-0.664097,-0.747646,0,
0.747646,-0.664097,0,
0,0,1,
0.98904,0.147645,0,
-0.147645,0.98904,0,
0,0,1,
-0.853497,0.521098,0,
-0.521098,-0.853497,0,
0,0,1,
0.320575,-0.947223,0,
0.947223,0.320575,0,
0,0,1,
0.361604,0.932332,0,
-0.932332,0.361604,0,
0,0,1,
-0.875423,-0.483357,0,
0.483357,-0.875423,0,
0,0,1,
0.981655,-0.190664,0,
0.190664,0.981655,0,
0,0,1,
-0.63084,0.775913,0,
-0.775913,-0.63084,0,
0,0,1,
-0.0136883,-0.999906,0,
0.999906,-0.0136883,0,
0,0,1,
0.651843,0.758354,0,
-0.758354,0.651843,0,
0,0,1,
-0.986507,-0.16372,0,
0.16372,-0.986507,0,
0,0,1,
0.861864,-0.50714,0,
0.50714,0.861864,0,
0,0,1,
-0.335946,0.941881,0,
-0.941881,-0.335946,0,
0,0,1,
-0.346384,-0.938093,0,
0.938093,-0.346384,0,
0,0,1,
0.867442,0.497539,0,
-0.497539,0.867442,0,
0,0,1,
-0.984628,0.174664,0,
-0.174664,-0.984628,0,
0,0,1,
0.643382,-0.765545,0,
0.765545,0.643382,0,
0,0,1,
-0.00258498,0.999997,0,
-0.999997,-0.00258498,0,
0,0,1,
-0.639416,-0.768861,0,
0.768861,-0.639416,0,
0,0,1,
0.983712,0.179752,0,
-0.179752,0.983712,0,
0,0,1,
-0.870002,0.493048,0,
-0.493048,-0.870002,0,
0,0,1,
0.351229,-0.93629,0,
0.93629,0.351229,0,
0,0,1,
0.331072,0.943605,0,
-0.943605,0.331072,0,
0,0,1,
-0.85923,-0.511589,0,
0.511589,-0.85923,0,
0,0,1,
0.98734,-0.158618,0,
0.158618,0.98734,0,
0,0,1,
-0.655755,0.754974,0,
-0.754974,-0.655755,0,
0,0,1,
0.0188576,-0.999822,0,
0.999822,0.0188576,0,
0,0,1,
0.62682,0.779164,0,
-0.779164,0.62682,0,
0,0,1,
-0.980657,-0.195736,0,
0.195736,-0.980657,0,
0,0,1,
0.877911,-0.478825,0,
0.478825,0.877911,0,
0,0,1,
-0.366419,0.93045,0,
-0.93045,-0.366419,0,
0,0,1,
-0.315673,-0.948868,0,
0.948868,-0.315673,0,
0,0,1,
0.850792,0.525503,0,
-0.525503,0.850792,0,
0,0,1,
-0.989791,0.14253,0,
-0.14253,-0.989791,0,
0,0,1,
0.667954,-0.744203,0,
0.744203,0.667954,0,
0,0,1,
-0.0351252,0.999383,0,
-0.999383,-0.0351252,0,
0,0,1,
-0.614057,-0.789261,0,
0.789261,-0.614057,0,
0,0,1,
0.977342,0.211668,0,
-0.211668,0.977342,0,
0,0,1,
-0.885586,0.464475,0,
-0.464475,-0.885586,0,
0,0,1,
0.381512,-0.924364,0,
0.924364,0.381512,0,
0,0,1,
0.300191,0.953879,0,
-0.953879,0.300191,0,
0,0,1,
-0.842127,-0.539279,0,
0.539279,-0.842127,0,
0,0,1,
0.991979,-0.126404,0,
0.126404,0.991979,0,
0,0,1,
-0.679976,0.733235,0,
-0.733235,-0.679976,0,
0,0,1,
0.0513835,-0.998679,0,
0.998679,0.0513835,0,
0,0,1,
0.601132,0.799149,0,
-0.799149,0.601132,0,
0,0,1,
-0.973768,-0.227545,0,
0.227545,-0.973768,0,
0,0,1,
0.893027,-0.450002,0,
0.450002,0.893027,0,
0,0,1,
-0.396503,0.918033,0,
-0.918033,-0.396503,0,
0,0,1,
-0.284628,-0.958638,0,
0.958638,-0.284628,0,
0,0,1,
0.83324,0.552911,0,
-0.552911,0.83324,0,
0,0,1,
-0.993904,0.110245,0,
-0.110245,-0.993904,0,
0,0,1,
0.691818,-0.722072,0,
0.722072,0.691818,0,
0,0,1,
-0.0676282,0.997711,0,
-0.997711,-0.0676282,0,
0,0,1,
-0.588048,-0.808826,0,
0.808826,-0.588048,0,
0,0,1,
0.969936,0.243361,0,
-0.243361,0.969936,0,
0,0,1,
-0.900232,0.435411,0,
-0.435411,-0.900232,0,
0,0,1,
0.41139,-0.911459,0,
0.911459,0.41139,0,
0,0,1,
0.268991,0.963143,0,
-0.963143,0.268991,0,
0,0,1,
-0.824132,-0.566397,0,
0.566397,-0.824132,0,
0,0,1,
0.995567,-0.0940565,0,
0.0940565,0.995567,0,
0,0,1,
-0.703476,0.710719,0,
-0.710719,-0.703476,0,
0,0,1,
0.083855,-0.996478,0,
0.996478,0.083855,0,
0,0,1,
0.574808,0.818288,0,
-0.818288,0.574808,0,
0,0,1,
-0.965847,-0.259112,0,
0.259112,-0.965847,0,
0,0,1,
0.907198,-0.420703,0,
0.420703,0.907198,0,
0,0,1,
-0.426168,0.904644,0,
-0.904644,-0.426168,0,
0,0,1,
-0.253282,-0.967393,0,
0.967393,-0.253282,0,
0,0,1,
0.814806,0.579733,0,
-0.579733,0.814806,0,
0,0,1,
-0.996966,0.0778431,0,
-0.0778431,-0.996966,0,
0,0,1,
0.714949,-0.699177,0,
0.699177,0.714949,0,
0,0,1,
-0.10006,0.994981,0,
-0.994981,-0.10006,0,
0,0,1,
-0.561416,-0.827534,0,
0.827534,-0.561416,0,
0,0,1,
0.961503,0.274795,0,
-0.274795,0.961503,0,
0,0,1,
-0.913924,0.405885,0,
-0.405885,-0.913924,0,
0,0,1,
0.440833,-0.897589,0,
0.897589,0.440833,0,
0,0,1,
0.237506,0.971386,0,
-0.971386,0.237506,0,
0,0,1,
-0.805264,-0.592916,0,
0.592916,-0.805264,0,
0,0,1,
0.9981,-0.0616092,0,
0.0616092,0.9981,0,
0,0,1,
-0.726232,0.68745,0,
-0.68745,-0.726232,0,
0,0,1,
0.116238,-0.993221,0,
0.993221,0.116238,0,
0,0,1,
0.547875,0.83656,0,
-0.83656,0.547875,0,
0,0,1,
-0.956904,-0.290405,0,
0.290405,-0.956904,0,
0,0,1,
0.920408,-0.390959,0,
0.390959,0.920408,0,
0,0,1,
-0.455381,0.890297,0,
-0.890297,-0.455381,0,
0,0,1,
-0.221667,-0.975122,0,
0.975122,-0.221667,0,
0,0,1,
0.795509,0.605942,0,
-0.605942,0.795509,0,
0,0,1,
-0.998971,0.045359,0,
-0.045359,-0.998971,0,
0,0,1,
0.737323,-0.675541,0,
0.675541,0.737323,0,
0,0,1,
-0.132385,0.991198,0,
-0.991198,-0.132385,0,
0,0,1,
-0.53419,-0.845365,0,
0.845365,-0.53419,0,
0,0,1,
0.952051,0.305939,0,
-0.305939,0.952051,0,
0,0,1,
-0.926648,0.375929,0,
-0.375929,-0.926648,0,
0,0,1,
0.469808,-0.882769,0,
0.882769,0.469808,0,
0,0,1,
0.20577,0.9786,0,
-0.9786,0.20577,0,
0,0,1,
-0.785543,-0.618807,0,
0.618807,-0.785543,0,
0,0,1,
0.999577,-0.0290967,0,
0.0290967,0.999577,0,
0,0,1,
-0.748218,0.663453,0,
-0.663453,-0.748218,0,
0,0,1,
0.148497,-0.988913,0,
0.988913,0.148497,0,
0,0,1,
0.520362,0.853946,0,
-0.853946,0.520362,0,
0,0,1,
-0.946947,-0.321391,0,
0.321391,-0.946947,0,
0,0,1,
0.932643,-0.3608,0,
0.3608,0.932643,0,
0,0,1,
-0.484111,0.875006,0,
-0.875006,-0.484111,0,
0,0,1,
-0.189818,-0.981819,0,
0.981819,-0.189818,0,
0,0,1,
0.775369,0.631508,0,
-0.631508,0.775369,0,
0,0,1,
-0.999918,0.0128267,0,
-0.0128267,-0.999918,0,
0,0,1,
0.758915,-0.651189,0,
0.651189,0.758915,0,
0,0,1,
-0.16457,0.986365,0,
-0.986365,-0.16457,0,
0,0,1,
-0.506397,-0.8623,0,
0.8623,-0.506397,0,
0,0,1,
0.941591,0.336758,0,
-0.336758,0.941591,0,
0,0,1,
-0.938391,0.345575,0,
-0.345575,-0.938391,0,
0,0,1,
0.498286,-0.867013,0,
0.867013,0.498286,0,
0,0,1,
0.173815,0.984778,0,
-0.984778,0.173815,0,
0,0,1,
-0.76499,-0.644042,0,
0.644042,-0.76499,0,
0,0,1,
0.999994,0.00344664,0,
-0.00344664,0.999994,0,
0,0,1,
-0.769412,0.638753,0,
-0.638753,-0.769412,0,
0,0,1,
0.1806,-0.983557,0,
0.983557,0.1806,0,
0,0,1,
0.492298,0.870427,0,
-0.870427,0.492298,0,
0,0,1,
-0.935987,-0.352036,0,
0.352036,-0.935987,0,
0,0,1,
0.94389,-0.330259,0,
0.330259,0.94389,0,
0,0,1,
-0.512329,0.858789,0,
-0.858789,-0.512329,0,
0,0,1,
-0.157767,-0.987476,0,
0.987476,-0.157767,0,
0,0,1,
0.754408,0.656405,0,
-0.656405,0.754408,0,
0,0,1,
-0.999806,-0.0197191,0,
0.0197191,-0.999806,0,
0,0,1,
0.779704,-0.626148,0,
0.626148,0.779704,0,
0,0,1,
-0.196581,0.980488,0,
-0.980488,-0.196581,0,
0,0,1,
-0.478068,-0.878323,0,
0.878323,-0.478068,0,
0,0,1,
0.930134,0.367221,0,
-0.367221,0.930134,0,
0,0,1,
-0.94914,0.314856,0,
-0.314856,-0.94914,0,
0,0,1,
0.526236,-0.850338,0,
0.850338,0.526236,0,
0,0,1,
0.141677,0.989913,0,
-0.989913,0.141677,0,
0,0,1,
-0.743627,-0.668595,0,
0.668595,-0.743627,0,
0,0,1,
0.999352,0.0359863,0,
-0.0359863,0.999352,0,
0,0,1,
-0.78979,0.613377,0,
-0.613377,-0.78979,0,
0,0,1,
0.21251,-0.977159,0,
0.977159,0.21251,0,
0,0,1,
0.463712,0.885986,0,
-0.885986,0.463712,0,
0,0,1,
-0.924035,-0.382308,0,
0.382308,-0.924035,0,
0,0,1,
0.954138,-0.299369,0,
0.299369,0.954138,0,
0,0,1,
-0.540004,0.841662,0,
-0.841662,-0.540004,0,
0,0,1,
-0.125549,-0.992087,0,
0.992087,-0.125549,0,
0,0,1,
0.732648,0.680607,0,
-0.680607,0.732648,0,
0,0,1,
-0.998634,-0.052244,0,
0.052244,-0.998634,0,
0,0,1,
0.799667,-0.600444,0,
0.600444,0.799667,0,
0,0,1,
-0.228384,0.973571,0,
-0.973571,-0.228384,0,
0,0,1,
-0.449233,-0.893415,0,
0.893415,-0.449233,0,
0,0,1,
0.917691,0.397294,0,
-0.397294,0.917691,0,
0,0,1,
-0.958883,0.283802,0,
-0.283802,-0.958883,0,
0,0,1,
0.553629,-0.832763,0,
0.832763,0.553629,0,
0,0,1,
0.109388,0.993999,0,
-0.993999,0.109388,0,
0,0,1,
-0.721476,-0.69244,0,
0.69244,-0.721476,0,
0,0,1,
0.997652,0.0684879,0,
-0.0684879,0.997652,0,
0,0,1,
-0.809332,0.587351,0,
-0.587351,-0.809332,0,
0,0,1,
0.244196,-0.969726,0,
0.969726,0.244196,0,
0,0,1,
0.434635,0.900607,0,
-0.900607,0.434635,0,
0,0,1,
-0.911105,-0.412175,0,
0.412175,-0.911105,0,
0,0,1,
0.963374,-0.268161,0,
0.268161,0.963374,0,
0,0,1,
-0.567107,0.823644,0,
-0.823644,-0.567107,0,
0,0,1,
-0.0931986,-0.995648,0,
0.995648,-0.0931986,0,
0,0,1,
0.710112,0.704089,0,
-0.704089,0.710112,0,
0,0,1,
-0.996405,-0.0847136,0,
0.0847136,-0.996405,0,
0,0,1,
0.818783,-0.574103,0,
0.574103,0.818783,0,
0,0,1,
-0.259944,0.965624,0,
-0.965624,-0.259944,0,
0,0,1,
-0.419922,-0.90756,0,
0.90756,-0.419922,0,
0,0,1,
0.904277,0.426947,0,
-0.426947,0.904277,0,
0,0,1,
-0.96761,0.252448,0,
-0.252448,-0.96761,0,
0,0,1,
0.580435,-0.814306,0,
0.814306,0.580435,0,
0,0,1,
0.0769841,0.997032,0,
-0.997032,0.0769841,0,
0,0,1,
-0.698561,-0.715551,0,
0.715551,-0.698561,0,
0,0,1,
0.994895,0.100917,0,
-0.100917,0.994895,0,
0,0,1,
-0.828017,0.560703,0,
-0.560703,-0.828017,0,
0,0,1,
0.275624,-0.961266,0,
0.961266,0.275624,0,
0,0,1,
0.405097,0.914274,0,
-0.914274,0.405097,0,
0,0,1,
-0.897209,-0.441606,0,
0.441606,-0.897209,0,
0,0,1,
0.97159,-0.236669,0,
0.236669,0.97159,0,
0,0,1,
-0.59361,0.804753,0,
-0.804753,-0.59361,0,
0,0,1,
-0.0607492,-0.998153,0,
0.998153,-0.0607492,0,
0,0,1,
0.686824,0.726824,0,
-0.726824,0.686824,0,
0,0,1,
-0.993121,-0.117093,0,
0.117093,-0.993121,0,
0,0,1,
0.837032,-0.547154,0,
0.547154,0.837032,0,
0,0,1,
-0.29123,0.956653,0,
-0.956653,-0.29123,0,
0,0,1,
-0.390166,-0.920745,0,
0.920745,-0.390166,0,
0,0,1,
0.889904,0.456148,0,
-0.456148,0.889904,0,
0,0,1,
-0.975313,0.220827,0,
-0.220827,-0.975313,0,
0,0,1,
0.606627,-0.794987,0,
0.794987,0.606627,0,
0,0,1,
0.0444982,0.999009,0,
-0.999009,0.0444982,0,
0,0,1,
-0.674905,-0.737904,0,
0.737904,-0.674905,0,
0,0,1,
0.991084,0.133239,0,
-0.133239,0.991084,0,
0,0,1,
-0.845825,0.533461,0,
-0.533461,-0.845825,0,
0,0,1,
0.306759,-0.951787,0,
0.951787,0.306759,0,
0,0,1,
0.375131,0.926972,0,
-0.926972,0.375131,0,
0,0,1,
-0.882363,-0.470569,0,
0.470569,-0.882363,0,
0,0,1,
0.978777,-0.204926,0,
0.204926,0.978777,0,
0,0,1,
-0.619483,0.78501,0,
-0.78501,-0.619483,0,
0,0,1,
-0.0282354,-0.999601,0,
0.999601,-0.0282354,0,
0,0,1,
0.662808,0.748789,0,
-0.748789,0.662808,0,
0,0,1,
-0.988784,-0.149349,0,
0.149349,-0.988784,0,
0,0,1,
0.854394,-0.519626,0,
0.519626,0.854394,0,
0,0,1,
-0.322207,0.946669,0,
-0.946669,-0.322207,0,
0,0,1,
-0.359996,-0.932954,0,
0.932954,-0.359996,0,
0,0,1,
0.874589,0.484865,0,
-0.484865,0.874589,0,
0,0,1,
-0.981983,0.188972,0,
-0.188972,-0.981983,0,
0,0,1,
0.632176,-0.774825,0,
0.774825,0.632176,0,
0,0,1,
0.0119651,0.999928,0,
-0.999928,0.0119651,0,
0,0,1,
-0.650535,-0.759476,0,
0.759476,-0.650535,0,
0,0,1,
0.986223,0.16542,0,
-0.16542,0.986223,0,
0,0,1,
-0.862736,0.505654,0,
-0.505654,-0.862736,0,
0,0,1,
0.337569,-0.941301,0,
0.941301,0.337569,0,
0,0,1,
0.344767,0.938688,0,
-0.938688,0.344767,0,
0,0,1,
-0.866583,-0.499033,0,
0.499033,-0.866583,0,
0,0,1,
0.984928,-0.172967,0,
0.172967,0.984928,0,
0,0,1,
-0.644701,0.764435,0,
-0.764435,-0.644701,0,
0,0,1,
0.0043083,-0.999991,0,
0.999991,0.0043083,0,
0,0,1,
0.63809,0.769962,0,
-0.769962,0.63809,0,
0,0,1,
-0.983401,-0.181447,0,
0.181447,-0.983401,0,
0,0,1,
0.870851,-0.491548,0,
0.491548,0.870851,0,
0,0,1,
-0.352842,0.935683,0,
-0.935683,-0.352842,0,
0,0,1,
-0.329446,-0.944174,0,
0.944174,-0.329446,0,
0,0,1,
0.858347,0.513069,0,
-0.513069,0.858347,0,
0,0,1,
-0.987612,0.156916,0,
-0.156916,-0.987612,0,
0,0,1,
0.657055,-0.753843,0,
0.753843,0.657055,0,
0,0,1,
-0.0205806,0.999788,0,
-0.999788,-0.0205806,0,
0,0,1,
-0.625476,-0.780243,0,
0.780243,-0.625476,0,
0,0,1,
0.980318,0.197426,0,
-0.197426,0.980318,0,
0,0,1,
-0.878734,0.477311,0,
-0.477311,-0.878734,0,
0,0,1,
0.368022,-0.929817,0,
0.929817,0.368022,0,
0,0,1,
0.314038,0.949411,0,
-0.949411,0.314038,0,
0,0,1,
-0.849885,-0.526969,0,
0.526969,-0.849885,0,
0,0,1,
0.990035,-0.140824,0,
0.140824,0.990035,0,
0,0,1,
-0.669235,0.74305,0,
-0.74305,-0.669235,0,
0,0,1,
0.0368474,-0.999321,0,
0.999321,0.0368474,0,
0,0,1,
0.612696,0.790318,0,
-0.790318,0.612696,0,
0,0,1,
-0.976975,-0.213352,0,
0.213352,-0.976975,0,
0,0,1,
0.886385,-0.462948,0,
0.462948,0.886385,0,
0,0,1,
-0.383104,0.923705,0,
-0.923705,-0.383104,0,
0,0,1,
-0.298546,-0.954395,0,
0.954395,-0.298546,0,
0,0,1,
0.841197,0.540729,0,
-0.540729,0.841197,0,
0,0,1,
-0.992195,0.124694,0,
-0.124694,-0.992195,0,
0,0,1,
0.681238,-0.732062,0,
0.732062,0.681238,0,
0,0,1,
-0.0531045,0.998589,0,
-0.998589,-0.0531045,0,
0,0,1,
-0.599754,-0.800184,0,
0.800184,-0.599754,0,
0,0,1,
0.973374,0.229222,0,
-0.229222,0.973374,0,
0,0,1,
-0.893802,0.448463,0,
-0.448463,-0.893802,0,
0,0,1,
0.398085,-0.917349,0,
0.917349,0.398085,0,
0,0,1,
0.282976,0.959127,0,
-0.959127,0.282976,0,
0,0,1,
-0.832286,-0.554346,0,
0.554346,-0.832286,0,
0,0,1,
0.994093,-0.108532,0,
0.108532,0.994093,0,
0,0,1,
-0.693061,0.720879,0,
-0.720879,-0.693061,0,
0,0,1,
0.0693475,-0.997593,0,
0.997593,0.0693475,0,
0,0,1,
0.586653,0.809838,0,
-0.809838,0.586653,0,
0,0,1,
-0.969515,-0.245032,0,
0.245032,-0.969515,0,
0,0,1,
0.900981,-0.433859,0,
0.433859,0.900981,0,
0,0,1,
-0.41296,0.910749,0,
-0.910749,-0.41296,0,
0,0,1,
-0.267331,-0.963605,0,
0.963605,-0.267331,0,
0,0,1,
0.823155,0.567817,0,
-0.567817,0.823155,0,
0,0,1,
-0.995727,0.0923406,0,
-0.0923406,-0.995727,0,
0,0,1,
0.7047,-0.709505,0,
0.709505,0.7047,0,
0,0,1,
-0.0855722,0.996332,0,
-0.996332,-0.0855722,0,
0,0,1,
-0.573397,-0.819277,0,
0.819277,-0.573397,0,
0,0,1,
0.965399,0.260776,0,
-0.260776,0.965399,0,
0,0,1,
-0.907922,0.419139,0,
-0.419139,-0.907922,0,
0,0,1,
0.427726,-0.903908,0,
0.903908,0.427726,0,
0,0,1,
0.251614,0.967828,0,
-0.967828,0.251614,0,
0,0,1,
-0.813806,-0.581137,0,
0.581137,-0.813806,0,
0,0,1,
0.997098,-0.0761249,0,
0.0761249,0.997098,0,
0,0,1,
-0.716153,0.697944,0,
-0.697944,-0.716153,0,
0,0,1,
0.101774,-0.994808,0,
0.994808,0.101774,0,
0,0,1,
0.559989,0.8285,0,
-0.8285,0.559989,0,
0,0,1,
-0.961028,-0.276452,0,
0.276452,-0.961028,0,
0,0,1,
0.914622,-0.404309,0,
0.404309,0.914622,0,
0,0,1,
-0.442379,0.896828,0,
-0.896828,-0.442379,0,
0,0,1,
-0.235832,-0.971794,0,
0.971794,-0.235832,0,
0,0,1,
0.804241,0.594303,0,
-0.594303,0.804241,0,
0,0,1,
-0.998205,0.0598891,0,
-0.0598891,-0.998205,0,
0,0,1,
0.727415,-0.686197,0,
0.686197,0.727415,0,
0,0,1,
-0.117949,0.99302,0,
-0.99302,-0.117949,0,
0,0,1,
-0.546433,-0.837503,0,
0.837503,-0.546433,0,
0,0,1,
0.956402,0.292054,0,
-0.292054,0.956402,0,
0,0,1,
-0.921081,0.389372,0,
-0.389372,-0.921081,0,
0,0,1,
0.456914,-0.889511,0,
0.889511,0.456914,0,
0,0,1,
0.219986,0.975503,0,
-0.975503,0.219986,0,
0,0,1,
-0.794464,-0.607312,0,
0.607312,-0.794464,0,
0,0,1,
0.999047,-0.0436373,0,
0.0436373,0.999047,0,
0,0,1,
-0.738486,0.674269,0,
-0.674269,-0.738486,0,
0,0,1,
0.134093,-0.990969,0,
0.990969,0.134093,0,
0,0,1,
0.532732,0.846284,0,
-0.846284,0.532732,0,
0,0,1,
-0.951523,-0.307579,0,
0.307579,-0.951523,0,
0,0,1,
0.927295,-0.374332,0,
0.374332,0.927295,0,
0,0,1,
-0.471329,0.881958,0,
-0.881958,-0.471329,0,
0,0,1,
-0.204083,-0.978954,0,
0.978954,-0.204083,0,
0,0,1,
0.784476,0.62016,0,
-0.62016,0.784476,0,
0,0,1,
-0.999625,0.0273741,0,
-0.0273741,-0.999625,0,
0,0,1,
0.74936,-0.662163,0,
0.662163,0.74936,0,
0,0,1,
-0.150201,0.988655,0,
-0.988655,-0.150201,0,
0,0,1,
-0.51889,-0.854841,0,
0.854841,-0.51889,0,
0,0,1,
0.946391,0.323022,0,
-0.323022,0.946391,0,
0,0,1,
-0.933264,0.359192,0,
-0.359192,-0.933264,0,
0,0,1,
0.485618,-0.874171,0,
0.874171,0.485618,0,
0,0,1,
0.188125,0.982145,0,
-0.982145,0.188125,0,
0,0,1,
-0.77428,-0.632843,0,
0.632843,-0.77428,0,
0,0,1,
0.999938,-0.0111035,0,
0.0111035,0.999938,0,
0,0,1,
-0.760036,0.649881,0,
-0.649881,-0.760036,0,
0,0,1,
0.16627,-0.98608,0,
0.98608,0.16627,0,
0,0,1,
0.50491,0.863172,0,
-0.863172,0.50491,0,
0,0,1,
-0.94101,-0.33838,0,
0.33838,-0.94101,0,
0,0,1,
0.938985,-0.343958,0,
0.343958,0.938985,0,
0,0,1,
-0.499779,0.866153,0,
-0.866153,-0.499779,0,
0,0,1,
-0.172118,-0.985076,0,
0.985076,-0.172118,0,
0,0,1,
0.763879,0.645359,0,
-0.645359,0.763879,0,
0,0,1,
-0.999987,-0.00516995,0,
0.00516995,-0.999987,0,
0,0,1,
0.770511,-0.637426,0,
0.637426,0.770511,0,
0,0,1,
-0.182294,0.983244,0,
-0.983244,-0.182294,0,
0,0,1,
-0.490797,-0.871274,0,
0.871274,-0.490797,0,
0,0,1,
0.935378,0.353648,0,
-0.353648,0.935378,0,
0,0,1,
-0.944458,0.328632,0,
-0.328632,-0.944458,0,
0,0,1,
0.513808,-0.857905,0,
0.857905,0.513808,0,
0,0,1,
0.156065,0.987747,0,
-0.987747,0.156065,0,
0,0,1,
-0.753276,-0.657704,0,
0.657704,-0.753276,0,
0,0,1,
0.99977,0.0214421,0,
-0.0214421,0.99977,0,
0,0,1,
-0.780782,0.624803,0,
-0.624803,-0.780782,0,
0,0,1,
0.19827,-0.980147,0,
0.980147,0.19827,0,
0,0,1,
0.476554,0.879145,0,
-0.879145,0.476554,0,
0,0,1,
-0.9295,-0.368823,0,
0.368823,-0.9295,0,
0,0,1,
0.949681,-0.313219,0,
0.313219,0.949681,0,
0,0,1,
-0.527701,0.84943,0,
-0.84943,-0.527701,0,
0,0,1,
-0.139971,-0.990156,0,
0.990156,-0.139971,0,
0,0,1,
0.742474,0.669875,0,
-0.669875,0.742474,0,
0,0,1,
-0.999289,-0.0377085,0,
0.0377085,-0.999289,0,
0,0,1,
0.790846,-0.612015,0,
0.612015,0.790846,0,
0,0,1,
-0.214194,0.976791,0,
-0.976791,-0.214194,0,
0,0,1,
-0.462184,-0.886784,0,
0.886784,-0.462184,0,
0,0,1,
0.923375,0.3839,0,
-0.3839,0.923375,0,
0,0,1,
-0.954652,0.297724,0,
-0.297724,-0.954652,0,
0,0,1,
0.541454,-0.840731,0,
0.840731,0.541454,0,
0,0,1,
0.123839,0.992302,0,
-0.992302,0.123839,0,
0,0,1,
-0.731474,-0.681869,0,
0.681869,-0.731474,0,
0,0,1,
0.998543,0.0539649,0,
-0.0539649,0.998543,0,
0,0,1,
-0.800701,0.599065,0,
-0.599065,-0.800701,0,
0,0,1,
0.230061,-0.973176,0,
0.973176,0.230061,0,
0,0,1,
0.447692,0.894188,0,
-0.894188,0.447692,0,
0,0,1,
-0.917005,-0.398875,0,
0.398875,-0.917005,0,
0,0,1,
0.95937,-0.282149,0,
0.282149,0.95937,0,
0,0,1,
-0.555063,0.831808,0,
-0.831808,-0.555063,0,
0,0,1,
-0.107675,-0.994186,0,
0.994186,-0.107675,0,
0,0,1,
0.720281,0.693682,0,
-0.693682,0.720281,0,
0,0,1,
-0.997532,-0.0702071,0,
0.0702071,-0.997532,0,
0,0,1,
0.810343,-0.585955,0,
0.585955,0.810343,0,
0,0,1,
-0.245867,0.969304,0,
-0.969304,-0.245867,0,
0,0,1,
-0.433082,-0.901355,0,
0.901355,-0.433082,0,
0,0,1,
0.910393,0.413745,0,
-0.413745,0.910393,0,
0,0,1,
-0.963835,0.2665,0,
-0.2665,-0.963835,0,
0,0,1,
0.568526,-0.822665,0,
0.822665,0.568526,0,
0,0,1,
0.0914826,0.995807,0,
-0.995807,0.0914826,0,
0,0,1,
-0.708898,-0.705311,0,
0.705311,-0.708898,0,
0,0,1,
0.996258,0.0864306,0,
-0.0864306,0.996258,0,
0,0,1,
-0.819771,0.572691,0,
-0.572691,-0.819771,0,
0,0,1,
0.261608,-0.965174,0,
0.965174,0.261608,0,
0,0,1,
0.418357,0.908283,0,
-0.908283,0.418357,0,
0,0,1,
-0.90354,-0.428505,0,
0.428505,-0.90354,0,
0,0,1,
0.968044,-0.25078,0,
0.25078,0.968044,0,
0,0,1,
-0.581838,0.813305,0,
-0.813305,-0.581838,0,
0,0,1,
-0.0752657,-0.997164,0,
0.997164,-0.0752657,0,
0,0,1,
0.697326,0.716754,0,
-0.716754,0.697326,0,
0,0,1,
-0.994719,-0.102631,0,
0.102631,-0.994719,0,
0,0,1,
0.828982,-0.559275,0,
0.559275,0.828982,0,
0,0,1,
-0.27728,0.960789,0,
-0.960789,-0.27728,0,
0,0,1,
-0.403521,-0.91497,0,
0.91497,-0.403521,0,
0,0,1,
0.896447,0.443151,0,
-0.443151,0.896447,0,
0,0,1,
-0.971997,0.234994,0,
-0.234994,-0.971997,0,
0,0,1,
0.594996,-0.803729,0,
0.803729,0.594996,0,
0,0,1,
0.0590289,0.998256,0,
-0.998256,0.0590289,0,
0,0,1,
-0.68557,-0.728006,0,
0.728006,-0.68557,0,
0,0,1,
0.992918,0.118805,0,
-0.118805,0.992918,0,
0,0,1,
-0.837973,0.545711,0,
-0.545711,-0.837973,0,
0,0,1,
0.292878,-0.95615,0,
0.95615,0.292878,0,
0,0,1,
0.388578,0.921416,0,
-0.921416,0.388578,0,
0,0,1,
-0.889117,-0.45768,0,
0.45768,-0.889117,0,
0,0,1,
0.975692,-0.219146,0,
0.219146,0.975692,0,
0,0,1,
-0.607996,0.79394,0,
-0.79394,-0.607996,0,
0,0,1,
-0.0427765,-0.999085,0,
0.999085,-0.0427765,0,
0,0,1,
0.673633,0.739066,0,
-0.739066,0.673633,0,
0,0,1,
-0.990853,-0.134947,0,
0.134947,-0.990853,0,
0,0,1,
0.846743,-0.532002,0,
0.532002,0.846743,0,
0,0,1,
-0.308399,0.951257,0,
-0.951257,-0.308399,0,
0,0,1,
-0.373533,-0.927617,0,
0.927617,-0.373533,0,
0,0,1,
0.881551,0.472088,0,
-0.472088,0.881551,0,
0,0,1,
-0.979129,0.203239,0,
-0.203239,-0.979129,0,
0,0,1,
0.620835,-0.783941,0,
0.783941,0.620835,0,
0,0,1,
0.0265127,0.999648,0,
-0.999648,0.0265127,0,
0,0,1,
-0.661517,-0.74993,0,
0.74993,-0.661517,0,
0,0,1,
0.988526,0.151053,0,
-0.151053,0.988526,0,
0,0,1,
-0.855288,0.518153,0,
-0.518153,-0.855288,0,
0,0,1,
0.323838,-0.946113,0,
0.946113,0.323838,0,
0,0,1,
0.358388,0.933573,0,
-0.933573,0.358388,0,
0,0,1,
-0.873752,-0.486371,0,
0.486371,-0.873752,0,
0,0,1,
0.982307,-0.187279,0,
0.187279,0.982307,0,
0,0,1,
-0.63351,0.773734,0,
-0.773734,-0.63351,0,
0,0,1,
-0.0102419,-0.999948,0,
0.999948,-0.0102419,0,
0,0,1,
0.649225,0.760596,0,
-0.760596,0.649225,0,
0,0,1,
-0.985937,-0.167119,0,
0.167119,-0.985937,0,
0,0,1,
0.863607,-0.504166,0,
0.504166,0.863607,0,
0,0,1,
-0.339191,0.940718,0,
-0.940718,-0.339191,0,
0,0,1,
-0.343149,-0.939281,0,
0.939281,-0.343149,0,
0,0,1,
0.865722,0.500526,0,
-0.500526,0.865722,0,
0,0,1,
-0.985224,0.171269,0,
-0.171269,-0.985224,0,
0,0,1,
0.646017,-0.763323,0,
0.763323,0.646017,0,
0,0,1,
-0.0060316,0.999982,0,
-0.999982,-0.0060316,0,
0,0,1,
-0.636762,-0.77106,0,
0.77106,-0.636762,0,
0,0,1,
0.983087,0.183141,0,
-0.183141,0.983087,0,
0,0,1,
-0.871697,0.490046,0,
-0.490046,-0.871697,0,
0,0,1,
0.354454,-0.935073,0,
0.935073,0.354454,0,
0,0,1,
0.327818,0.944741,0,
-0.944741,0.327818,0,
0,0,1,
-0.857462,-0.514547,0,
0.514547,-0.857462,0,
0,0,1,
0.987881,-0.155214,0,
0.155214,0.987881,0,
0,0,1,
-0.658353,0.752709,0,
-0.752709,-0.658353,0,
0,0,1,
0.0223035,-0.999751,0,
0.999751,0.0223035,0,
0,0,1,
0.62413,0.78132,0,
-0.78132,0.62413,0,
0,0,1,
-0.979976,-0.199115,0,
0.199115,-0.979976,0,
0,0,1,
0.879556,-0.475796,0,
0.475796,0.879556,0,
0,0,1,
-0.369624,0.929182,0,
-0.929182,-0.369624,0,
0,0,1,
-0.312401,-0.94995,0,
0.94995,-0.312401,0,
0,0,1,
0.848975,0.528433,0,
-0.528433,0.848975,0,
0,0,1,
-0.990276,0.139118,0,
-0.139118,-0.990276,0,
0,0,1,
0.670515,-0.741896,0,
0.741896,0.670515,0,
0,0,1,
-0.0385695,0.999256,0,
-0.999256,-0.0385695,0,
0,0,1,
-0.611333,-0.791373,0,
0.791373,-0.611333,0,
0,0,1,
0.976606,0.215036,0,
-0.215036,0.976606,0,
0,0,1,
-0.887182,0.46142,0,
-0.46142,-0.887182,0,
0,0,1,
0.384695,-0.923044,0,
0.923044,0.384695,0,
0,0,1,
0.296901,0.954908,0,
-0.954908,0.296901,0,
0,0,1,
-0.840264,-0.542178,0,
0.542178,-0.840264,0,
0,0,1,
0.992409,-0.122984,0,
0.122984,0.992409,0,
0,0,1,
-0.682499,0.730887,0,
-0.730887,-0.682499,0,
0,0,1,
0.0548253,-0.998496,0,
0.998496,0.0548253,0,
0,0,1,
0.598374,0.801217,0,
-0.801217,0.598374,0,
0,0,1,
-0.972978,-0.2309,0,
0.2309,-0.972978,0,
0,0,1,
0.894573,-0.446922,0,
0.446922,0.894573,0,
0,0,1,
-0.399665,0.916661,0,
-0.916661,-0.399665,0,
0,0,1,
-0.281323,-0.959613,0,
0.959613,-0.281323,0,
0,0,1,
0.83133,0.55578,0,
-0.55578,0.83133,0,
0,0,1,
-0.994279,0.106819,0,
-0.106819,-0.994279,0,
0,0,1,
0.694302,-0.719683,0,
0.719683,0.694302,0,
0,0,1,
-0.0710666,0.997472,0,
-0.997472,-0.0710666,0,
0,0,1,
-0.585257,-0.810848,0,
0.810848,-0.585257,0,
0,0,1,
0.969091,0.246702,0,
-0.246702,0.969091,0,
0,0,1,
-0.901727,0.432305,0,
-0.432305,-0.901727,0,
0,0,1,
0.414529,-0.910036,0,
0.910036,0.414529,0,
0,0,1,
0.26567,0.964064,0,
-0.964064,0.26567,0,
0,0,1,
-0.822175,-0.569234,0,
0.569234,-0.822175,0,
0,0,1,
0.995885,-0.0906245,0,
0.0906245,0.995885,0,
0,0,1,
-0.705922,0.70829,0,
-0.70829,-0.705922,0,
0,0,1,
0.087289,-0.996183,0,
0.996183,0.087289,0,
0,0,1,
0.571985,0.820264,0,
-0.820264,0.571985,0,
0,0,1,
-0.964948,-0.26244,0,
0.26244,-0.964948,0,
0,0,1,
0.908643,-0.417574,0,
0.417574,0.908643,0,
0,0,1,
-0.429283,0.90317,0,
-0.90317,-0.429283,0,
0,0,1,
-0.249946,-0.96826,0,
0.96826,-0.249946,0,
0,0,1,
0.812803,0.582538,0,
-0.582538,0.812803,0,
0,0,1,
-0.997228,0.0744065,0,
-0.0744065,-0.997228,0,
0,0,1,
0.717354,-0.696709,0,
0.696709,0.717354,0,
0,0,1,
-0.103488,0.994631,0,
-0.994631,-0.103488,0,
0,0,1,
-0.558561,-0.829464,0,
0.829464,-0.558561,0,
0,0,1,
0.96055,0.278107,0,
-0.278107,0.96055,0,
0,0,1,
-0.915318,0.402733,0,
-0.402733,-0.915318,0,
0,0,1,
0.443924,-0.896065,0,
0.896065,0.443924,0,
0,0,1,
0.234157,0.972199,0,
-0.972199,0.234157,0,
0,0,1,
-0.803216,-0.595688,0,
0.595688,-0.803216,0,
0,0,1,
0.998307,-0.0581687,0,
0.0581687,0.998307,0,
0,0,1,
-0.728597,0.684943,0,
-0.684943,-0.728597,0,
0,0,1,
0.11966,-0.992815,0,
0.992815,0.11966,0,
0,0,1,
0.544989,0.838443,0,
-0.838443,0.544989,0,
0,0,1,
-0.955897,-0.293702,0,
0.293702,-0.955897,0,
0,0,1,
0.92175,-0.387784,0,
0.387784,0.92175,0,
0,0,1,
-0.458446,0.888722,0,
-0.888722,-0.458446,0,
0,0,1,
-0.218305,-0.975881,0,
0.975881,-0.218305,0,
0,0,1,
0.793416,0.60868,0,
-0.60868,0.793416,0,
0,0,1,
-0.999121,0.0419156,0,
-0.0419156,-0.999121,0,
0,0,1,
0.739646,-0.672996,0,
0.672996,0.739646,0,
0,0,1,
-0.135801,0.990736,0,
-0.990736,-0.135801,0,
0,0,1,
-0.531273,-0.847201,0,
0.847201,-0.531273,0,
0,0,1,
0.950991,0.309218,0,
-0.309218,0.950991,0,
0,0,1,
-0.927939,0.372733,0,
-0.372733,-0.927939,0,
0,0,1,
0.472848,-0.881144,0,
0.881144,0.472848,0,
0,0,1,
0.202396,0.979304,0,
-0.979304,0.202396,0,
0,0,1,
-0.783406,-0.621511,0,
0.621511,-0.783406,0,
0,0,1,
0.999671,-0.0256513,0,
0.0256513,0.999671,0,
0,0,1,
-0.7505,0.66087,0,
-0.66087,-0.7505,0,
0,0,1,
0.151905,-0.988395,0,
0.988395,0.151905,0,
0,0,1,
0.517416,0.855734,0,
-0.855734,0.517416,0,
0,0,1,
-0.945833,-0.324653,0,
0.324653,-0.945833,0,
0,0,1,
0.933881,-0.357584,0,
0.357584,0.933881,0,
0,0,1,
-0.487124,0.873333,0,
-0.873333,-0.487124,0,
0,0,1,
-0.186433,-0.982468,0,
0.982468,-0.186433,0,
0,0,1,
0.773188,0.634177,0,
-0.634177,0.773188,0,
0,0,1,
-0.999956,0.00938029,0,
-0.00938029,-0.999956,0,
0,0,1,
0.761155,-0.64857,0,
0.64857,0.761155,0,
0,0,1,
-0.167969,0.985792,0,
-0.985792,-0.167969,0,
0,0,1,
-0.503422,-0.864041,0,
0.864041,-0.503422,0,
0,0,1,
0.940425,0.340001,0,
-0.340001,0.940425,0,
0,0,1,
-0.939576,0.342339,0,
-0.342339,-0.939576,0,
0,0,1,
0.501271,-0.86529,0,
0.86529,0.501271,0,
0,0,1,
0.17042,0.985371,0,
-0.985371,0.17042,0,
0,0,1,
-0.762766,-0.646675,0,
0.646675,-0.762766,0,
0,0,1,
0.999976,0.00689324,0,
-0.00689324,0.999976,0,
0,0,1,
-0.771609,0.636098,0,
-0.636098,-0.771609,0,
0,0,1,
0.183988,-0.982928,0,
0.982928,0.183988,0,
0,0,1,
0.489295,0.872118,0,
-0.872118,0.489295,0,
0,0,1,
-0.934768,-0.35526,0,
0.35526,-0.934768,0,
0,0,1,
0.945023,-0.327004,0,
0.327004,0.945023,0,
0,0,1,
-0.515286,0.857018,0,
-0.857018,-0.515286,0,
0,0,1,
-0.154363,-0.988014,0,
0.988014,-0.154363,0,
0,0,1,
0.752142,0.659002,0,
-0.659002,0.752142,0,
0,0,1,
-0.999732,-0.023165,0,
0.023165,-0.999732,0,
0,0,1,
0.781858,-0.623457,0,
0.623457,0.781858,0,
0,0,1,
-0.199959,0.979804,0,
-0.979804,-0.199959,0,
