1,0,0,
0,1,0,
0,0,1,
1,-1.92829e-09,1.70643e-09,
1.9111e-09,0.99995,0.0100156,
-1.72566e-09,-0.0100156,0.99995,
1,-3.87364e-09,3.40692e-09,
3.80462e-09,0.999799,0.0200302,
-3.48383e-09,-0.0200302,0.999799,
1,-5.83598e-09,5.1013e-09,
5.68009e-09,0.999549,0.0300428,
-5.27432e-09,-0.0300428,0.999549,
1,-7.81527e-09,6.78939e-09,
7.53707e-09,0.999198,0.0400523,
-7.09696e-09,-0.0400523,0.999198,
1,-9.81144e-09,8.47103e-09,
9.3751e-09,0.998746,0.0500579,
-8.95155e-09,-0.0500579,0.998746,
1,-1.18244e-08,1.01461e-08,
1.11937e-08,0.998195,0.0600584,
-1.08379e-08,-0.0600584,0.998195,
1,-1.38541e-08,1.18143e-08,
1.29925e-08,0.997543,0.0700529,
-1.27558e-08,-0.0700529,0.997543,
1,-1.59005e-08,1.34756e-08,
1.47709e-08,0.996792,0.0800404,
-1.4705e-08,-0.0800404,0.996792,
1,-1.79635e-08,1.51297e-08,
1.65286e-08,0.99594,0.0900199,
-1.66854e-08,-0.0900199,0.99594,
1,-2.0043e-08,1.67766e-08,
1.82651e-08,0.994988,0.0999903,
-1.86966e-08,-0.0999903,0.994988,
1,-2.2139e-08,1.8416e-08,
1.99799e-08,0.993937,0.109951,
-2.07386e-08,-0.109951,0.993937,
1,-2.42514e-08,2.00478e-08,
2.16727e-08,0.992786,0.1199,
-2.28109e-08,-0.1199,0.992786,
1,-2.63801e-08,2.16718e-08,
2.33429e-08,0.991535,0.129837,
-2.49135e-08,-0.129837,0.991535,
1,-2.8525e-08,2.32879e-08,
2.49902e-08,0.990185,0.139762,
-2.7046e-08,-0.139762,0.990185,
1,-3.0686e-08,2.48959e-08,
2.66141e-08,0.988736,0.149672,
-2.92083e-08,-0.149672,0.988736,
1,-3.28631e-08,2.64956e-08,
2.82142e-08,0.987187,0.159567,
-3.13999e-08,-0.159567,0.987187,
1,-3.50562e-08,2.80868e-08,
2.979e-08,0.985539,0.169446,
-3.36208e-08,-0.169446,0.985539,
1,-3.72652e-08,2.96695e-08,
3.13412e-08,0.983793,0.179309,
-3.58706e-08,-0.179309,0.983793,
1,-3.949e-08,3.12434e-08,
3.28673e-08,0.981948,0.189153,
-3.81491e-08,-0.189153,0.981948,
1,-4.17305e-08,3.28085e-08,
3.43678e-08,0.980004,0.198978,
-4.04559e-08,-0.198978,0.980004,
1,-4.39866e-08,3.43644e-08,
3.58425e-08,0.977962,0.208784,
-4.27908e-08,-0.208784,0.977962,
1,-4.62583e-08,3.59112e-08,
3.72908e-08,0.975822,0.218568,
-4.51535e-08,-0.218568,0.975822,
1,-4.85454e-08,3.74486e-08,
3.87124e-08,0.973584,0.228331,
-4.75437e-08,-0.228331,0.973584,
1,-5.08479e-08,3.89764e-08,
4.01068e-08,0.971248,0.23807,
-4.99611e-08,-0.23807,0.971248,
1,-5.31656e-08,4.04946e-08,
4.14736e-08,0.968815,0.247786,
-5.24054e-08,-0.247786,0.968815,
1,-5.54985e-08,4.20029e-08,
4.28126e-08,0.966285,0.257477,
-5.48763e-08,-0.257477,0.966285,
1,-5.78464e-08,4.35013e-08,
4.41231e-08,0.963657,0.267142,
-5.73735e-08,-0.267142,0.963657,
1,-6.02093e-08,4.49895e-08,
4.5405e-08,0.960933,0.27678,
-5.98966e-08,-0.27678,0.960933,
1,-6.25871e-08,4.64674e-08,
4.66577e-08,0.958113,0.28639,
-6.24454e-08,-0.28639,0.958113,
1,-6.49796e-08,4.79349e-08,
4.78809e-08,0.955197,0.295972,
-6.50194e-08,-0.295972,0.955197,
1,-6.73867e-08,4.93918e-08,
4.90742e-08,0.952184,0.305524,
-6.76184e-08,-0.305524,0.952184,
1,-6.98084e-08,5.0838e-08,
5.02372e-08,0.949077,0.315045,
-7.0242e-08,-0.315045,0.949077,
1,-7.22445e-08,5.22734e-08,
5.13696e-08,0.945874,0.324535,
-7.28899e-08,-0.324535,0.945874,
1,-7.46949e-08,5.36977e-08,
5.2471e-08,0.942576,0.333992,
-7.55617e-08,-0.333992,0.942576,
1,-7.71596e-08,5.51108e-08,
5.35411e-08,0.939183,0.343416,
-7.8257e-08,-0.343416,0.939183,
1,-7.96383e-08,5.65127e-08,
5.45793e-08,0.935697,0.352805,
-8.09756e-08,-0.352805,0.935697,
1,-8.21311e-08,5.79031e-08,
5.55856e-08,0.932116,0.362159,
-8.3717e-08,-0.362159,0.932116,
1,-8.46377e-08,5.9282e-08,
5.65593e-08,0.928442,0.371477,
-8.64808e-08,-0.371477,0.928442,
1,-8.7158e-08,6.06491e-08,
5.75003e-08,0.924675,0.380757,
-8.92667e-08,-0.380757,0.924675,
1,-8.9692e-08,6.20043e-08,
5.84081e-08,0.920815,0.389999,
-9.20743e-08,-0.389999,0.920815,
1,-9.22395e-08,6.33476e-08,
5.92825e-08,0.916863,0.399202,
-9.49033e-08,-0.399202,0.916863,
1,-9.48004e-08,6.46788e-08,
6.0123e-08,0.912819,0.408365,
-9.77531e-08,-0.408365,0.912819,
1,-9.73745e-08,6.59977e-08,
6.09294e-08,0.908683,0.417487,
-1.00624e-07,-0.417487,0.908683,
1,-9.99618e-08,6.73042e-08,
6.17013e-08,0.904456,0.426567,
-1.03514e-07,-0.426567,0.904456,
1,-1.02562e-07,6.85981e-08,
6.24385e-08,0.900138,0.435604,
-1.06424e-07,-0.435604,0.900138,
1,-1.05175e-07,6.98795e-08,
6.31405e-08,0.89573,0.444598,
-1.09354e-07,-0.444598,0.89573,
1,-1.07801e-07,7.1148e-08,
6.38071e-08,0.891232,0.453547,
-1.12302e-07,-0.453547,0.891232,
1,-1.1044e-07,7.24037e-08,
6.4438e-08,0.886645,0.46245,
-1.15269e-07,-0.46245,0.886645,
1,-1.13091e-07,7.36463e-08,
6.50329e-08,0.881969,0.471307,
-1.18254e-07,-0.471307,0.881969,
1,-1.15755e-07,7.48757e-08,
6.55914e-08,0.877204,0.480117,
-1.21257e-07,-0.480117,0.877204,
1,-1.1843e-07,7.60919e-08,
6.61133e-08,0.872352,0.488879,
-1.24277e-07,-0.488879,0.872352,
1,-1.21118e-07,7.72946e-08,
6.65983e-08,0.867412,0.497591,
-1.27314e-07,-0.497591,0.867412,
1,-1.23818e-07,7.84839e-08,
6.70461e-08,0.862384,0.506254,
-1.30367e-07,-0.506254,0.862384,
1,-1.2653e-07,7.96595e-08,
6.74564e-08,0.857271,0.514866,
-1.33436e-07,-0.514866,0.857271,
1,-1.29253e-07,8.08213e-08,
6.7829e-08,0.852071,0.523426,
-1.3652e-07,-0.523426,0.852071,
1,-1.31988e-07,8.19693e-08,
6.81636e-08,0.846786,0.531934,
-1.3962e-07,-0.531934,0.846786,
1,-1.34735e-07,8.31032e-08,
6.84599e-08,0.841416,0.540388,
-1.42733e-07,-0.540388,0.841416,
1,-1.37492e-07,8.42231e-08,
6.87177e-08,0.835961,0.548789,
-1.45862e-07,-0.548789,0.835961,
1,-1.40261e-07,8.53287e-08,
6.89367e-08,0.830423,0.557134,
-1.49003e-07,-0.557134,0.830423,
1,-1.43041e-07,8.642e-08,
6.91166e-08,0.824801,0.565423,
-1.52158e-07,-0.565423,0.824801,
1,-1.45832e-07,8.74969e-08,
6.92573e-08,0.819097,0.573655,
-1.55326e-07,-0.573655,0.819097,
1,-1.48633e-07,8.85592e-08,
6.93585e-08,0.81331,0.58183,
-1.58505e-07,-0.58183,0.81331,
1,-1.51445e-07,8.96069e-08,
6.94199e-08,0.807442,0.589947,
-1.61697e-07,-0.589947,0.807442,
1,-1.54268e-07,9.06398e-08,
6.94414e-08,0.801493,0.598004,
-1.649e-07,-0.598004,0.801493,
1,-1.571e-07,9.16578e-08,
6.94227e-08,0.795463,0.606002,
-1.68114e-07,-0.606002,0.795463,
1,-1.59943e-07,9.26609e-08,
6.93636e-08,0.789354,0.613939,
-1.71337e-07,-0.613939,0.789354,
1,-1.62796e-07,9.36489e-08,
6.92639e-08,0.783165,0.621814,
-1.74571e-07,-0.621814,0.783165,
1,-1.65658e-07,9.46218e-08,
6.91234e-08,0.776898,0.629626,
-1.77814e-07,-0.629626,0.776898,
1,-1.68531e-07,9.55793e-08,
6.89419e-08,0.770553,0.637376,
-1.81066e-07,-0.637376,0.770553,
1,-1.71412e-07,9.65216e-08,
6.87192e-08,0.764131,0.645061,
-1.84327e-07,-0.645061,0.764131,
1,-1.74304e-07,9.74483e-08,
6.84552e-08,0.757632,0.652682,
-1.87595e-07,-0.652682,0.757632,
1,-1.77204e-07,9.83596e-08,
6.81495e-08,0.751057,0.660238,
-1.9087e-07,-0.660238,0.751057,
1,-1.80113e-07,9.92552e-08,
6.78022e-08,0.744406,0.667727,
-1.94153e-07,-0.667727,0.744406,
1,-1.83032e-07,1.00135e-07,
6.7413e-08,0.737681,0.675149,
-1.97441e-07,-0.675149,0.737681,
1,-1.85959e-07,1.00999e-07,
6.69817e-08,0.730882,0.682503,
-2.00736e-07,-0.682503,0.730882,
1,-1.88894e-07,1.01847e-07,
6.65082e-08,0.72401,0.689789,
-2.04036e-07,-0.689789,0.72401,
1,-1.91838e-07,1.02679e-07,
6.59923e-08,0.717065,0.697006,
-2.0734e-07,-0.697006,0.717065,
1,-1.9479e-07,1.03495e-07,
6.54339e-08,0.710048,0.704153,
-2.10649e-07,-0.704153,0.710048,
1,-1.97751e-07,1.04295e-07,
6.4833e-08,0.70296,0.711229,
-2.13962e-07,-0.711229,0.70296,
1,-2.00719e-07,1.05079e-07,
6.41892e-08,0.695801,0.718234,
-2.17277e-07,-0.718234,0.695801,
1,-2.03695e-07,1.05846e-07,
6.35025e-08,0.688573,0.725167,
-2.20596e-07,-0.725167,0.688573,
1,-2.06679e-07,1.06597e-07,
6.27729e-08,0.681275,0.732027,
-2.23917e-07,-0.732027,0.681275,
1,-2.0967e-07,1.07332e-07,
6.20001e-08,0.67391,0.738814,
-2.27239e-07,-0.738814,0.67391,
1,-2.12668e-07,1.0805e-07,
6.11841e-08,0.666476,0.745526,
-2.30562e-07,-0.745526,0.666476,
1,-2.15674e-07,1.08751e-07,
6.03248e-08,0.658976,0.752164,
-2.33887e-07,-0.752164,0.658976,
1,-2.18686e-07,1.09436e-07,
5.94221e-08,0.651409,0.758726,
-2.37211e-07,-0.758726,0.651409,
1,-2.21705e-07,1.10104e-07,
5.84758e-08,0.643778,0.765213,
-2.40534e-07,-0.765213,0.643778,
1,-2.24731e-07,1.10755e-07,
5.7486e-08,0.636081,0.771622,
-2.43857e-07,-0.771622,0.636081,
1,-2.27763e-07,1.11389e-07,
5.64525e-08,0.628321,0.777954,
-2.47178e-07,-0.777954,0.628321,
1,-2.30802e-07,1.12007e-07,
5.53753e-08,0.620498,0.784208,
-2.50497e-07,-0.784208,0.620498,
1,-2.33846e-07,1.12607e-07,
5.42544e-08,0.612612,0.790383,
-2.53813e-07,-0.790383,0.612612,
1,-2.36897e-07,1.1319e-07,
5.30896e-08,0.604666,0.796479,
-2.57126e-07,-0.796479,0.604666,
1,-2.39953e-07,1.13756e-07,
5.18809e-08,0.596658,0.802496,
-2.60435e-07,-0.802496,0.596658,
1,-2.43015e-07,1.14305e-07,
5.06282e-08,0.588591,0.808431,
-2.6374e-07,-0.808431,0.588591,
1,-2.46082e-07,1.14837e-07,
4.93317e-08,0.580464,0.814286,
-2.6704e-07,-0.814286,0.580464,
1,-2.49155e-07,1.15352e-07,
4.79911e-08,0.572279,0.820059,
-2.70335e-07,-0.820059,0.572279,
1,-2.52232e-07,1.15849e-07,
4.66066e-08,0.564037,0.825749,
-2.73624e-07,-0.825749,0.564037,
1,-2.55315e-07,1.16328e-07,
4.5178e-08,0.555739,0.831357,
-2.76906e-07,-0.831357,0.555739,
1,-2.58402e-07,1.16791e-07,
4.37054e-08,0.547384,0.836881,
-2.80181e-07,-0.836881,0.547384,
1,-2.61494e-07,1.17235e-07,
4.21887e-08,0.538975,0.842322,
-2.83449e-07,-0.842322,0.538975,
1,-2.6459e-07,1.17663e-07,
4.06281e-08,0.530512,0.847678,
-2.86708e-07,-0.847678,0.530512,
1,-2.6769e-07,1.18072e-07,
3.90234e-08,0.521995,0.852949,
-2.89959e-07,-0.852949,0.521995,
1,-2.70794e-07,1.18464e-07,
3.73747e-08,0.513426,0.858134,
-2.932e-07,-0.858134,0.513426,
1,-2.73903e-07,1.18839e-07,
3.56821e-08,0.504806,0.863233,
-2.96432e-07,-0.863233,0.504806,
1,-2.77014e-07,1.19195e-07,
3.39456e-08,0.496134,0.868246,
-2.99653e-07,-0.868246,0.496134,
1,-2.8013e-07,1.19534e-07,
3.21651e-08,0.487414,0.873171,
-3.02864e-07,-0.873171,0.487414,
1,-2.83248e-07,1.19855e-07,
3.03408e-08,0.478644,0.878009,
-3.06063e-07,-0.878009,0.478644,
1,-2.8637e-07,1.20159e-07,
2.84727e-08,0.469826,0.882759,
-3.09249e-07,-0.882759,0.469826,
1,-2.89495e-07,1.20444e-07,
2.65609e-08,0.460961,0.88742,
-3.12424e-07,-0.88742,0.460961,
1,-2.92622e-07,1.20712e-07,
2.46054e-08,0.45205,0.891993,
-3.15585e-07,-0.891993,0.45205,
1,-2.95752e-07,1.20962e-07,
2.26063e-08,0.443093,0.896475,
-3.18732e-07,-0.896475,0.443093,
1,-2.98884e-07,1.21194e-07,
2.05637e-08,0.434092,0.900868,
-3.21865e-07,-0.900868,0.434092,
1,-3.02019e-07,1.21408e-07,
1.84777e-08,0.425048,0.905171,
-3.24983e-07,-0.905171,0.425048,
1,-3.05156e-07,1.21604e-07,
1.63483e-08,0.415961,0.909383,
-3.28086e-07,-0.909383,0.415961,
1,-3.08294e-07,1.21782e-07,
1.41757e-08,0.406832,0.913503,
-3.31173e-07,-0.913503,0.406832,
1,-3.11435e-07,1.21942e-07,
1.19599e-08,0.397662,0.917532,
-3.34243e-07,-0.917532,0.397662,
1,-3.14577e-07,1.22084e-07,
9.7012e-09,0.388453,0.921469,
-3.37296e-07,-0.921469,0.388453,
1,-3.1772e-07,1.22208e-07,
7.39955e-09,0.379204,0.925313,
-3.40332e-07,-0.925313,0.379204,
1,-3.20864e-07,1.22314e-07,
5.05514e-09,0.369918,0.929065,
-3.4335e-07,-0.929065,0.369918,
1,-3.24009e-07,1.22403e-07,
2.6681e-09,0.360594,0.932723,
-3.46348e-07,-0.932723,0.360594,
1,-3.27155e-07,1.22472e-07,
2.38572e-10,0.351234,0.936288,
-3.49328e-07,-0.936288,0.351234,
1,-3.30302e-07,1.22524e-07,
-2.2333e-09,0.341839,0.939759,
-3.52288e-07,-0.939759,0.341839,
1,-3.33449e-07,1.22558e-07,
-4.74737e-09,0.332409,0.943135,
-3.55227e-07,-0.943135,0.332409,
1,-3.36596e-07,1.22574e-07,
-7.30346e-09,0.322947,0.946417,
-3.58146e-07,-0.946417,0.322947,
1,-3.39744e-07,1.22572e-07,
-9.90141e-09,0.313452,0.949604,
-3.61042e-07,-0.949604,0.313452,
1,-3.42891e-07,1.22551e-07,
-1.2541e-08,0.303925,0.952696,
-3.63917e-07,-0.952696,0.303925,
1,-3.46038e-07,1.22513e-07,
-1.52222e-08,0.294368,0.955692,
-3.6677e-07,-0.955692,0.294368,
1,-3.49185e-07,1.22457e-07,
-1.79446e-08,0.284781,0.958592,
-3.69599e-07,-0.958592,0.284781,
1,-3.52331e-07,1.22382e-07,
-2.07082e-08,0.275166,0.961397,
-3.72405e-07,-0.961397,0.275166,
1,-3.55476e-07,1.22289e-07,
-2.35127e-08,0.265523,0.964104,
-3.75186e-07,-0.964104,0.265523,
1,-3.5862e-07,1.22179e-07,
-2.63579e-08,0.255854,0.966715,
-3.77943e-07,-0.966715,0.255854,
1,-3.61762e-07,1.2205e-07,
-2.92436e-08,0.246159,0.969229,
-3.80675e-07,-0.969229,0.246159,
1,-3.64904e-07,1.21904e-07,
-3.21695e-08,0.236439,0.971646,
-3.8338e-07,-0.971646,0.236439,
1,-3.68044e-07,1.21739e-07,
-3.51356e-08,0.226696,0.973966,
-3.8606e-07,-0.973966,0.226696,
1,-3.71182e-07,1.21556e-07,
-3.81414e-08,0.21693,0.976187,
-3.88712e-07,-0.976187,0.21693,
1,-3.74318e-07,1.21356e-07,
-4.11868e-08,0.207142,0.978311,
-3.91337e-07,-0.978311,0.207142,
1,-3.77452e-07,1.21137e-07,
-4.42715e-08,0.197333,0.980337,
-3.93935e-07,-0.980337,0.197333,
1,-3.80584e-07,1.20901e-07,
-4.73952e-08,0.187504,0.982264,
-3.96503e-07,-0.982264,0.187504,
1,-3.83713e-07,1.20646e-07,
-5.05578e-08,0.177657,0.984092,
-3.99043e-07,-0.984092,0.177657,
1,-3.8684e-07,1.20374e-07,
-5.37589e-08,0.167792,0.985822,
-4.01554e-07,-0.985822,0.167792,
1,-3.89964e-07,1.20084e-07,
-5.69983e-08,0.15791,0.987454,
-4.04034e-07,-0.987454,0.15791,
1,-3.93085e-07,1.19776e-07,
-6.02756e-08,0.148012,0.988986,
-4.06484e-07,-0.988986,0.148012,
1,-3.96203e-07,1.1945e-07,
-6.35906e-08,0.138099,0.990418,
-4.08903e-07,-0.990418,0.138099,
1,-3.99317e-07,1.19107e-07,
-6.69431e-08,0.128173,0.991752,
-4.1129e-07,-0.991752,0.128173,
1,-4.02428e-07,1.18746e-07,
-7.03326e-08,0.118233,0.992986,
-4.13645e-07,-0.992986,0.118233,
1,-4.05535e-07,1.18367e-07,
-7.37589e-08,0.108282,0.99412,
-4.15968e-07,-0.99412,0.108282,
1,-4.08639e-07,1.17971e-07,
-7.72217e-08,0.0983197,0.995155,
-4.18258e-07,-0.995155,0.0983197,
1,-4.11738e-07,1.17556e-07,
-8.07206e-08,0.0883477,0.99609,
-4.20514e-07,-0.99609,0.0883477,
1,-4.14833e-07,1.17125e-07,
-8.42554e-08,0.0783668,0.996925,
-4.22736e-07,-0.996925,0.0783668,
1,-4.17924e-07,1.16676e-07,
-8.78257e-08,0.0683781,0.997659,
-4.24923e-07,-0.997659,0.0683781,
1,-4.2101e-07,1.16209e-07,
-9.14311e-08,0.0583825,0.998294,
-4.27076e-07,-0.998294,0.0583825,
1,-4.24091e-07,1.15725e-07,
-9.50714e-08,0.0483811,0.998829,
-4.29193e-07,-0.998829,0.0483811,
1,-4.27167e-07,1.15223e-07,
-9.87461e-08,0.0383748,0.999263,
-4.31274e-07,-0.999263,0.0383748,
1,-4.30238e-07,1.14705e-07,
-1.02455e-07,0.0283646,0.999598,
-4.33319e-07,-0.999598,0.0283646,
1,-4.33304e-07,1.14169e-07,
-1.06198e-07,0.0183516,0.999832,
-4.35326e-07,-0.999832,0.0183516,
1,-4.36365e-07,1.13615e-07,
-1.09973e-07,0.00833681,0.999965,
-4.37297e-07,-0.999965,0.00833681,
1,-4.3942e-07,1.13045e-07,
-1.13782e-07,-0.00167886,0.999999,
-4.39229e-07,-0.999999,-0.00167886,
1,-4.42469e-07,1.12457e-07,
-1.17624e-07,-0.0116944,0.999932,
-4.41123e-07,-0.999932,-0.0116944,
1,-4.45512e-07,1.11853e-07,
-1.21498e-07,-0.0217087,0.999764,
-4.42978e-07,-0.999764,-0.0217087,
1,-4.48549e-07,1.11231e-07,
-1.25403e-07,-0.0317208,0.999497,
-4.44794e-07,-0.999497,-0.0317208,
1,-4.51579e-07,1.10593e-07,
-1.29341e-07,-0.0417298,0.999129,
-4.46571e-07,-0.999129,-0.0417298,
1,-4.54603e-07,1.09937e-07,
-1.33309e-07,-0.0517346,0.998661,
-4.48307e-07,-0.998661,-0.0517346,
1,-4.57621e-07,1.09265e-07,
-1.37307e-07,-0.0617342,0.998093,
-4.50003e-07,-0.998093,-0.0617342,
1,-4.60631e-07,1.08576e-07,
-1.41336e-07,-0.0717276,0.997424,
-4.51657e-07,-0.997424,-0.0717276,
1,-4.63635e-07,1.0787e-07,
-1.45395e-07,-0.0817138,0.996656,
-4.5327e-07,-0.996656,-0.0817138,
1,-4.66632e-07,1.07148e-07,
-1.49483e-07,-0.0916918,0.995787,
-4.54841e-07,-0.995787,-0.0916918,
1,-4.69621e-07,1.0641e-07,
-1.536e-07,-0.101661,0.994819,
-4.5637e-07,-0.994819,-0.101661,
1,-4.72603e-07,1.05654e-07,
-1.57746e-07,-0.111619,0.993751,
-4.57856e-07,-0.993751,-0.111619,
1,-4.75577e-07,1.04883e-07,
-1.61919e-07,-0.121567,0.992583,
-4.59299e-07,-0.992583,-0.121567,
1,-4.78543e-07,1.04095e-07,
-1.6612e-07,-0.131502,0.991316,
-4.60699e-07,-0.991316,-0.131502,
1,-4.81501e-07,1.03291e-07,
-1.70349e-07,-0.141424,0.989949,
-4.62054e-07,-0.989949,-0.141424,
1,-4.84452e-07,1.02471e-07,
-1.74604e-07,-0.151332,0.988483,
-4.63365e-07,-0.988483,-0.151332,
1,-4.87393e-07,1.01635e-07,
-1.78885e-07,-0.161224,0.986918,
-4.64631e-07,-0.986918,-0.161224,
1,-4.90327e-07,1.00783e-07,
-1.83192e-07,-0.171101,0.985254,
-4.65852e-07,-0.985254,-0.171101,
1,-4.93252e-07,9.99146e-08,
-1.87524e-07,-0.18096,0.98349,
-4.67028e-07,-0.98349,-0.18096,
1,-4.96168e-07,9.90307e-08,
-1.91881e-07,-0.190801,0.981629,
-4.68157e-07,-0.981629,-0.190801,
1,-4.99075e-07,9.81312e-08,
-1.96262e-07,-0.200623,0.979668,
-4.6924e-07,-0.979668,-0.200623,
1,-5.01973e-07,9.72161e-08,
-2.00667e-07,-0.210425,0.97761,
-4.70277e-07,-0.97761,-0.210425,
1,-5.04862e-07,9.62854e-08,
-2.05095e-07,-0.220206,0.975453,
-4.71266e-07,-0.975453,-0.220206,
1,-5.07741e-07,9.53393e-08,
-2.09547e-07,-0.229965,0.973199,
-4.72208e-07,-0.973199,-0.229965,
1,-5.10611e-07,9.43778e-08,
-2.1402e-07,-0.2397,0.970847,
-4.73103e-07,-0.970847,-0.2397,
1,-5.13471e-07,9.34011e-08,
-2.18515e-07,-0.249412,0.968397,
-4.73949e-07,-0.968397,-0.249412,
1,-5.16321e-07,9.24093e-08,
-2.23032e-07,-0.259099,0.965851,
-4.74746e-07,-0.965851,-0.259099,
1,-5.19162e-07,9.14025e-08,
-2.27569e-07,-0.268759,0.963207,
-4.75495e-07,-0.963207,-0.268759,
1,-5.21992e-07,9.03807e-08,
-2.32126e-07,-0.278393,0.960467,
-4.76195e-07,-0.960467,-0.278393,
1,-5.24811e-07,8.9344e-08,
-2.36703e-07,-0.287998,0.957631,
-4.76845e-07,-0.957631,-0.287998,
1,-5.27621e-07,8.82927e-08,
-2.413e-07,-0.297575,0.954698,
-4.77445e-07,-0.954698,-0.297575,
1,-5.30419e-07,8.72267e-08,
-2.45915e-07,-0.307122,0.95167,
-4.77995e-07,-0.95167,-0.307122,
1,-5.33207e-07,8.61461e-08,
-2.50548e-07,-0.316638,0.948546,
-4.78495e-07,-0.948546,-0.316638,
1,-5.35985e-07,8.50512e-08,
-2.55198e-07,-0.326123,0.945327,
-4.78944e-07,-0.945327,-0.326123,
1,-5.38751e-07,8.3942e-08,
-2.59865e-07,-0.335574,0.942014,
-4.79342e-07,-0.942014,-0.335574,
1,-5.41505e-07,8.28185e-08,
-2.64549e-07,-0.344992,0.938605,
-4.79688e-07,-0.938605,-0.344992,
1,-5.44249e-07,8.1681e-08,
-2.69249e-07,-0.354376,0.935103,
-4.79983e-07,-0.935103,-0.354376,
1,-5.46981e-07,8.05296e-08,
-2.73964e-07,-0.363724,0.931507,
-4.80226e-07,-0.931507,-0.363724,
1,-5.49702e-07,7.93643e-08,
-2.78693e-07,-0.373035,0.927817,
-4.80417e-07,-0.927817,-0.373035,
1,-5.5241e-07,7.81852e-08,
-2.83437e-07,-0.382309,0.924035,
-4.80555e-07,-0.924035,-0.382309,
1,-5.55107e-07,7.69926e-08,
-2.88195e-07,-0.391544,0.920159,
-4.80641e-07,-0.920159,-0.391544,
1,-5.57792e-07,7.57864e-08,
-2.92965e-07,-0.400741,0.916191,
-4.80674e-07,-0.916191,-0.400741,
1,-5.60465e-07,7.45669e-08,
-2.97748e-07,-0.409897,0.912132,
-4.80653e-07,-0.912132,-0.409897,
1,-5.63125e-07,7.33341e-08,
-3.02542e-07,-0.419012,0.907981,
-4.80579e-07,-0.907981,-0.419012,
1,-5.65773e-07,7.20882e-08,
-3.07348e-07,-0.428085,0.903739,
-4.80451e-07,-0.903739,-0.428085,
1,-5.68409e-07,7.08293e-08,
-3.12164e-07,-0.437115,0.899406,
-4.80269e-07,-0.899406,-0.437115,
1,-5.71031e-07,6.95575e-08,
-3.1699e-07,-0.446101,0.894983,
-4.80033e-07,-0.894983,-0.446101,
1,-5.73641e-07,6.8273e-08,
-3.21826e-07,-0.455042,0.89047,
-4.79743e-07,-0.89047,-0.455042,
1,-5.76238e-07,6.69758e-08,
-3.26671e-07,-0.463938,0.885868,
-4.79398e-07,-0.885868,-0.463938,
1,-5.78822e-07,6.56662e-08,
-3.31523e-07,-0.472787,0.881177,
-4.78999e-07,-0.881177,-0.472787,
1,-5.81393e-07,6.43442e-08,
-3.36384e-07,-0.481589,0.876397,
-4.78544e-07,-0.876397,-0.481589,
1,-5.83951e-07,6.301e-08,
-3.41251e-07,-0.490343,0.87153,
-4.78034e-07,-0.87153,-0.490343,
1,-5.86495e-07,6.16636e-08,
-3.46125e-07,-0.499047,0.866575,
-4.77469e-07,-0.866575,-0.499047,
1,-5.89025e-07,6.03054e-08,
-3.51004e-07,-0.507701,0.861533,
-4.76848e-07,-0.861533,-0.507701,
1,-5.91542e-07,5.89353e-08,
-3.55888e-07,-0.516305,0.856405,
-4.76171e-07,-0.856405,-0.516305,
1,-5.94045e-07,5.75535e-08,
-3.60777e-07,-0.524856,0.851191,
-4.75439e-07,-0.851191,-0.524856,
1,-5.96535e-07,5.61602e-08,
-3.6567e-07,-0.533355,0.845892,
-4.7465e-07,-0.845892,-0.533355,
1,-5.9901e-07,5.47555e-08,
-3.70566e-07,-0.5418,0.840507,
-4.73806e-07,-0.840507,-0.5418,
1,-6.01471e-07,5.33395e-08,
-3.75465e-07,-0.550191,0.835039,
-4.72905e-07,-0.835039,-0.550191,
1,-6.03918e-07,5.19124e-08,
-3.80365e-07,-0.558527,0.829486,
-4.71947e-07,-0.829486,-0.558527,
1,-6.0635e-07,5.04743e-08,
-3.85267e-07,-0.566807,0.823851,
-4.70933e-07,-0.823851,-0.566807,
1,-6.08768e-07,4.90254e-08,
-3.90169e-07,-0.57503,0.818132,
-4.69862e-07,-0.818132,-0.57503,
1,-6.11172e-07,4.75658e-08,
-3.95071e-07,-0.583195,0.812332,
-4.68734e-07,-0.812332,-0.583195,
1,-6.1356e-07,4.60956e-08,
-3.99973e-07,-0.591302,0.80645,
-4.6755e-07,-0.80645,-0.591302,
1,-6.15934e-07,4.46151e-08,
-4.04874e-07,-0.599349,0.800488,
-4.66308e-07,-0.800488,-0.599349,
1,-6.18294e-07,4.31243e-08,
-4.09772e-07,-0.607336,0.794445,
-4.65009e-07,-0.794445,-0.607336,
1,-6.20638e-07,4.16234e-08,
-4.14668e-07,-0.615263,0.788322,
-4.63653e-07,-0.788322,-0.615263,
1,-6.22967e-07,4.01126e-08,
-4.19561e-07,-0.623128,0.78212,
-4.6224e-07,-0.78212,-0.623128,
1,-6.25281e-07,3.8592e-08,
-4.24449e-07,-0.63093,0.77584,
-4.60769e-07,-0.77584,-0.63093,
1,-6.27579e-07,3.70617e-08,
-4.29333e-07,-0.638669,0.769482,
-4.59241e-07,-0.769482,-0.638669,
1,-6.29863e-07,3.55219e-08,
-4.34212e-07,-0.646343,0.763047,
-4.57655e-07,-0.763047,-0.646343,
1,-6.3213e-07,3.39728e-08,
-4.39085e-07,-0.653953,0.756535,
-4.56012e-07,-0.756535,-0.653953,
1,-6.34383e-07,3.24146e-08,
-4.43952e-07,-0.661498,0.749947,
-4.54311e-07,-0.749947,-0.661498,
1,-6.36619e-07,3.08473e-08,
-4.48811e-07,-0.668976,0.743284,
-4.52553e-07,-0.743284,-0.668976,
1,-6.3884e-07,2.92711e-08,
-4.53662e-07,-0.676386,0.736547,
-4.50737e-07,-0.736547,-0.676386,
1,-6.41045e-07,2.76863e-08,
-4.58505e-07,-0.68373,0.729736,
-4.48863e-07,-0.729736,-0.68373,
1,-6.43234e-07,2.60929e-08,
-4.63338e-07,-0.691004,0.722851,
-4.46932e-07,-0.722851,-0.691004,
1,-6.45407e-07,2.44911e-08,
-4.68162e-07,-0.698209,0.715894,
-4.44943e-07,-0.715894,-0.698209,
1,-6.47564e-07,2.2881e-08,
-4.72975e-07,-0.705344,0.708865,
-4.42896e-07,-0.708865,-0.705344,
1,-6.49705e-07,2.12629e-08,
-4.77777e-07,-0.712409,0.701765,
-4.40792e-07,-0.701765,-0.712409,
1,-6.51829e-07,1.9637e-08,
-4.82567e-07,-0.719401,0.694595,
-4.3863e-07,-0.694595,-0.719401,
1,-6.53938e-07,1.80032e-08,
-4.87344e-07,-0.726322,0.687355,
-4.36411e-07,-0.687355,-0.726322,
1,-6.56029e-07,1.63619e-08,
-4.92108e-07,-0.73317,0.680046,
-4.34134e-07,-0.680046,-0.73317,
1,-6.58105e-07,1.47132e-08,
-4.96858e-07,-0.739944,0.672668,
-4.31799e-07,-0.672668,-0.739944,
1,-6.60164e-07,1.30572e-08,
-5.01593e-07,-0.746644,0.665224,
-4.29407e-07,-0.665224,-0.746644,
1,-6.62206e-07,1.13942e-08,
-5.06313e-07,-0.753269,0.657712,
-4.26958e-07,-0.657712,-0.753269,
1,-6.64231e-07,9.72421e-09,
-5.11018e-07,-0.759819,0.650135,
-4.24451e-07,-0.650135,-0.759819,
1,-6.6624e-07,8.0475e-09,
-5.15705e-07,-0.766292,0.642492,
-4.21887e-07,-0.642492,-0.766292,
1,-6.68232e-07,6.36421e-09,
-5.20375e-07,-0.772689,0.634785,
-4.19266e-07,-0.634785,-0.772689,
1,-6.70207e-07,4.67452e-09,
-5.25028e-07,-0.779008,0.627014,
-4.16588e-07,-0.627014,-0.779008,
1,-6.72165e-07,2.97859e-09,
-5.29661e-07,-0.785249,0.61918,
-4.13853e-07,-0.61918,-0.785249,
1,-6.74106e-07,1.27658e-09,
-5.34275e-07,-0.791411,0.611285,
-4.1106e-07,-0.611285,-0.791411,
1,-6.7603e-07,-4.3132e-10,
-5.38869e-07,-0.797494,0.603328,
-4.08212e-07,-0.603328,-0.797494,
1,-6.77937e-07,-2.14495e-09,
-5.43443e-07,-0.803496,0.59531,
-4.05306e-07,-0.59531,-0.803496,
1,-6.79827e-07,-3.86413e-09,
-5.47995e-07,-0.809418,0.587233,
-4.02344e-07,-0.587233,-0.809418,
1,-6.81699e-07,-5.5887e-09,
-5.52525e-07,-0.815259,0.579096,
-3.99326e-07,-0.579096,-0.815259,
1,-6.83554e-07,-7.31848e-09,
-5.57032e-07,-0.821018,0.570902,
-3.96251e-07,-0.570902,-0.821018,
1,-6.85392e-07,-9.05329e-09,
-5.61516e-07,-0.826695,0.56265,
-3.9312e-07,-0.56265,-0.826695,
1,-6.87212e-07,-1.0793e-08,
-5.65976e-07,-0.832289,0.554342,
-3.89934e-07,-0.554342,-0.832289,
1,-6.89015e-07,-1.25373e-08,
-5.70411e-07,-0.837799,0.545979,
-3.86691e-07,-0.545979,-0.837799,
1,-6.908e-07,-1.42862e-08,
-5.74821e-07,-0.843225,0.53756,
-3.83393e-07,-0.53756,-0.843225,
1,-6.92568e-07,-1.60394e-08,
-5.79204e-07,-0.848567,0.529088,
-3.8004e-07,-0.529088,-0.848567,
1,-6.94319e-07,-1.77968e-08,
-5.83561e-07,-0.853824,0.520562,
-3.76631e-07,-0.520562,-0.853824,
1,-6.96051e-07,-1.95582e-08,
-5.87891e-07,-0.858995,0.511985,
-3.73168e-07,-0.511985,-0.858995,
1,-6.97766e-07,-2.13233e-08,
-5.92192e-07,-0.864079,0.503356,
-3.6965e-07,-0.503356,-0.864079,
1,-6.99464e-07,-2.30921e-08,
-5.96465e-07,-0.869077,0.494676,
-3.66077e-07,-0.494676,-0.869077,
1,-7.01143e-07,-2.48644e-08,
-6.00708e-07,-0.873988,0.485947,
-3.6245e-07,-0.485947,-0.873988,
1,-7.02805e-07,-2.66399e-08,
-6.04921e-07,-0.878812,0.477169,
-3.58768e-07,-0.477169,-0.878812,
1,-7.04449e-07,-2.84185e-08,
-6.09104e-07,-0.883547,0.468343,
-3.55033e-07,-0.468343,-0.883547,
1,-7.06075e-07,-3.02001e-08,
-6.13255e-07,-0.888193,0.459471,
-3.51244e-07,-0.459471,-0.888193,
1,-7.07684e-07,-3.19844e-08,
-6.17374e-07,-0.89275,0.450552,
-3.47402e-07,-0.450552,-0.89275,
1,-7.09274e-07,-3.37712e-08,
-6.2146e-07,-0.897218,0.441588,
-3.43507e-07,-0.441588,-0.897218,
1,-7.10847e-07,-3.55605e-08,
-6.25514e-07,-0.901596,0.432579,
-3.39559e-07,-0.432579,-0.901596,
1,-7.12401e-07,-3.73519e-08,
-6.29533e-07,-0.905883,0.423528,
-3.35558e-07,-0.423528,-0.905883,
1,-7.13938e-07,-3.91454e-08,
-6.33517e-07,-0.91008,0.414433,
-3.31505e-07,-0.414433,-0.91008,
1,-7.15456e-07,-4.09407e-08,
-6.37466e-07,-0.914185,0.405298,
-3.274e-07,-0.405298,-0.914185,
1,-7.16957e-07,-4.27376e-08,
-6.41379e-07,-0.918198,0.396121,
-3.23244e-07,-0.396121,-0.918198,
1,-7.1844e-07,-4.45361e-08,
-6.45256e-07,-0.92212,0.386905,
-3.19036e-07,-0.386905,-0.92212,
1,-7.19904e-07,-4.63358e-08,
-6.49096e-07,-0.925948,0.37765,
-3.14777e-07,-0.37765,-0.925948,
1,-7.21351e-07,-4.81367e-08,
-6.52897e-07,-0.929684,0.368357,
-3.10467e-07,-0.368357,-0.929684,
1,-7.2278e-07,-4.99385e-08,
-6.56661e-07,-0.933327,0.359027,
-3.06107e-07,-0.359027,-0.933327,
1,-7.2419e-07,-5.17411e-08,
-6.60385e-07,-0.936876,0.349662,
-3.01697e-07,-0.349662,-0.936876,
1,-7.25583e-07,-5.35443e-08,
-6.64069e-07,-0.940331,0.340261,
-2.97237e-07,-0.340261,-0.940331,
1,-7.26957e-07,-5.53478e-08,
-6.67713e-07,-0.943692,0.330826,
-2.92727e-07,-0.330826,-0.943692,
1,-7.28313e-07,-5.71516e-08,
-6.71316e-07,-0.946958,0.321357,
-2.88169e-07,-0.321357,-0.946958,
1,-7.29652e-07,-5.89554e-08,
-6.74878e-07,-0.950129,0.311857,
-2.83562e-07,-0.311857,-0.950129,
1,-7.30972e-07,-6.07591e-08,
-6.78397e-07,-0.953205,0.302325,
-2.78907e-07,-0.302325,-0.953205,
1,-7.32274e-07,-6.25624e-08,
-6.81874e-07,-0.956185,0.292763,
-2.74204e-07,-0.292763,-0.956185,
1,-7.33558e-07,-6.43653e-08,
-6.85307e-07,-0.959069,0.283172,
-2.69454e-07,-0.283172,-0.959069,
1,-7.34824e-07,-6.61674e-08,
-6.88696e-07,-0.961857,0.273552,
-2.64656e-07,-0.273552,-0.961857,
1,-7.36072e-07,-6.79687e-08,
-6.9204e-07,-0.964549,0.263904,
-2.59812e-07,-0.263904,-0.964549,
1,-7.37302e-07,-6.9769e-08,
-6.9534e-07,-0.967144,0.254231,
-2.54921e-07,-0.254231,-0.967144,
1,-7.38514e-07,-7.1568e-08,
-6.98593e-07,-0.969641,0.244531,
-2.49985e-07,-0.244531,-0.969641,
1,-7.39708e-07,-7.33656e-08,
-7.018e-07,-0.972042,0.234808,
-2.45004e-07,-0.234808,-0.972042,
1,-7.40884e-07,-7.51616e-08,
-7.04961e-07,-0.974345,0.22506,
-2.39977e-07,-0.22506,-0.974345,
1,-7.42042e-07,-7.69558e-08,
-7.08073e-07,-0.97655,0.21529,
-2.34906e-07,-0.21529,-0.97655,
1,-7.43182e-07,-7.87481e-08,
-7.11138e-07,-0.978657,0.205499,
-2.2979e-07,-0.205499,-0.978657,
1,-7.44304e-07,-8.05383e-08,
-7.14154e-07,-0.980666,0.195687,
-2.24632e-07,-0.195687,-0.980666,
1,-7.45408e-07,-8.23261e-08,
-7.1712e-07,-0.982577,0.185855,
-2.1943e-07,-0.185855,-0.982577,
1,-7.46494e-07,-8.41115e-08,
-7.20037e-07,-0.984389,0.176004,
-2.14185e-07,-0.176004,-0.984389,
1,-7.47563e-07,-8.58942e-08,
-7.22904e-07,-0.986103,0.166136,
-2.08898e-07,-0.166136,-0.986103,
1,-7.48613e-07,-8.76741e-08,
-7.25719e-07,-0.987717,0.156252,
-2.03569e-07,-0.156252,-0.987717,
1,-7.49646e-07,-8.94509e-08,
-7.28483e-07,-0.989233,0.146351,
-1.98199e-07,-0.146351,-0.989233,
1,-7.50661e-07,-9.12245e-08,
-7.31195e-07,-0.990649,0.136436,
-1.92789e-07,-0.136436,-0.990649,
1,-7.51658e-07,-9.29948e-08,
-7.33855e-07,-0.991966,0.126507,
-1.87338e-07,-0.126507,-0.991966,
1,-7.52638e-07,-9.47615e-08,
-7.36461e-07,-0.993183,0.116566,
-1.81847e-07,-0.116566,-0.993183,
1,-7.53599e-07,-9.65244e-08,
-7.39014e-07,-0.994301,0.106613,
-1.76318e-07,-0.106613,-0.994301,
1,-7.54544e-07,-9.82835e-08,
-7.41512e-07,-0.995319,0.0966488,
-1.70749e-07,-0.0966488,-0.995319,
1,-7.5547e-07,-1.00038e-07,
-7.43956e-07,-0.996237,0.0866753,
-1.65142e-07,-0.0866753,-0.996237,
1,-7.56379e-07,-1.01789e-07,
-7.46345e-07,-0.997055,0.076693,
-1.59498e-07,-0.076693,-0.997055,
1,-7.57271e-07,-1.03535e-07,
-7.48678e-07,-0.997773,0.0667031,
-1.53817e-07,-0.0667031,-0.997773,
1,-7.58145e-07,-1.05277e-07,
-7.50955e-07,-0.998391,0.0567064,
-1.48099e-07,-0.0567064,-0.998391,
1,-7.59001e-07,-1.07014e-07,
-7.53175e-07,-0.998909,0.0467041,
-1.42346e-07,-0.0467041,-0.998909,
1,-7.5984e-07,-1.08746e-07,
-7.55338e-07,-0.999326,0.0366971,
-1.36556e-07,-0.0366971,-0.999326,
1,-7.60662e-07,-1.10472e-07,
-7.57443e-07,-0.999644,0.0266864,
-1.30732e-07,-0.0266864,-0.999644,
1,-7.61467e-07,-1.12194e-07,
-7.59491e-07,-0.999861,0.016673,
-1.24874e-07,-0.016673,-0.999861,
1,-7.62254e-07,-1.1391e-07,
-7.61479e-07,-0.999978,0.006658,
-1.18982e-07,-0.006658,-0.999978,
1,-7.63025e-07,-1.1562e-07,
-7.63409e-07,-0.999994,-0.00335771,
-1.13057e-07,0.00335771,-0.999994,
1,-7.63778e-07,-1.17325e-07,
-7.65279e-07,-0.999911,-0.0133731,
-1.071e-07,0.0133731,-0.999911,
1,-7.64514e-07,-1.19023e-07,
-7.67089e-07,-0.999726,-0.0233871,
-1.01111e-07,0.0233871,-0.999726,
1,-7.65233e-07,-1.20715e-07,
-7.68838e-07,-0.999442,-0.0333988,
-9.50901e-08,0.0333988,-0.999442,
1,-7.65935e-07,-1.22401e-07,
-7.70527e-07,-0.999057,-0.0434071,
-8.90388e-08,0.0434071,-0.999057,
1,-7.66621e-07,-1.24081e-07,
-7.72154e-07,-0.998573,-0.0534111,
-8.29575e-08,0.0534111,-0.998573,
1,-7.67289e-07,-1.25753e-07,
-7.73719e-07,-0.997988,-0.0634097,
-7.68467e-08,0.0634097,-0.997988,
1,-7.67941e-07,-1.27419e-07,
-7.75222e-07,-0.997302,-0.073402,
-7.07072e-08,0.073402,-0.997302,
1,-7.68576e-07,-1.29078e-07,
-7.76663e-07,-0.996517,-0.0833869,
-6.45395e-08,0.0833869,-0.996517,
1,-7.69195e-07,-1.3073e-07,
-7.78041e-07,-0.995632,-0.0933634,
-5.83443e-08,0.0933634,-0.995632,
1,-7.69797e-07,-1.32374e-07,
-7.79355e-07,-0.994647,-0.103331,
-5.21222e-08,0.103331,-0.994647,
1,-7.70383e-07,-1.34011e-07,
-7.80605e-07,-0.993562,-0.113287,
-4.58739e-08,0.113287,-0.993562,
1,-7.70952e-07,-1.3564e-07,
-7.81791e-07,-0.992378,-0.123233,
-3.96e-08,0.123233,-0.992378,
1,-7.71505e-07,-1.37262e-07,
-7.82913e-07,-0.991094,-0.133166,
-3.33011e-08,0.133166,-0.991094,
1,-7.72042e-07,-1.38875e-07,
-7.83969e-07,-0.98971,-0.143086,
-2.69781e-08,0.143086,-0.98971,
1,-7.72563e-07,-1.4048e-07,
-7.8496e-07,-0.988228,-0.152991,
-2.06315e-08,0.152991,-0.988228,
1,-7.73068e-07,-1.42077e-07,
-7.85886e-07,-0.986646,-0.162881,
-1.42619e-08,0.162881,-0.986646,
1,-7.73556e-07,-1.43666e-07,
-7.86745e-07,-0.984965,-0.172755,
-7.87018e-09,0.172755,-0.984965,
1,-7.74029e-07,-1.45245e-07,
-7.87538e-07,-0.983185,-0.182611,
-1.45691e-09,0.182611,-0.983185,
1,-7.74486e-07,-1.46816e-07,
-7.88264e-07,-0.981307,-0.192449,
4.97719e-09,0.192449,-0.981307,
1,-7.74928e-07,-1.48378e-07,
-7.88922e-07,-0.97933,-0.202268,
1.14314e-08,0.202268,-0.97933,
1,-7.75354e-07,-1.49931e-07,
-7.89514e-07,-0.977255,-0.212066,
1.79051e-08,0.212066,-0.977255,
1,-7.75764e-07,-1.51475e-07,
-7.90037e-07,-0.975082,-0.221843,
2.43975e-08,0.221843,-0.975082,
1,-7.76159e-07,-1.53009e-07,
-7.90493e-07,-0.972812,-0.231598,
3.0908e-08,0.231598,-0.972812,
1,-7.76539e-07,-1.54534e-07,
-7.9088e-07,-0.970443,-0.24133,
3.74358e-08,0.24133,-0.970443,
1,-7.76903e-07,-1.56049e-07,
-7.91198e-07,-0.967977,-0.251037,
4.39801e-08,0.251037,-0.967977,
1,-7.77252e-07,-1.57554e-07,
-7.91448e-07,-0.965415,-0.26072,
5.05403e-08,0.26072,-0.965415,
1,-7.77586e-07,-1.59049e-07,
-7.91628e-07,-0.962755,-0.270376,
5.71157e-08,0.270376,-0.962755,
1,-7.77906e-07,-1.60533e-07,
-7.91738e-07,-0.959999,-0.280005,
6.37055e-08,0.280005,-0.959999,
1,-7.7821e-07,-1.62008e-07,
-7.91779e-07,-0.957146,-0.289606,
7.03089e-08,0.289606,-0.957146,
1,-7.785e-07,-1.63472e-07,
-7.9175e-07,-0.954197,-0.299178,
7.69253e-08,0.299178,-0.954197,
1,-7.78775e-07,-1.64925e-07,
-7.9165e-07,-0.951153,-0.308719,
8.35539e-08,0.308719,-0.951153,
1,-7.79036e-07,-1.66368e-07,
-7.9148e-07,-0.948013,-0.31823,
9.01939e-08,0.31823,-0.948013,
1,-7.79282e-07,-1.67799e-07,
-7.91238e-07,-0.944779,-0.327709,
9.68446e-08,0.327709,-0.944779,
1,-7.79514e-07,-1.6922e-07,
-7.90926e-07,-0.941449,-0.337155,
1.03505e-07,0.337155,-0.941449,
1,-7.79732e-07,-1.70629e-07,
-7.90542e-07,-0.938025,-0.346568,
1.10175e-07,0.346568,-0.938025,
1,-7.79935e-07,-1.72027e-07,
-7.90087e-07,-0.934507,-0.355945,
1.16853e-07,0.355945,-0.934507,
1,-7.80125e-07,-1.73414e-07,
-7.89561e-07,-0.930895,-0.365287,
1.23539e-07,0.365287,-0.930895,
1,-7.80301e-07,-1.74789e-07,
-7.88962e-07,-0.92719,-0.374592,
1.30232e-07,0.374592,-0.92719,
1,-7.80463e-07,-1.76152e-07,
-7.88291e-07,-0.923391,-0.38386,
1.36931e-07,0.38386,-0.923391,
1,-7.80612e-07,-1.77503e-07,
-7.87548e-07,-0.919501,-0.393089,
1.43635e-07,0.393089,-0.919501,
1,-7.80747e-07,-1.78843e-07,
-7.86732e-07,-0.915517,-0.402278,
1.50344e-07,0.402278,-0.915517,
1,-7.80869e-07,-1.8017e-07,
-7.85844e-07,-0.911442,-0.411428,
1.57057e-07,0.411428,-0.911442,
1,-7.80978e-07,-1.81484e-07,
-7.84883e-07,-0.907276,-0.420536,
1.63773e-07,0.420536,-0.907276,
1,-7.81073e-07,-1.82787e-07,
-7.83849e-07,-0.903019,-0.429601,
1.7049e-07,0.429601,-0.903019,
1,-7.81156e-07,-1.84076e-07,
-7.82742e-07,-0.898671,-0.438624,
1.7721e-07,0.438624,-0.898671,
1,-7.81225e-07,-1.85354e-07,
-7.81562e-07,-0.894232,-0.447603,
1.8393e-07,0.447603,-0.894232,
1,-7.81282e-07,-1.86618e-07,
-7.80308e-07,-0.889705,-0.456537,
1.90649e-07,0.456537,-0.889705,
1,-7.81327e-07,-1.87869e-07,
-7.78981e-07,-0.885087,-0.465425,
1.97368e-07,0.465425,-0.885087,
1,-7.81359e-07,-1.89107e-07,
-7.77581e-07,-0.880382,-0.474266,
2.04085e-07,0.474266,-0.880382,
1,-7.81378e-07,-1.90332e-07,
-7.76107e-07,-0.875587,-0.48306,
2.108e-07,0.48306,-0.875587,
1,-7.81385e-07,-1.91544e-07,
-7.74559e-07,-0.870705,-0.491805,
2.17511e-07,0.491805,-0.870705,
1,-7.81381e-07,-1.92742e-07,
-7.72937e-07,-0.865736,-0.500501,
2.24218e-07,0.500501,-0.865736,
1,-7.81364e-07,-1.93927e-07,
-7.71241e-07,-0.86068,-0.509147,
2.3092e-07,0.509147,-0.86068,
1,-7.81336e-07,-1.95098e-07,
-7.69472e-07,-0.855537,-0.517742,
2.37616e-07,0.517742,-0.855537,
1,-7.81295e-07,-1.96255e-07,
-7.67628e-07,-0.850309,-0.526284,
2.44306e-07,0.526284,-0.850309,
1,-7.81244e-07,-1.97398e-07,
-7.65711e-07,-0.844995,-0.534774,
2.50988e-07,0.534774,-0.844995,
1,-7.81181e-07,-1.98528e-07,
-7.63719e-07,-0.839596,-0.543211,
2.57663e-07,0.543211,-0.839596,
1,-7.81107e-07,-1.99643e-07,
-7.61653e-07,-0.834114,-0.551592,
2.64328e-07,0.551592,-0.834114,
1,-7.81021e-07,-2.00744e-07,
-7.59513e-07,-0.828547,-0.559919,
2.70983e-07,0.559919,-0.828547,
1,-7.80925e-07,-2.0183e-07,
-7.57299e-07,-0.822898,-0.568189,
2.77628e-07,0.568189,-0.822898,
1,-7.80818e-07,-2.02902e-07,
-7.55011e-07,-0.817166,-0.576403,
2.84261e-07,0.576403,-0.817166,
1,-7.807e-07,-2.03959e-07,
-7.52649e-07,-0.811352,-0.584558,
2.90882e-07,0.584558,-0.811352,
1,-7.80572e-07,-2.05002e-07,
-7.50212e-07,-0.805457,-0.592655,
2.97489e-07,0.592655,-0.805457,
1,-7.80433e-07,-2.0603e-07,
-7.47701e-07,-0.79948,-0.600692,
3.04083e-07,0.600692,-0.79948,
1,-7.80284e-07,-2.07043e-07,
-7.45117e-07,-0.793424,-0.608669,
3.10662e-07,0.608669,-0.793424,
1,-7.80125e-07,-2.08041e-07,
-7.42458e-07,-0.787288,-0.616585,
3.17226e-07,0.616585,-0.787288,
1,-7.79956e-07,-2.09024e-07,
-7.39726e-07,-0.781073,-0.62444,
3.23773e-07,0.62444,-0.781073,
1,-7.79778e-07,-2.09992e-07,
-7.36919e-07,-0.77478,-0.632231,
3.30302e-07,0.632231,-0.77478,
1,-7.79589e-07,-2.10944e-07,
-7.34039e-07,-0.768409,-0.639959,
3.36814e-07,0.639959,-0.768409,
1,-7.79392e-07,-2.11881e-07,
-7.31085e-07,-0.761961,-0.647623,
3.43307e-07,0.647623,-0.761961,
1,-7.79184e-07,-2.12803e-07,
-7.28057e-07,-0.755436,-0.655222,
3.4978e-07,0.655222,-0.755436,
1,-7.78968e-07,-2.13709e-07,
-7.24956e-07,-0.748836,-0.662756,
3.56233e-07,0.662756,-0.748836,
1,-7.78743e-07,-2.14599e-07,
-7.21781e-07,-0.74216,-0.670223,
3.62664e-07,0.670223,-0.74216,
1,-7.78509e-07,-2.15474e-07,
-7.18533e-07,-0.73541,-0.677622,
3.69073e-07,0.677622,-0.73541,
1,-7.78266e-07,-2.16333e-07,
-7.15212e-07,-0.728587,-0.684954,
3.75459e-07,0.684954,-0.728587,
1,-7.78015e-07,-2.17175e-07,
-7.11818e-07,-0.72169,-0.692217,
3.81822e-07,0.692217,-0.72169,
1,-7.77756e-07,-2.18002e-07,
-7.08351e-07,-0.714721,-0.69941,
3.88159e-07,0.69941,-0.714721,
1,-7.77488e-07,-2.18813e-07,
-7.04811e-07,-0.70768,-0.706533,
3.94472e-07,0.706533,-0.70768,
1,-7.77212e-07,-2.19607e-07,
-7.01198e-07,-0.700568,-0.713586,
4.00757e-07,0.713586,-0.700568,
1,-7.76928e-07,-2.20386e-07,
-6.97513e-07,-0.693386,-0.720566,
4.07016e-07,0.720566,-0.693386,
1,-7.76637e-07,-2.21147e-07,
-6.93756e-07,-0.686134,-0.727475,
4.13247e-07,0.727475,-0.686134,
1,-7.76338e-07,-2.21893e-07,
-6.89927e-07,-0.678814,-0.734311,
4.19449e-07,0.734311,-0.678814,
1,-7.76031e-07,-2.22622e-07,
-6.86026e-07,-0.671425,-0.741072,
4.25622e-07,0.741072,-0.671425,
1,-7.75718e-07,-2.23334e-07,
-6.82053e-07,-0.663969,-0.74776,
4.31764e-07,0.74776,-0.663969,
1,-7.75397e-07,-2.2403e-07,
-6.78009e-07,-0.656447,-0.754373,
4.37875e-07,0.754373,-0.656447,
1,-7.7507e-07,-2.24709e-07,
-6.73894e-07,-0.648858,-0.760909,
4.43953e-07,0.760909,-0.648858,
1,-7.74735e-07,-2.25372e-07,
-6.69707e-07,-0.641205,-0.76737,
4.49999e-07,0.76737,-0.641205,
1,-7.74395e-07,-2.26017e-07,
-6.6545e-07,-0.633487,-0.773754,
4.56012e-07,0.773754,-0.633487,
1,-7.74048e-07,-2.26646e-07,
-6.61123e-07,-0.625705,-0.780059,
4.6199e-07,0.780059,-0.625705,
1,-7.73694e-07,-2.27257e-07,
-6.56725e-07,-0.617861,-0.786287,
4.67932e-07,0.786287,-0.617861,
1,-7.73335e-07,-2.27852e-07,
-6.52258e-07,-0.609955,-0.792436,
4.73839e-07,0.792436,-0.609955,
1,-7.72969e-07,-2.28429e-07,
-6.4772e-07,-0.601988,-0.798505,
4.79708e-07,0.798505,-0.601988,
1,-7.72598e-07,-2.2899e-07,
-6.43114e-07,-0.59396,-0.804495,
4.8554e-07,0.804495,-0.59396,
1,-7.72222e-07,-2.29533e-07,
-6.38438e-07,-0.585873,-0.810403,
4.91334e-07,0.810403,-0.585873,
1,-7.7184e-07,-2.30059e-07,
-6.33694e-07,-0.577727,-0.81623,
4.97088e-07,0.81623,-0.577727,
1,-7.71453e-07,-2.30567e-07,
-6.28881e-07,-0.569523,-0.821976,
5.02802e-07,0.821976,-0.569523,
1,-7.71061e-07,-2.31059e-07,
-6.24e-07,-0.561262,-0.827638,
5.08475e-07,0.827638,-0.561262,
1,-7.70664e-07,-2.31533e-07,
-6.19051e-07,-0.552944,-0.833218,
5.14107e-07,0.833218,-0.552944,
1,-7.70263e-07,-2.31989e-07,
-6.14035e-07,-0.544571,-0.838715,
5.19696e-07,0.838715,-0.544571,
1,-7.69857e-07,-2.32428e-07,
-6.08952e-07,-0.536144,-0.844127,
5.25242e-07,0.844127,-0.536144,
1,-7.69446e-07,-2.32849e-07,
-6.03803e-07,-0.527662,-0.849454,
5.30744e-07,0.849454,-0.527662,
1,-7.69032e-07,-2.33253e-07,
-5.98586e-07,-0.519128,-0.854696,
5.36201e-07,0.854696,-0.519128,
1,-7.68613e-07,-2.33639e-07,
-5.93304e-07,-0.510542,-0.859853,
5.41612e-07,0.859853,-0.510542,
1,-7.68191e-07,-2.34007e-07,
-5.87957e-07,-0.501904,-0.864923,
5.46977e-07,0.864923,-0.501904,
1,-7.67765e-07,-2.34358e-07,
-5.82544e-07,-0.493216,-0.869907,
5.52295e-07,0.869907,-0.493216,
1,-7.67336e-07,-2.34691e-07,
-5.77067e-07,-0.484479,-0.874803,
5.57565e-07,0.874803,-0.484479,
1,-7.66904e-07,-2.35006e-07,
-5.71525e-07,-0.475693,-0.879611,
5.62786e-07,0.879611,-0.475693,
1,-7.66468e-07,-2.35304e-07,
-5.65919e-07,-0.466859,-0.884332,
5.67958e-07,0.884332,-0.466859,
1,-7.6603e-07,-2.35584e-07,
-5.6025e-07,-0.457979,-0.888963,
5.7308e-07,0.888963,-0.457979,
1,-7.65589e-07,-2.35845e-07,
-5.54518e-07,-0.449052,-0.893505,
5.78151e-07,0.893505,-0.449052,
1,-7.65145e-07,-2.36089e-07,
-5.48724e-07,-0.440081,-0.897958,
5.8317e-07,0.897958,-0.440081,
1,-7.64699e-07,-2.36315e-07,
-5.42867e-07,-0.431065,-0.902321,
5.88137e-07,0.902321,-0.431065,
1,-7.64251e-07,-2.36523e-07,
-5.36949e-07,-0.422006,-0.906593,
