1,0,0,
0,1,0,
0,0,1,
0.999954,0.00963173,3.02199e-09,
-0.00963173,0.999954,4.08366e-09,
-2.98252e-09,-4.11258e-09,1,
0.999814,0.0192626,6.05577e-09,
-0.0192626,0.999814,8.15857e-09,
-5.89749e-09,-8.2737e-09,1,
0.999583,0.0288916,9.10132e-09,
-0.0288916,0.999583,1.22247e-08,
-8.74433e-09,-1.24825e-08,1,
0.999258,0.038518,1.21586e-08,
-0.038518,0.999258,1.6282e-08,
-1.15224e-08,-1.67382e-08,1,
0.998841,0.0481408,1.52276e-08,
-0.0481408,0.998841,2.03304e-08,
-1.42312e-08,-2.10399e-08,1,
0.998331,0.0577591,1.83083e-08,
-0.0577591,0.998331,2.437e-08,
-1.68702e-08,-2.53868e-08,1,
0.997728,0.0673721,2.14007e-08,
-0.0673721,0.997728,2.84006e-08,
-1.94386e-08,-2.97779e-08,1,
0.997033,0.0769788,2.45047e-08,
-0.0769788,0.997033,3.24223e-08,
-2.19361e-08,-3.42124e-08,1,
0.996245,0.0865784,2.76203e-08,
-0.0865784,0.996245,3.6435e-08,
-2.43621e-08,-3.86895e-08,1,
0.995365,0.0961699,3.07475e-08,
-0.0961699,0.995365,4.04387e-08,
-2.6716e-08,-4.32082e-08,1,
0.994392,0.105753,3.38862e-08,
-0.105753,0.994392,4.44333e-08,
-2.89973e-08,-4.77677e-08,1,
0.993328,0.115325,3.70365e-08,
-0.115325,0.993328,4.84188e-08,
-3.12055e-08,-5.2367e-08,1,
0.992171,0.124887,4.01983e-08,
-0.124887,0.992171,5.23952e-08,
-3.33401e-08,-5.70053e-08,1,
0.990922,0.134438,4.33716e-08,
-0.134438,0.990922,5.63624e-08,
-3.54006e-08,-6.16816e-08,1,
0.989581,0.143976,4.65563e-08,
-0.143976,0.989581,6.03205e-08,
-3.73866e-08,-6.6395e-08,1,
0.988149,0.153501,4.97525e-08,
-0.153501,0.988149,6.42693e-08,
-3.92975e-08,-7.11447e-08,1,
0.986624,0.163011,5.29601e-08,
-0.163011,0.986624,6.82089e-08,
-4.11329e-08,-7.59296e-08,1,
0.985008,0.172507,5.6179e-08,
-0.172507,0.985008,7.21392e-08,
-4.28923e-08,-8.07489e-08,1,
0.983301,0.181986,5.94093e-08,
-0.181986,0.983301,7.60601e-08,
-4.45753e-08,-8.56017e-08,1,
0.981503,0.191448,6.26509e-08,
-0.191448,0.981503,7.99717e-08,
-4.61816e-08,-9.04869e-08,1,
0.979613,0.200893,6.59038e-08,
-0.200893,0.979613,8.3874e-08,
-4.77105e-08,-9.54037e-08,1,
0.977633,0.210319,6.9168e-08,
-0.210319,0.977633,8.77668e-08,
-4.91618e-08,-1.00351e-07,1,
0.975562,0.219726,7.24434e-08,
-0.219726,0.975562,9.16501e-08,
-5.05351e-08,-1.05328e-07,1,
0.9734,0.229112,7.573e-08,
-0.229112,0.9734,9.5524e-08,
-5.18299e-08,-1.10334e-07,1,
0.971148,0.238477,7.90278e-08,
-0.238477,0.971148,9.93883e-08,
-5.30459e-08,-1.15367e-07,1,
0.968806,0.247819,8.23367e-08,
-0.247819,0.968806,1.03243e-07,
-5.41827e-08,-1.20427e-07,1,
0.966374,0.257139,8.56568e-08,
-0.257139,0.966374,1.07088e-07,
-5.524e-08,-1.25513e-07,1,
0.963853,0.266435,8.8988e-08,
-0.266435,0.963853,1.10924e-07,
-5.62173e-08,-1.30624e-07,1,
0.961242,0.275706,9.23303e-08,
-0.275706,0.961242,1.1475e-07,
-5.71145e-08,-1.35758e-07,1,
0.958542,0.284952,9.56836e-08,
-0.284952,0.958542,1.18566e-07,
-5.7931e-08,-1.40916e-07,1,
0.955753,0.294171,9.90479e-08,
-0.294171,0.955753,1.22373e-07,
-5.86668e-08,-1.46095e-07,1,
0.952875,0.303363,1.02423e-07,
-0.303363,0.952875,1.2617e-07,
-5.93213e-08,-1.51295e-07,1,
0.949909,0.312527,1.0581e-07,
-0.312527,0.949909,1.29957e-07,
-5.98944e-08,-1.56515e-07,1,
0.946855,0.321662,1.09207e-07,
-0.321662,0.946855,1.33734e-07,
-6.03858e-08,-1.61754e-07,1,
0.943713,0.330767,1.12615e-07,
-0.330767,0.943713,1.37501e-07,
-6.07952e-08,-1.67011e-07,1,
0.940483,0.339841,1.16034e-07,
-0.339841,0.940483,1.41259e-07,
-6.11223e-08,-1.72285e-07,1,
0.937166,0.348883,1.19464e-07,
-0.348883,0.937166,1.45007e-07,
-6.13669e-08,-1.77574e-07,1,
0.933762,0.357894,1.22904e-07,
-0.357894,0.933762,1.48744e-07,
-6.15288e-08,-1.82879e-07,1,
0.930272,0.366871,1.26356e-07,
-0.366871,0.930272,1.52472e-07,
-6.16076e-08,-1.88197e-07,1,
0.926695,0.375814,1.29818e-07,
-0.375814,0.926695,1.5619e-07,
-6.16033e-08,-1.93528e-07,1,
0.923032,0.384722,1.33291e-07,
-0.384722,0.923032,1.59898e-07,
-6.15157e-08,-1.98871e-07,1,
0.919284,0.393595,1.36775e-07,
-0.393595,0.919284,1.63595e-07,
-6.13444e-08,-2.04224e-07,1,
0.91545,0.402431,1.40269e-07,
-0.402431,0.91545,1.67283e-07,
-6.10894e-08,-2.09588e-07,1,
0.911532,0.41123,1.43774e-07,
-0.41123,0.911532,1.7096e-07,
-6.07505e-08,-2.1496e-07,1,
0.907529,0.41999,1.47289e-07,
-0.41999,0.907529,1.74628e-07,
-6.03275e-08,-2.2034e-07,1,
0.903441,0.428712,1.50816e-07,
-0.428712,0.903441,1.78285e-07,
-5.98202e-08,-2.25726e-07,1,
0.89927,0.437394,1.54352e-07,
-0.437394,0.89927,1.81932e-07,
-5.92286e-08,-2.31119e-07,1,
0.895016,0.446035,1.579e-07,
-0.446035,0.895016,1.85569e-07,
-5.85525e-08,-2.36515e-07,1,
0.890678,0.454635,1.61457e-07,
-0.454635,0.890678,1.89195e-07,
-5.77919e-08,-2.41916e-07,1,
0.886258,0.463192,1.65026e-07,
-0.463192,0.886258,1.92811e-07,
-5.69465e-08,-2.47319e-07,1,
0.881755,0.471707,1.68604e-07,
-0.471707,0.881755,1.96417e-07,
-5.60164e-08,-2.52723e-07,1,
0.877171,0.480178,1.72193e-07,
-0.480178,0.877171,2.00012e-07,
-5.50014e-08,-2.58129e-07,1,
0.872505,0.488604,1.75793e-07,
-0.488604,0.872505,2.03598e-07,
-5.39014e-08,-2.63533e-07,1,
0.867759,0.496985,1.79402e-07,
-0.496985,0.867759,2.07172e-07,
-5.27165e-08,-2.68936e-07,1,
0.862932,0.50532,1.83023e-07,
-0.50532,0.862932,2.10736e-07,
-5.14466e-08,-2.74336e-07,1,
0.858025,0.513608,1.86653e-07,
-0.513608,0.858025,2.1429e-07,
-5.00916e-08,-2.79733e-07,1,
0.853038,0.521849,1.90294e-07,
-0.521849,0.853038,2.17833e-07,
-4.86516e-08,-2.85125e-07,1,
0.847972,0.530041,1.93944e-07,
-0.530041,0.847972,2.21366e-07,
-4.71265e-08,-2.90511e-07,1,
0.842828,0.538184,1.97606e-07,
-0.538184,0.842828,2.24888e-07,
-4.55163e-08,-2.9589e-07,1,
0.837605,0.546277,2.01277e-07,
-0.546277,0.837605,2.284e-07,
-4.3821e-08,-3.01261e-07,1,
0.832304,0.554319,2.04958e-07,
-0.554319,0.832304,2.319e-07,
-4.20408e-08,-3.06624e-07,1,
0.826927,0.56231,2.0865e-07,
-0.56231,0.826927,2.35391e-07,
-4.01755e-08,-3.11977e-07,1,
0.821472,0.570248,2.12351e-07,
-0.570248,0.821472,2.3887e-07,
-3.82253e-08,-3.17318e-07,1,
0.815942,0.578134,2.16063e-07,
-0.578134,0.815942,2.42339e-07,
-3.61902e-08,-3.22648e-07,1,
0.810335,0.585966,2.19784e-07,
-0.585966,0.810335,2.45797e-07,
-3.40703e-08,-3.27964e-07,1,
0.804654,0.593744,2.23516e-07,
-0.593744,0.804654,2.49244e-07,
-3.18656e-08,-3.33267e-07,1,
0.798898,0.601467,2.27258e-07,
-0.601467,0.798898,2.52681e-07,
-2.95764e-08,-3.38554e-07,1,
0.793068,0.609134,2.31009e-07,
-0.609134,0.793068,2.56107e-07,
-2.72026e-08,-3.43825e-07,1,
0.787164,0.616744,2.3477e-07,
-0.616744,0.787164,2.59521e-07,
-2.47445e-08,-3.49079e-07,1,
0.781187,0.624297,2.38542e-07,
-0.624297,0.781187,2.62925e-07,
-2.2202e-08,-3.54315e-07,1,
0.775138,0.631792,2.42323e-07,
-0.631792,0.775138,2.66318e-07,
-1.95755e-08,-3.59531e-07,1,
0.769017,0.639229,2.46113e-07,
-0.639229,0.769017,2.697e-07,
-1.68649e-08,-3.64727e-07,1,
0.762824,0.646606,2.49914e-07,
-0.646606,0.762824,2.73072e-07,
-1.40706e-08,-3.69901e-07,1,
0.756561,0.653924,2.53724e-07,
-0.653924,0.756561,2.76432e-07,
-1.11926e-08,-3.75054e-07,1,
0.750227,0.66118,2.57544e-07,
-0.66118,0.750227,2.79781e-07,
-8.23122e-09,-3.80182e-07,1,
0.743824,0.668375,2.61374e-07,
-0.668375,0.743824,2.83119e-07,
-5.18658e-09,-3.85286e-07,1,
0.737352,0.675509,2.65213e-07,
-0.675509,0.737352,2.86446e-07,
-2.05891e-09,-3.90365e-07,1,
0.730811,0.682579,2.69062e-07,
-0.682579,0.730811,2.89762e-07,
1.15157e-09,-3.95417e-07,1,
0.724203,0.689587,2.72921e-07,
-0.689587,0.724203,2.93066e-07,
4.44461e-09,-4.00442e-07,1,
0.717528,0.69653,2.76789e-07,
-0.69653,0.717528,2.9636e-07,
7.81999e-09,-4.05438e-07,1,
0.710786,0.703409,2.80666e-07,
-0.703409,0.710786,2.99642e-07,
1.12774e-08,-4.10404e-07,1,
0.703977,0.710222,2.84553e-07,
-0.710222,0.703977,3.02913e-07,
1.48167e-08,-4.1534e-07,1,
0.697104,0.71697,2.8845e-07,
-0.71697,0.697104,3.06173e-07,
1.84374e-08,-4.20244e-07,1,
0.690166,0.723651,2.92355e-07,
-0.723651,0.690166,3.09422e-07,
2.21394e-08,-4.25116e-07,1,
0.683164,0.730265,2.96271e-07,
-0.730265,0.683164,3.12659e-07,
2.59223e-08,-4.29953e-07,1,
0.676099,0.736811,3.00195e-07,
-0.736811,0.676099,3.15885e-07,
2.97858e-08,-4.34756e-07,1,
0.668971,0.743289,3.04129e-07,
-0.743289,0.668971,3.19099e-07,
3.37296e-08,-4.39524e-07,1,
0.66178,0.749698,3.08072e-07,
-0.749698,0.66178,3.22303e-07,
3.77534e-08,-4.44254e-07,1,
0.654529,0.756037,3.12024e-07,
-0.756037,0.654529,3.25494e-07,
4.18567e-08,-4.48947e-07,1,
0.647217,0.762306,3.15986e-07,
-0.762306,0.647217,3.28675e-07,
4.60393e-08,-4.53602e-07,1,
0.639844,0.768505,3.19957e-07,
-0.768505,0.639844,3.31844e-07,
5.03008e-08,-4.58216e-07,1,
0.632413,0.774632,3.23937e-07,
-0.774632,0.632413,3.35001e-07,
5.46407e-08,-4.6279e-07,1,
0.624922,0.780687,3.27926e-07,
-0.780687,0.624922,3.38147e-07,
5.90588e-08,-4.67323e-07,1,
0.617374,0.78667,3.31924e-07,
-0.78667,0.617374,3.41281e-07,
6.35545e-08,-4.71812e-07,1,
0.609768,0.79258,3.35931e-07,
-0.79258,0.609768,3.44404e-07,
6.81275e-08,-4.76259e-07,1,
0.602106,0.798416,3.39947e-07,
-0.798416,0.602106,3.47515e-07,
7.27774e-08,-4.8066e-07,1,
0.594388,0.804178,3.43972e-07,
-0.804178,0.594388,3.50615e-07,
7.75037e-08,-4.85016e-07,1,
0.586615,0.809866,3.48006e-07,
-0.809866,0.586615,3.53702e-07,
8.2306e-08,-4.89326e-07,1,
0.578787,0.815479,3.52049e-07,
-0.815479,0.578787,3.56779e-07,
8.71838e-08,-4.93588e-07,1,
0.570906,0.821016,3.56101e-07,
-0.821016,0.570906,3.59843e-07,
9.21367e-08,-4.97801e-07,1,
0.562971,0.826476,3.60162e-07,
-0.826476,0.562971,3.62896e-07,
9.71641e-08,-5.01965e-07,1,
0.554985,0.83186,3.64231e-07,
-0.83186,0.554985,3.65937e-07,
1.02266e-07,-5.06079e-07,1,
0.546947,0.837167,3.6831e-07,
-0.837167,0.546947,3.68966e-07,
1.07441e-07,-5.10142e-07,1,
0.538858,0.842396,3.72397e-07,
-0.842396,0.538858,3.71984e-07,
1.12689e-07,-5.14152e-07,1,
0.530719,0.847548,3.76492e-07,
-0.847548,0.530719,3.74989e-07,
1.18009e-07,-5.18109e-07,1,
0.522532,0.85262,3.80597e-07,
-0.85262,0.522532,3.77983e-07,
1.23402e-07,-5.22012e-07,1,
0.514295,0.857613,3.8471e-07,
-0.857613,0.514295,3.80965e-07,
1.28866e-07,-5.25861e-07,1,
0.506011,0.862527,3.88831e-07,
-0.862527,0.506011,3.83935e-07,
1.34401e-07,-5.29653e-07,1,
0.49768,0.867361,3.92962e-07,
-0.867361,0.49768,3.86893e-07,
1.40007e-07,-5.33388e-07,1,
0.489303,0.872114,3.971e-07,
-0.872114,0.489303,3.89839e-07,
1.45682e-07,-5.37066e-07,1,
0.48088,0.876786,4.01247e-07,
-0.876786,0.48088,3.92773e-07,
1.51427e-07,-5.40685e-07,1,
0.472413,0.881378,4.05403e-07,
-0.881378,0.472413,3.95695e-07,
1.5724e-07,-5.44245e-07,1,
0.463902,0.885887,4.09567e-07,
-0.885887,0.463902,3.98606e-07,
1.63121e-07,-5.47744e-07,1,
0.455347,0.890314,4.1374e-07,
-0.890314,0.455347,4.01504e-07,
1.69069e-07,-5.51182e-07,1,
0.446751,0.894658,4.17921e-07,
-0.894658,0.446751,4.0439e-07,
1.75084e-07,-5.54558e-07,1,
0.438113,0.89892,4.2211e-07,
-0.89892,0.438113,4.07264e-07,
1.81165e-07,-5.5787e-07,1,
0.429435,0.903098,4.26307e-07,
-0.903098,0.429435,4.10125e-07,
1.87312e-07,-5.61119e-07,1,
0.420716,0.907192,4.30513e-07,
-0.907192,0.420716,4.12975e-07,
1.93524e-07,-5.64303e-07,1,
0.411959,0.911202,4.34727e-07,
-0.911202,0.411959,4.15812e-07,
1.998e-07,-5.67422e-07,1,
0.403163,0.915128,4.38949e-07,
-0.915128,0.403163,4.18638e-07,
2.06139e-07,-5.70474e-07,1,
0.394331,0.918969,4.4318e-07,
-0.918969,0.394331,4.21451e-07,
2.12541e-07,-5.73459e-07,1,
0.385461,0.922724,4.47418e-07,
-0.922724,0.385461,4.24252e-07,
2.19005e-07,-5.76376e-07,1,
0.376556,0.926394,4.51664e-07,
-0.926394,0.376556,4.2704e-07,
2.25531e-07,-5.79224e-07,1,
0.367615,0.929978,4.55919e-07,
-0.929978,0.367615,4.29816e-07,
2.32117e-07,-5.82002e-07,1,
0.358641,0.933476,4.60182e-07,
-0.933476,0.358641,4.3258e-07,
2.38763e-07,-5.84709e-07,1,
0.349633,0.936887,4.64452e-07,
-0.936887,0.349633,4.35332e-07,
2.45469e-07,-5.87345e-07,1,
0.340593,0.940211,4.6873e-07,
-0.940211,0.340593,4.38071e-07,
2.52233e-07,-5.8991e-07,1,
0.331522,0.943448,4.73017e-07,
-0.943448,0.331522,4.40798e-07,
2.59055e-07,-5.92401e-07,1,
0.322419,0.946597,4.77311e-07,
-0.946597,0.322419,4.43513e-07,
2.65933e-07,-5.94818e-07,1,
0.313287,0.949658,4.81613e-07,
-0.949658,0.313287,4.46215e-07,
2.72868e-07,-5.97161e-07,1,
0.304126,0.952632,4.85923e-07,
-0.952632,0.304126,4.48904e-07,
2.79859e-07,-5.99429e-07,1,
0.294936,0.955517,4.90241e-07,
-0.955517,0.294936,4.51581e-07,
2.86904e-07,-6.01621e-07,1,
0.285719,0.958313,4.94566e-07,
-0.958313,0.285719,4.54246e-07,
2.94003e-07,-6.03736e-07,1,
0.276476,0.961021,4.98899e-07,
-0.961021,0.276476,4.56898e-07,
3.01155e-07,-6.05773e-07,1,
0.267206,0.963639,5.03239e-07,
-0.963639,0.267206,4.59538e-07,
3.0836e-07,-6.07733e-07,1,
0.257913,0.966168,5.07588e-07,
-0.966168,0.257913,4.62165e-07,
3.15616e-07,-6.09613e-07,1,
0.248595,0.968608,5.11944e-07,
-0.968608,0.248595,4.64779e-07,
3.22922e-07,-6.11414e-07,1,
0.239254,0.970957,5.16307e-07,
-0.970957,0.239254,4.67381e-07,
3.30279e-07,-6.13135e-07,1,
0.229891,0.973216,5.20678e-07,
-0.973216,0.229891,4.6997e-07,
3.37684e-07,-6.14774e-07,1,
0.220506,0.975386,5.25056e-07,
-0.975386,0.220506,4.72547e-07,
3.45137e-07,-6.16332e-07,1,
0.211101,0.977464,5.29442e-07,
-0.977464,0.211101,4.75111e-07,
3.52638e-07,-6.17807e-07,1,
0.201677,0.979452,5.33835e-07,
-0.979452,0.201677,4.77662e-07,
3.60185e-07,-6.19199e-07,1,
0.192234,0.981349,5.38236e-07,
-0.981349,0.192234,4.80201e-07,
3.67777e-07,-6.20508e-07,1,
0.182773,0.983155,5.42643e-07,
-0.983155,0.182773,4.82726e-07,
3.75415e-07,-6.21732e-07,1,
0.173295,0.98487,5.47059e-07,
-0.98487,0.173295,4.8524e-07,
3.83095e-07,-6.22871e-07,1,
0.163801,0.986493,5.51481e-07,
-0.986493,0.163801,4.8774e-07,
3.90819e-07,-6.23925e-07,1,
0.154292,0.988025,5.55911e-07,
-0.988025,0.154292,4.90227e-07,
3.98585e-07,-6.24892e-07,1,
0.144768,0.989466,5.60347e-07,
-0.989466,0.144768,4.92702e-07,
4.06391e-07,-6.25772e-07,1,
0.135231,0.990814,5.64791e-07,
-0.990814,0.135231,4.95164e-07,
4.14238e-07,-6.26565e-07,1,
0.125682,0.992071,5.69242e-07,
-0.992071,0.125682,4.97613e-07,
4.22124e-07,-6.27269e-07,1,
0.11612,0.993235,5.737e-07,
-0.993235,0.11612,5.00049e-07,
4.30048e-07,-6.27885e-07,1,
0.106548,0.994308,5.78165e-07,
-0.994308,0.106548,5.02472e-07,
4.38009e-07,-6.28412e-07,1,
0.0969666,0.995288,5.82637e-07,
-0.995288,0.0969666,5.04882e-07,
4.46007e-07,-6.28848e-07,1,
0.0873757,0.996175,5.87116e-07,
-0.996175,0.0873757,5.0728e-07,
4.5404e-07,-6.29195e-07,1,
0.0777768,0.996971,5.91602e-07,
-0.996971,0.0777768,5.09664e-07,
4.62107e-07,-6.2945e-07,1,
0.0681706,0.997674,5.96095e-07,
-0.997674,0.0681706,5.12035e-07,
4.70208e-07,-6.29614e-07,1,
0.0585581,0.998284,6.00595e-07,
-0.998284,0.0585581,5.14394e-07,
4.78341e-07,-6.29686e-07,1,
0.0489402,0.998802,6.05101e-07,
-0.998802,0.0489402,5.16739e-07,
4.86506e-07,-6.29665e-07,1,
0.0393178,0.999227,6.09614e-07,
-0.999227,0.0393178,5.19072e-07,
4.94702e-07,-6.29552e-07,1,
0.0296917,0.999559,6.14134e-07,
-0.999559,0.0296917,5.21391e-07,
5.02926e-07,-6.29344e-07,1,
0.0200628,0.999799,6.18661e-07,
-0.999799,0.0200628,5.23697e-07,
5.1118e-07,-6.29043e-07,1,
0.0104321,0.999946,6.23194e-07,
-0.999946,0.0104321,5.2599e-07,
5.1946e-07,-6.28647e-07,1,
0.000800394,1,6.27734e-07,
-1,0.000800394,5.2827e-07,
5.27768e-07,-6.28156e-07,1,
-0.00883137,0.999961,6.3228e-07,
-0.999961,-0.00883137,5.30537e-07,
5.361e-07,-6.2757e-07,1,
-0.0184623,0.99983,6.36833e-07,
-0.99983,-0.0184623,5.32791e-07,
5.44457e-07,-6.26888e-07,1,
-0.0280915,0.999605,6.41393e-07,
-0.999605,-0.0280915,5.35031e-07,
5.52838e-07,-6.2611e-07,1,
-0.0377182,0.999288,6.45959e-07,
-0.999288,-0.0377182,5.37259e-07,
5.61241e-07,-6.25235e-07,1,
-0.0473413,0.998879,6.50531e-07,
-0.998879,-0.0473413,5.39473e-07,
5.69665e-07,-6.24262e-07,1,
-0.05696,0.998376,6.5511e-07,
-0.998376,-0.05696,5.41674e-07,
5.7811e-07,-6.23192e-07,1,
-0.0665735,0.997782,6.59695e-07,
-0.997782,-0.0665735,5.43862e-07,
5.86573e-07,-6.22024e-07,1,
-0.0761807,0.997094,6.64286e-07,
-0.997094,-0.0761807,5.46036e-07,
5.95055e-07,-6.20758e-07,1,
-0.0857809,0.996314,6.68884e-07,
-0.996314,-0.0857809,5.48197e-07,
6.03554e-07,-6.19393e-07,1,
-0.0953732,0.995442,6.73487e-07,
-0.995442,-0.0953732,5.50345e-07,
6.12069e-07,-6.17929e-07,1,
-0.104957,0.994477,6.78098e-07,
-0.994477,-0.104957,5.5248e-07,
6.20599e-07,-6.16366e-07,1,
-0.11453,0.99342,6.82714e-07,
-0.99342,-0.11453,5.54601e-07,
6.29143e-07,-6.14703e-07,1,
-0.124093,0.992271,6.87336e-07,
-0.992271,-0.124093,5.56709e-07,
6.37699e-07,-6.1294e-07,1,
-0.133645,0.991029,6.91964e-07,
-0.991029,-0.133645,5.58803e-07,
6.46268e-07,-6.11076e-07,1,
-0.143184,0.989696,6.96599e-07,
-0.989696,-0.143184,5.60884e-07,
6.54847e-07,-6.09112e-07,1,
-0.15271,0.988271,7.01239e-07,
-0.988271,-0.15271,5.62952e-07,
6.63435e-07,-6.07046e-07,1,
-0.162221,0.986754,7.05886e-07,
-0.986754,-0.162221,5.65006e-07,
6.72032e-07,-6.0488e-07,1,
-0.171718,0.985146,7.10538e-07,
-0.985146,-0.171718,5.67047e-07,
6.80636e-07,-6.02611e-07,1,
-0.181199,0.983446,7.15196e-07,
-0.983446,-0.181199,5.69074e-07,
6.89247e-07,-6.00241e-07,1,
-0.190663,0.981656,7.1986e-07,
-0.981656,-0.190663,5.71088e-07,
6.97862e-07,-5.97769e-07,1,
-0.200109,0.979774,7.2453e-07,
-0.979774,-0.200109,5.73089e-07,
7.06482e-07,-5.95195e-07,1,
-0.209536,0.977801,7.29205e-07,
-0.977801,-0.209536,5.75075e-07,
7.15104e-07,-5.92518e-07,1,
-0.218945,0.975737,7.33887e-07,
-0.975737,-0.218945,5.77049e-07,
7.23729e-07,-5.89739e-07,1,
-0.228333,0.973583,7.38574e-07,
-0.973583,-0.228333,5.79009e-07,
7.32354e-07,-5.86856e-07,1,
-0.237699,0.971339,7.43266e-07,
-0.971339,-0.237699,5.80955e-07,
7.40978e-07,-5.83871e-07,1,
-0.247044,0.969004,7.47965e-07,
-0.969004,-0.247044,5.82888e-07,
7.49601e-07,-5.80782e-07,1,
-0.256366,0.96658,7.52668e-07,
-0.96658,-0.256366,5.84807e-07,
7.58221e-07,-5.7759e-07,1,
-0.265664,0.964066,7.57378e-07,
-0.964066,-0.265664,5.86712e-07,
7.66837e-07,-5.74294e-07,1,
-0.274937,0.961462,7.62093e-07,
-0.961462,-0.274937,5.88604e-07,
7.75448e-07,-5.70894e-07,1,
-0.284185,0.95877,7.66813e-07,
-0.95877,-0.284185,5.90482e-07,
7.84053e-07,-5.67391e-07,1,
-0.293406,0.955988,7.71538e-07,
-0.955988,-0.293406,5.92347e-07,
7.92651e-07,-5.63783e-07,1,
-0.3026,0.953118,7.7627e-07,
-0.953118,-0.3026,5.94198e-07,
8.0124e-07,-5.60072e-07,1,
-0.311766,0.950159,7.81006e-07,
-0.950159,-0.311766,5.96035e-07,
8.09819e-07,-5.56256e-07,1,
-0.320904,0.947112,7.85748e-07,
-0.947112,-0.320904,5.97859e-07,
8.18388e-07,-5.52336e-07,1,
-0.330011,0.943977,7.90494e-07,
-0.943977,-0.330011,5.99668e-07,
8.26945e-07,-5.48311e-07,1,
-0.339088,0.940755,7.95247e-07,
-0.940755,-0.339088,6.01465e-07,
8.35489e-07,-5.44183e-07,1,
-0.348133,0.937445,8.00004e-07,
-0.937445,-0.348133,6.03247e-07,
8.44019e-07,-5.39949e-07,1,
-0.357146,0.934048,8.04766e-07,
-0.934048,-0.357146,6.05016e-07,
8.52533e-07,-5.35612e-07,1,
-0.366126,0.930565,8.09534e-07,
-0.930565,-0.366126,6.0677e-07,
8.61031e-07,-5.31169e-07,1,
-0.375072,0.926996,8.14306e-07,
-0.926996,-0.375072,6.08511e-07,
8.69511e-07,-5.26623e-07,1,
-0.383983,0.92334,8.19084e-07,
-0.92334,-0.383983,6.10239e-07,
8.77972e-07,-5.21972e-07,1,
-0.392859,0.919599,8.23867e-07,
-0.919599,-0.392859,6.11952e-07,
8.86414e-07,-5.17216e-07,1,
-0.401698,0.915772,8.28654e-07,
-0.915772,-0.401698,6.13652e-07,
8.94834e-07,-5.12356e-07,1,
-0.4105,0.911861,8.33446e-07,
-0.911861,-0.4105,6.15337e-07,
9.03232e-07,-5.07391e-07,1,
-0.419264,0.907865,8.38244e-07,
-0.907865,-0.419264,6.17009e-07,
9.11606e-07,-5.02322e-07,1,
-0.427988,0.903784,8.43046e-07,
-0.903784,-0.427988,6.18667e-07,
9.19956e-07,-4.97149e-07,1,
-0.436674,0.89962,8.47853e-07,
-0.89962,-0.436674,6.20311e-07,
9.28279e-07,-4.91872e-07,1,
-0.445318,0.895372,8.52664e-07,
-0.895372,-0.445318,6.21942e-07,
9.36576e-07,-4.8649e-07,1,
-0.453922,0.891042,8.5748e-07,
-0.891042,-0.453922,6.23558e-07,
9.44845e-07,-4.81004e-07,1,
-0.462483,0.886628,8.62301e-07,
-0.886628,-0.462483,6.2516e-07,
9.53084e-07,-4.75415e-07,1,
-0.471001,0.882133,8.67127e-07,
-0.882133,-0.471001,6.26749e-07,
9.61293e-07,-4.69722e-07,1,
-0.479476,0.877555,8.71957e-07,
-0.877555,-0.479476,6.28323e-07,
9.6947e-07,-4.63925e-07,1,
-0.487906,0.872896,8.76792e-07,
-0.872896,-0.487906,6.29884e-07,
9.77615e-07,-4.58024e-07,1,
-0.496291,0.868156,8.81631e-07,
-0.868156,-0.496291,6.3143e-07,
9.85725e-07,-4.5202e-07,1,
-0.50463,0.863336,8.86474e-07,
-0.863336,-0.50463,6.32963e-07,
9.938e-07,-4.45913e-07,1,
-0.512922,0.858435,8.91322e-07,
-0.858435,-0.512922,6.34481e-07,
1.00184e-06,-4.39704e-07,1,
-0.521166,0.853455,8.96175e-07,
-0.853455,-0.521166,6.35986e-07,
1.00984e-06,-4.33391e-07,1,
-0.529362,0.848396,9.01031e-07,
-0.848396,-0.529362,6.37476e-07,
1.0178e-06,-4.26976e-07,1,
-0.537509,0.843258,9.05892e-07,
-0.843258,-0.537509,6.38953e-07,
1.02573e-06,-4.20458e-07,1,
-0.545606,0.838042,9.10757e-07,
-0.838042,-0.545606,6.40415e-07,
1.03361e-06,-4.13838e-07,1,
-0.553653,0.832748,9.15627e-07,
-0.832748,-0.553653,6.41863e-07,
1.04145e-06,-4.07117e-07,1,
-0.561648,0.827376,9.205e-07,
-0.827376,-0.561648,6.43297e-07,
1.04925e-06,-4.00294e-07,1,
-0.569591,0.821928,9.25378e-07,
-0.821928,-0.569591,6.44717e-07,
1.057e-06,-3.93369e-07,1,
-0.577481,0.816404,9.3026e-07,
-0.816404,-0.577481,6.46123e-07,
1.06471e-06,-3.86344e-07,1,
-0.585318,0.810804,9.35146e-07,
-0.810804,-0.585318,6.47515e-07,
1.07237e-06,-3.79218e-07,1,
-0.5931,0.805129,9.40036e-07,
-0.805129,-0.5931,6.48893e-07,
1.07998e-06,-3.71991e-07,1,
-0.600827,0.799379,9.44929e-07,
-0.799379,-0.600827,6.50257e-07,
1.08754e-06,-3.64665e-07,1,
-0.608499,0.793555,9.49827e-07,
-0.793555,-0.608499,6.51606e-07,
1.09505e-06,-3.57238e-07,1,
-0.616114,0.787657,9.54729e-07,
-0.787657,-0.616114,6.52942e-07,
1.10252e-06,-3.49713e-07,1,
-0.623672,0.781686,9.59634e-07,
-0.781686,-0.623672,6.54263e-07,
1.10992e-06,-3.42088e-07,1,
-0.631172,0.775643,9.64543e-07,
-0.775643,-0.631172,6.5557e-07,
1.11728e-06,-3.34364e-07,1,
-0.638613,0.769528,9.69456e-07,
-0.769528,-0.638613,6.56862e-07,
1.12458e-06,-3.26543e-07,1,
-0.645995,0.763341,9.74373e-07,
-0.763341,-0.645995,6.58141e-07,
1.13183e-06,-3.18623e-07,1,
-0.653318,0.757084,9.79293e-07,
-0.757084,-0.653318,6.59405e-07,
1.13901e-06,-3.10606e-07,1,
-0.660579,0.750756,9.84217e-07,
-0.750756,-0.660579,6.60655e-07,
1.14614e-06,-3.02492e-07,1,
-0.66778,0.744359,9.89145e-07,
-0.744359,-0.66778,6.61891e-07,
1.15322e-06,-2.94281e-07,1,
-0.674918,0.737892,9.94076e-07,
-0.737892,-0.674918,6.63113e-07,
1.16023e-06,-2.85974e-07,1,
-0.681994,0.731358,9.99011e-07,
-0.731358,-0.681994,6.6432e-07,
1.16718e-06,-2.77572e-07,1,
-0.689007,0.724755,1.00395e-06,
-0.724755,-0.689007,6.65513e-07,
1.17406e-06,-2.69074e-07,1,
-0.695956,0.718085,1.00889e-06,
-0.718085,-0.695956,6.66692e-07,
1.18088e-06,-2.60481e-07,1,
-0.70284,0.711348,1.01384e-06,
-0.711348,-0.70284,6.67856e-07,
1.18764e-06,-2.51794e-07,1,
-0.709659,0.704546,1.01878e-06,
-0.704546,-0.709659,6.69007e-07,
1.19433e-06,-2.43013e-07,1,
-0.716412,0.697678,1.02374e-06,
-0.697678,-0.716412,6.70143e-07,
1.20096e-06,-2.3414e-07,1,
-0.723098,0.690745,1.02869e-06,
-0.690745,-0.723098,6.71264e-07,
1.20752e-06,-2.25173e-07,1,
-0.729718,0.683748,1.03365e-06,
-0.683748,-0.729718,6.72371e-07,
1.214e-06,-2.16114e-07,1,
-0.73627,0.676688,1.03861e-06,
-0.676688,-0.73627,6.73464e-07,
1.22042e-06,-2.06964e-07,1,
-0.742753,0.669565,1.04357e-06,
-0.669565,-0.742753,6.74543e-07,
1.22677e-06,-1.97722e-07,1,
-0.749168,0.66238,1.04854e-06,
-0.66238,-0.749168,6.75607e-07,
1.23304e-06,-1.8839e-07,1,
-0.755513,0.655134,1.05351e-06,
-0.655134,-0.755513,6.76657e-07,
1.23924e-06,-1.78968e-07,1,
-0.761788,0.647826,1.05849e-06,
-0.647826,-0.761788,6.77692e-07,
1.24537e-06,-1.69457e-07,1,
-0.767992,0.640459,1.06346e-06,
-0.640459,-0.767992,6.78714e-07,
1.25142e-06,-1.59857e-07,1,
-0.774125,0.633032,1.06844e-06,
-0.633032,-0.774125,6.7972e-07,
1.25739e-06,-1.50169e-07,1,
-0.780187,0.625547,1.07342e-06,
-0.625547,-0.780187,6.80713e-07,
1.26329e-06,-1.40394e-07,1,
-0.786176,0.618003,1.07841e-06,
-0.618003,-0.786176,6.8169e-07,
1.26911e-06,-1.30532e-07,1,
-0.792092,0.610402,1.0834e-06,
-0.610402,-0.792092,6.82654e-07,
1.27484e-06,-1.20584e-07,1,
-0.797934,0.602745,1.08839e-06,
-0.602745,-0.797934,6.83603e-07,
1.2805e-06,-1.1055e-07,1,
-0.803702,0.595031,1.09338e-06,
-0.595031,-0.803702,6.84538e-07,
1.28607e-06,-1.00432e-07,1,
-0.809396,0.587263,1.09838e-06,
-0.587263,-0.809396,6.85458e-07,
1.29157e-06,-9.02293e-08,1,
-0.815015,0.57944,1.10338e-06,
-0.57944,-0.815015,6.86364e-07,
1.29698e-06,-7.99434e-08,1,
-0.820558,0.571563,1.10838e-06,
-0.571563,-0.820558,6.87255e-07,
1.3023e-06,-6.95748e-08,1,
-0.826025,0.563633,1.11338e-06,
-0.563633,-0.826025,6.88132e-07,
1.30754e-06,-5.91243e-08,1,
-0.831416,0.555651,1.11839e-06,
-0.555651,-0.831416,6.88994e-07,
1.31269e-06,-4.85926e-08,1,
-0.836729,0.547617,1.1234e-06,
-0.547617,-0.836729,6.89842e-07,
1.31775e-06,-3.79805e-08,1,
-0.841965,0.539532,1.12841e-06,
-0.539532,-0.841965,6.90675e-07,
1.32272e-06,-2.72886e-08,1,
-0.847122,0.531398,1.13342e-06,
-0.531398,-0.847122,6.91494e-07,
1.32761e-06,-1.65179e-08,1,
-0.852201,0.523214,1.13844e-06,
-0.523214,-0.852201,6.92299e-07,
1.3324e-06,-5.66894e-09,1,
-0.857201,0.514981,1.14346e-06,
-0.514981,-0.857201,6.93089e-07,
1.3371e-06,5.25735e-09,1,
-0.862122,0.506701,1.14848e-06,
-0.506701,-0.862122,6.93864e-07,
1.34171e-06,1.62602e-08,1,
-0.866962,0.498374,1.1535e-06,
-0.498374,-0.866962,6.94625e-07,
1.34622e-06,2.73388e-08,1,
-0.871722,0.49,1.15853e-06,
-0.49,-0.871722,6.95371e-07,
1.35065e-06,3.84923e-08,1,
-0.876401,0.481582,1.16355e-06,
-0.481582,-0.876401,6.96103e-07,
1.35497e-06,4.972e-08,1,
-0.880999,0.473118,1.16858e-06,
-0.473118,-0.880999,6.96821e-07,
1.3592e-06,6.10208e-08,1,
-0.885515,0.46461,1.17361e-06,
-0.46461,-0.885515,6.97523e-07,
1.36333e-06,7.23941e-08,1,
-0.889949,0.45606,1.17865e-06,
-0.45606,-0.889949,6.98211e-07,
1.36736e-06,8.38389e-08,1,
-0.8943,0.447467,1.18368e-06,
-0.447467,-0.8943,6.98885e-07,
1.3713e-06,9.53544e-08,1,
-0.898569,0.438833,1.18872e-06,
-0.438833,-0.898569,6.99544e-07,
1.37513e-06,1.0694e-07,1,
-0.902754,0.430157,1.19376e-06,
-0.430157,-0.902754,7.00189e-07,
1.37886e-06,1.18594e-07,1,
-0.906855,0.421442,1.1988e-06,
-0.421442,-0.906855,7.00819e-07,
1.38249e-06,1.30316e-07,1,
-0.910872,0.412688,1.20384e-06,
-0.412688,-0.910872,7.01434e-07,
1.38602e-06,1.42105e-07,1,
-0.914805,0.403896,1.20889e-06,
-0.403896,-0.914805,7.02035e-07,
1.38945e-06,1.5396e-07,1,
-0.918653,0.395066,1.21393e-06,
-0.395066,-0.918653,7.02621e-07,
1.39277e-06,1.65881e-07,1,
-0.922415,0.386199,1.21898e-06,
-0.386199,-0.922415,7.03193e-07,
1.39598e-06,1.77866e-07,1,
-0.926092,0.377297,1.22403e-06,
-0.377297,-0.926092,7.0375e-07,
1.39909e-06,1.89914e-07,1,
-0.929683,0.36836,1.22908e-06,
-0.36836,-0.929683,7.04292e-07,
1.40209e-06,2.02024e-07,1,
-0.933188,0.359388,1.23414e-06,
-0.359388,-0.933188,7.0482e-07,
1.40498e-06,2.14196e-07,1,
-0.936606,0.350383,1.23919e-06,
-0.350383,-0.936606,7.05333e-07,
1.40777e-06,2.26429e-07,1,
-0.939938,0.341346,1.24425e-06,
-0.341346,-0.939938,7.05832e-07,
1.41045e-06,2.3872e-07,1,
-0.943182,0.332277,1.2493e-06,
-0.332277,-0.943182,7.06316e-07,
1.41301e-06,2.5107e-07,1,
-0.946339,0.323177,1.25436e-06,
-0.323177,-0.946339,7.06786e-07,
1.41547e-06,2.63478e-07,1,
-0.949407,0.314047,1.25942e-06,
-0.314047,-0.949407,7.0724e-07,
1.41781e-06,2.75942e-07,1,
-0.952388,0.304888,1.26448e-06,
-0.304888,-0.952388,7.0768e-07,
1.42004e-06,2.88461e-07,1,
-0.955281,0.295701,1.26954e-06,
-0.295701,-0.955281,7.08106e-07,
1.42216e-06,3.01035e-07,1,
-0.958084,0.286486,1.27461e-06,
-0.286486,-0.958084,7.08517e-07,
1.42416e-06,3.13662e-07,1,
-0.960799,0.277245,1.27967e-06,
-0.277245,-0.960799,7.08913e-07,
1.42605e-06,3.26341e-07,1,
-0.963425,0.267978,1.28474e-06,
-0.267978,-0.963425,7.09295e-07,
1.42782e-06,3.39071e-07,1,
-0.965962,0.258686,1.28981e-06,
-0.258686,-0.965962,7.09662e-07,
1.42948e-06,3.51851e-07,1,
-0.968408,0.24937,1.29487e-06,
-0.24937,-0.968408,7.10014e-07,
1.43102e-06,3.64681e-07,1,
-0.970765,0.240031,1.29994e-06,
-0.240031,-0.970765,7.10352e-07,
1.43245e-06,3.77558e-07,1,
-0.973032,0.23067,1.30501e-06,
-0.23067,-0.973032,7.10674e-07,
1.43375e-06,3.90482e-07,1,
-0.975209,0.221287,1.31008e-06,
-0.221287,-0.975209,7.10983e-07,
1.43494e-06,4.03452e-07,1,
-0.977295,0.211884,1.31516e-06,
-0.211884,-0.977295,7.11277e-07,
1.436e-06,4.16467e-07,1,
-0.97929,0.202461,1.32023e-06,
-0.202461,-0.97929,7.11556e-07,
1.43695e-06,4.29525e-07,1,
-0.981195,0.193019,1.3253e-06,
-0.193019,-0.981195,7.1182e-07,
1.43777e-06,4.42625e-07,1,
-0.983009,0.18356,1.33038e-06,
-0.18356,-0.983009,7.1207e-07,
1.43848e-06,4.55767e-07,1,
-0.984731,0.174083,1.33545e-06,
-0.174083,-0.984731,7.12305e-07,
1.43906e-06,4.68949e-07,1,
-0.986362,0.16459,1.34053e-06,
-0.16459,-0.986362,7.12525e-07,
1.43952e-06,4.8217e-07,1,
-0.987902,0.155082,1.3456e-06,
-0.155082,-0.987902,7.12731e-07,
1.43985e-06,4.95429e-07,1,
-0.989349,0.14556,1.35068e-06,
-0.14556,-0.989349,7.12922e-07,
1.44007e-06,5.08724e-07,1,
-0.990706,0.136024,1.35576e-06,
-0.136024,-0.990706,7.13098e-07,
1.44015e-06,5.22055e-07,1,
-0.99197,0.126476,1.36083e-06,
-0.126476,-0.99197,7.1326e-07,
1.44011e-06,5.3542e-07,1,
-0.993142,0.116915,1.36591e-06,
-0.116915,-0.993142,7.13407e-07,
1.43995e-06,5.48818e-07,1,
-0.994222,0.107344,1.37099e-06,
-0.107344,-0.994222,7.13539e-07,
1.43966e-06,5.62248e-07,1,
-0.99521,0.0977632,1.37607e-06,
-0.0977632,-0.99521,7.13656e-07,
1.43925e-06,5.75709e-07,1,
-0.996105,0.088173,1.38115e-06,
-0.088173,-0.996105,7.13759e-07,
1.4387e-06,5.89199e-07,1,
-0.996908,0.0785747,1.38623e-06,
-0.0785747,-0.996908,7.13848e-07,
1.43803e-06,6.02718e-07,1,
-0.997619,0.0689691,1.39131e-06,
-0.0689691,-0.997619,7.13921e-07,
1.43723e-06,6.16264e-07,1,
-0.998237,0.0593571,1.39639e-06,
-0.0593571,-0.998237,7.1398e-07,
1.4363e-06,6.29836e-07,1,
-0.998762,0.0497396,1.40147e-06,
-0.0497396,-0.998762,7.14024e-07,
1.43525e-06,6.43432e-07,1,
-0.999195,0.0401175,1.40655e-06,
-0.0401175,-0.999195,7.14054e-07,
1.43406e-06,6.57052e-07,1,
-0.999535,0.0304917,1.41163e-06,
-0.0304917,-0.999535,7.14069e-07,
1.43274e-06,6.70694e-07,1,
-0.999782,0.020863,1.41671e-06,
-0.020863,-0.999782,7.14069e-07,
1.4313e-06,6.84356e-07,1,
-0.999937,0.0112324,1.42179e-06,
-0.0112324,-0.999937,7.14054e-07,
1.42972e-06,6.98039e-07,1,
-0.999999,0.00160079,1.42687e-06,
-0.00160079,-0.999999,7.14025e-07,
1.42801e-06,7.1174e-07,1,
-0.999968,-0.008031,1.43195e-06,
0.008031,-0.999968,7.13981e-07,
1.42617e-06,7.25458e-07,1,
-0.999844,-0.017662,1.43703e-06,
0.017662,-0.999844,7.13922e-07,
1.42419e-06,7.39192e-07,1,
-0.999628,-0.0272915,1.44211e-06,
0.0272915,-0.999628,7.13849e-07,
1.42209e-06,7.5294e-07,1,
-0.999318,-0.0369183,1.44719e-06,
0.0369183,-0.999318,7.13761e-07,
1.41985e-06,7.66702e-07,1,
-0.998916,-0.0465418,1.45227e-06,
0.0465418,-0.998916,7.13658e-07,
1.41748e-06,7.80476e-07,1,
-0.998422,-0.0561609,1.45734e-06,
0.0561609,-0.998422,7.13541e-07,
1.41497e-06,7.94261e-07,1,
-0.997834,-0.0657748,1.46242e-06,
0.0657748,-0.997834,7.13409e-07,
1.41233e-06,8.08055e-07,1,
-0.997155,-0.0753826,1.4675e-06,
0.0753826,-0.997155,7.13262e-07,
1.40956e-06,8.21857e-07,1,
-0.996382,-0.0849835,1.47258e-06,
0.0849835,-0.996382,7.13101e-07,
1.40665e-06,8.35666e-07,1,
-0.995518,-0.0945764,1.47766e-06,
0.0945764,-0.995518,7.12925e-07,
1.40361e-06,8.49481e-07,1,
-0.99456,-0.104161,1.48273e-06,
0.104161,-0.99456,7.12734e-07,
1.40043e-06,8.633e-07,1,
-0.993511,-0.113735,1.48781e-06,
0.113735,-0.993511,7.12529e-07,
1.39711e-06,8.77121e-07,1,
-0.99237,-0.123299,1.49288e-06,
0.123299,-0.99237,7.12309e-07,
1.39367e-06,8.90945e-07,1,
-0.991136,-0.132852,1.49796e-06,
0.132852,-0.991136,7.12074e-07,
1.39008e-06,9.04768e-07,1,
-0.98981,-0.142392,1.50303e-06,
0.142392,-0.98981,7.11825e-07,
1.38636e-06,9.18591e-07,1,
-0.988393,-0.151919,1.50811e-06,
0.151919,-0.988393,7.1156e-07,
1.3825e-06,9.32411e-07,1,
-0.986884,-0.161432,1.51318e-06,
0.161432,-0.986884,7.11282e-07,
1.37851e-06,9.46227e-07,1,
-0.985283,-0.17093,1.51825e-06,
0.17093,-0.985283,7.10988e-07,
1.37438e-06,9.60039e-07,1,
-0.983591,-0.180412,1.52332e-06,
0.180412,-0.983591,7.1068e-07,
1.37011e-06,9.73844e-07,1,
-0.981808,-0.189877,1.52839e-06,
0.189877,-0.981808,7.10358e-07,
1.36571e-06,9.87641e-07,1,
-0.979934,-0.199325,1.53346e-06,
0.199325,-0.979934,7.1002e-07,
1.36117e-06,1.00143e-06,1,
-0.977968,-0.208754,1.53853e-06,
0.208754,-0.977968,7.09668e-07,
1.35649e-06,1.01521e-06,1,
-0.975912,-0.218164,1.5436e-06,
0.218164,-0.975912,7.09301e-07,
1.35167e-06,1.02897e-06,1,
-0.973766,-0.227553,1.54866e-06,
0.227553,-0.973766,7.0892e-07,
1.34672e-06,1.04272e-06,1,
-0.971529,-0.236922,1.55373e-06,
0.236922,-0.971529,7.08524e-07,
1.34162e-06,1.05646e-06,1,
-0.969202,-0.246268,1.55879e-06,
0.246268,-0.969202,7.08114e-07,
1.3364e-06,1.07019e-06,1,
-0.966785,-0.255592,1.56385e-06,
0.255592,-0.966785,7.07688e-07,
1.33103e-06,1.08389e-06,1,
-0.964278,-0.264892,1.56891e-06,
0.264892,-0.964278,7.07248e-07,
1.32552e-06,1.09758e-06,1,
-0.961682,-0.274167,1.57397e-06,
0.274167,-0.961682,7.06794e-07,
1.31988e-06,1.11124e-06,1,
-0.958997,-0.283417,1.57903e-06,
0.283417,-0.958997,7.06325e-07,
1.3141e-06,1.12489e-06,1,
-0.956222,-0.292641,1.58409e-06,
0.292641,-0.956222,7.05841e-07,
1.30818e-06,1.13851e-06,1,
-0.953359,-0.301837,1.58914e-06,
0.301837,-0.953359,7.05343e-07,
1.30213e-06,1.15211e-06,1,
-0.950408,-0.311006,1.5942e-06,
0.311006,-0.950408,7.0483e-07,
1.29593e-06,1.16568e-06,1,
-0.947368,-0.320145,1.59925e-06,
0.320145,-0.947368,7.04302e-07,
1.2896e-06,1.17923e-06,1,
-0.944241,-0.329255,1.6043e-06,
0.329255,-0.944241,7.0376e-07,
1.28313e-06,1.19274e-06,1,
-0.941026,-0.338335,1.60935e-06,
0.338335,-0.941026,7.03203e-07,
1.27652e-06,1.20623e-06,1,
-0.937723,-0.347383,1.6144e-06,
0.347383,-0.937723,7.02632e-07,
1.26978e-06,1.21969e-06,1,
-0.934334,-0.356399,1.61945e-06,
0.356399,-0.934334,7.02046e-07,
1.2629e-06,1.23311e-06,1,
-0.930858,-0.365381,1.62449e-06,
0.365381,-0.930858,7.01445e-07,
1.25588e-06,1.2465e-06,1,
-0.927296,-0.37433,1.62953e-06,
0.37433,-0.927296,7.0083e-07,
1.24872e-06,1.25986e-06,1,
-0.923647,-0.383244,1.63458e-06,
0.383244,-0.923647,7.002e-07,
1.24142e-06,1.27318e-06,1,
-0.919913,-0.392123,1.63961e-06,
0.392123,-0.919913,6.99556e-07,
1.23399e-06,1.28646e-06,1,
-0.916093,-0.400965,1.64465e-06,
0.400965,-0.916093,6.98897e-07,
1.22642e-06,1.2997e-06,1,
-0.912189,-0.40977,1.64969e-06,
0.40977,-0.912189,6.98224e-07,
1.21872e-06,1.3129e-06,1,
-0.9082,-0.418537,1.65472e-06,
0.418537,-0.9082,6.97536e-07,
1.21087e-06,1.32606e-06,1,
-0.904126,-0.427265,1.65975e-06,
0.427265,-0.904126,6.96833e-07,
1.20289e-06,1.33918e-06,1,
-0.899969,-0.435953,1.66478e-06,
0.435953,-0.899969,6.96116e-07,
1.19478e-06,1.35225e-06,1,
-0.895728,-0.444601,1.66981e-06,
0.444601,-0.895728,6.95385e-07,
1.18653e-06,1.36528e-06,1,
-0.891405,-0.453208,1.67483e-06,
0.453208,-0.891405,6.94639e-07,
1.17814e-06,1.37825e-06,1,
-0.886998,-0.461773,1.67986e-06,
0.461773,-0.886998,6.93878e-07,
1.16962e-06,1.39118e-06,1,
-0.882509,-0.470295,1.68488e-06,
0.470295,-0.882509,6.93103e-07,
1.16096e-06,1.40406e-06,1,
-0.877939,-0.478773,1.6899e-06,
0.478773,-0.877939,6.92313e-07,
1.15216e-06,1.41689e-06,1,
-0.873286,-0.487207,1.69491e-06,
0.487207,-0.873286,6.91509e-07,
1.14324e-06,1.42966e-06,1,
-0.868553,-0.495596,1.69993e-06,
0.495596,-0.868553,6.9069e-07,
1.13417e-06,1.44238e-06,1,
-0.86374,-0.503938,1.70494e-06,
0.503938,-0.86374,6.89857e-07,
1.12498e-06,1.45504e-06,1,
-0.858846,-0.512234,1.70995e-06,
0.512234,-0.858846,6.8901e-07,
1.11565e-06,1.46765e-06,1,
-0.853872,-0.520483,1.71495e-06,
0.520483,-0.853872,6.88148e-07,
1.10618e-06,1.48019e-06,1,
-0.848819,-0.528683,1.71996e-06,
0.528683,-0.848819,6.87271e-07,
1.09658e-06,1.49268e-06,1,
-0.843688,-0.536834,1.72496e-06,
0.536834,-0.843688,6.8638e-07,
1.08685e-06,1.50511e-06,1,
-0.838478,-0.544935,1.72996e-06,
0.544935,-0.838478,6.85474e-07,
1.07699e-06,1.51747e-06,1,
-0.833191,-0.552986,1.73495e-06,
0.552986,-0.833191,6.84555e-07,
1.067e-06,1.52977e-06,1,
-0.827826,-0.560985,1.73995e-06,
0.560985,-0.827826,6.8362e-07,
1.05687e-06,1.542e-06,1,
-0.822384,-0.568933,1.74494e-06,
0.568933,-0.822384,6.82671e-07,
1.04662e-06,1.55417e-06,1,
-0.816866,-0.576827,1.74993e-06,
0.576827,-0.816866,6.81708e-07,
1.03623e-06,1.56627e-06,1,
-0.811272,-0.584668,1.75491e-06,
0.584668,-0.811272,6.8073e-07,
1.02571e-06,1.5783e-06,1,
-0.805603,-0.592455,1.75989e-06,
0.592455,-0.805603,6.79738e-07,
1.01506e-06,1.59026e-06,1,
-0.79986,-0.600187,1.76487e-06,
0.600187,-0.79986,6.78732e-07,
1.00428e-06,1.60214e-06,1,
-0.794042,-0.607863,1.76985e-06,
0.607863,-0.794042,6.77711e-07,
9.93379e-07,1.61396e-06,1,
-0.78815,-0.615483,1.77482e-06,
0.615483,-0.78815,6.76676e-07,
9.82345e-07,1.6257e-06,1,
-0.782185,-0.623046,1.77979e-06,
0.623046,-0.782185,6.75626e-07,
9.71183e-07,1.63736e-06,1,
-0.776148,-0.630551,1.78476e-06,
0.630551,-0.776148,6.74562e-07,
9.59894e-07,1.64894e-06,1,
-0.770039,-0.637997,1.78973e-06,
0.637997,-0.770039,6.73484e-07,
9.48478e-07,1.66045e-06,1,
-0.763858,-0.645384,1.79469e-06,
0.645384,-0.763858,6.72391e-07,
9.36936e-07,1.67187e-06,1,
-0.757606,-0.652712,1.79965e-06,
0.652712,-0.757606,6.71284e-07,
9.25268e-07,1.68322e-06,1,
-0.751285,-0.659978,1.8046e-06,
0.659978,-0.751285,6.70163e-07,
9.13476e-07,1.69448e-06,1,
-0.744893,-0.667184,1.80955e-06,
0.667184,-0.744893,6.69027e-07,
9.01559e-07,1.70566e-06,1,
-0.738432,-0.674328,1.8145e-06,
0.674328,-0.738432,6.67878e-07,
8.89518e-07,1.71675e-06,1,
-0.731903,-0.681409,1.81945e-06,
0.681409,-0.731903,6.66713e-07,
8.77354e-07,1.72776e-06,1,
-0.725306,-0.688427,1.82439e-06,
0.688427,-0.725306,6.65535e-07,
8.65067e-07,1.73867e-06,1,
-0.718642,-0.695381,1.82933e-06,
0.695381,-0.718642,6.64342e-07,
8.52659e-07,1.7495e-06,1,
-0.711911,-0.70227,1.83426e-06,
0.70227,-0.711911,6.63135e-07,
8.4013e-07,1.76024e-06,1,
-0.705114,-0.709094,1.83919e-06,
0.709094,-0.705114,6.61913e-07,
8.2748e-07,1.77088e-06,1,
-0.698251,-0.715853,1.84412e-06,
0.715853,-0.698251,6.60678e-07,
8.1471e-07,1.78144e-06,1,
-0.691324,-0.722545,1.84904e-06,
0.722545,-0.691324,6.59428e-07,
8.01821e-07,1.7919e-06,1,
-0.684332,-0.72917,1.85396e-06,
0.72917,-0.684332,6.58164e-07,
7.88814e-07,1.80226e-06,1,
-0.677277,-0.735728,1.85888e-06,
0.735728,-0.677277,6.56886e-07,
7.75689e-07,1.81252e-06,1,
-0.67016,-0.742217,1.86379e-06,
0.742217,-0.67016,6.55593e-07,
7.62447e-07,1.82269e-06,1,
-0.66298,-0.748637,1.8687e-06,
0.748637,-0.66298,6.54287e-07,
7.49089e-07,1.83276e-06,1,
-0.655738,-0.754988,1.87361e-06,
0.754988,-0.655738,6.52966e-07,
7.35615e-07,1.84273e-06,1,
-0.648436,-0.761269,1.87851e-06,
0.761269,-0.648436,6.51631e-07,
7.22027e-07,1.85259e-06,1,
-0.641074,-0.767479,1.88341e-06,
0.767479,-0.641074,6.50281e-07,
7.08326e-07,1.86236e-06,1,
-0.633652,-0.773618,1.8883e-06,
0.773618,-0.633652,6.48918e-07,
6.94511e-07,1.87201e-06,1,
-0.626171,-0.779686,1.89319e-06,
0.779686,-0.626171,6.47541e-07,
6.80584e-07,1.88157e-06,1,
-0.618632,-0.785681,1.89808e-06,
0.785681,-0.618632,6.46149e-07,
6.66545e-07,1.89101e-06,1,
-0.611036,-0.791603,1.90296e-06,
0.791603,-0.611036,6.44743e-07,
6.52397e-07,1.90035e-06,1,
-0.603383,-0.797451,1.90784e-06,
0.797451,-0.603383,6.43323e-07,
6.38138e-07,1.90958e-06,1,
-0.595674,-0.803226,1.91271e-06,
0.803226,-0.595674,6.41889e-07,
6.23771e-07,1.9187e-06,1,
-0.58791,-0.808926,1.91758e-06,
0.808926,-0.58791,6.40441e-07,
6.09296e-07,1.9277e-06,1,
-0.580092,-0.814551,1.92245e-06,
0.814551,-0.580092,6.38979e-07,
5.94714e-07,1.9366e-06,1,
-0.572219,-0.820101,1.92731e-06,
0.820101,-0.572219,6.37503e-07,
5.80025e-07,1.94538e-06,1,
-0.564294,-0.825574,1.93216e-06,
0.825574,-0.564294,6.36013e-07,
5.65232e-07,1.95404e-06,1,
-0.556316,-0.830971,1.93702e-06,
0.830971,-0.556316,6.34509e-07,
5.50335e-07,1.96259e-06,1,
-0.548286,-0.836291,1.94186e-06,
0.836291,-0.548286,6.3299e-07,
5.35334e-07,1.97102e-06,1,
-0.540206,-0.841533,1.94671e-06,
0.841533,-0.540206,6.31458e-07,
5.20231e-07,1.97934e-06,1,
-0.532076,-0.846697,1.95155e-06,
0.846697,-0.532076,6.29912e-07,
5.05026e-07,1.98753e-06,1,
-0.523896,-0.851782,1.95638e-06,
0.851782,-0.523896,6.28352e-07,
4.89721e-07,1.9956e-06,1,
-0.515667,-0.856789,1.96121e-06,
0.856789,-0.515667,6.26777e-07,
4.74317e-07,2.00355e-06,1,
-0.507391,-0.861716,1.96604e-06,
0.861716,-0.507391,6.25189e-07,
4.58814e-07,2.01138e-06,1,
-0.499068,-0.866563,1.97086e-06,
0.866563,-0.499068,6.23587e-07,
4.43214e-07,2.01909e-06,1,
-0.490698,-0.87133,1.97567e-06,
0.87133,-0.490698,6.21971e-07,
4.27518e-07,2.02666e-06,1,
-0.482283,-0.876016,1.98049e-06,
0.876016,-0.482283,6.20341e-07,
4.11726e-07,2.03412e-06,1,
