1,0,0,
0,1,0,
0,0,1,
1,-1.91965e-09,-0.000134629,
1.91973e-09,1,5.76005e-10,
0.000134629,-5.76263e-10,1,
1,-3.83923e-09,-0.000269258,
3.83954e-09,1,1.15193e-09,
0.000269258,-1.15297e-09,1,
1,-5.75873e-09,-0.000403886,
5.75943e-09,1,1.72778e-09,
0.000403886,-1.73011e-09,1,
1,-7.67815e-09,-0.000538515,
7.67939e-09,1,2.30355e-09,
0.000538515,-2.30769e-09,1,
1,-9.59749e-09,-0.000673144,
9.59943e-09,1,2.87925e-09,
0.000673144,-2.88571e-09,1,
1,-1.15168e-08,-0.000807773,
1.15196e-08,1,3.45486e-09,
0.000807773,-3.46417e-09,1,
1,-1.34359e-08,-0.000942402,
1.34398e-08,1,4.0304e-09,
0.000942402,-4.04307e-09,1,
0.999999,-1.53551e-08,-0.00107703,
1.536e-08,1,4.60587e-09,
0.00107703,-4.62241e-09,0.999999,
0.999999,-1.72741e-08,-0.00121166,
1.72804e-08,1,5.18125e-09,
0.00121166,-5.20218e-09,0.999999,
0.999999,-1.9193e-08,-0.00134629,
1.92008e-08,1,5.75656e-09,
0.00134629,-5.7824e-09,0.999999,
0.999999,-2.11119e-08,-0.00148092,
2.11213e-08,1,6.33178e-09,
0.00148092,-6.36306e-09,0.999999,
0.999999,-2.30307e-08,-0.00161555,
2.30419e-08,1,6.90694e-09,
0.00161555,-6.94415e-09,0.999999,
0.999998,-2.49494e-08,-0.00175017,
2.49626e-08,1,7.48201e-09,
0.00175017,-7.52569e-09,0.999998,
0.999998,-2.68681e-08,-0.0018848,
2.68833e-08,1,8.057e-09,
0.0018848,-8.10766e-09,0.999998,
0.999998,-2.87866e-08,-0.00201943,
2.88041e-08,1,8.63192e-09,
0.00201943,-8.69007e-09,0.999998,
0.999998,-3.07051e-08,-0.00215406,
3.0725e-08,1,9.20676e-09,
0.00215406,-9.27292e-09,0.999998,
0.999997,-3.26235e-08,-0.00228869,
3.2646e-08,1,9.78152e-09,
0.00228869,-9.85622e-09,0.999997,
0.999997,-3.45418e-08,-0.00242332,
3.4567e-08,1,1.03562e-08,
0.00242332,-1.04399e-08,0.999997,
0.999997,-3.64601e-08,-0.00255794,
3.64882e-08,1,1.09308e-08,
0.00255794,-1.10241e-08,0.999997,
0.999996,-3.83782e-08,-0.00269257,
3.84094e-08,1,1.15053e-08,
0.00269257,-1.16087e-08,0.999996,
0.999996,-4.02963e-08,-0.0028272,
4.03306e-08,1,1.20798e-08,
0.0028272,-1.21938e-08,0.999996,
0.999996,-4.22143e-08,-0.00296183,
4.2252e-08,1,1.26542e-08,
0.00296183,-1.27793e-08,0.999996,
0.999995,-4.41323e-08,-0.00309646,
4.41734e-08,1,1.32285e-08,
0.00309646,-1.33652e-08,0.999995,
0.999995,-4.60501e-08,-0.00323109,
4.6095e-08,1,1.38027e-08,
0.00323109,-1.39515e-08,0.999995,
0.999994,-4.79679e-08,-0.00336571,
4.80165e-08,1,1.43768e-08,
0.00336571,-1.45384e-08,0.999994,
0.999994,-4.98856e-08,-0.00350034,
4.99382e-08,1,1.49509e-08,
0.00350034,-1.51256e-08,0.999994,
0.999993,-5.18032e-08,-0.00363497,
5.186e-08,1,1.55249e-08,
0.00363497,-1.57133e-08,0.999993,
0.999993,-5.37207e-08,-0.0037696,
5.37818e-08,1,1.60988e-08,
0.0037696,-1.63014e-08,0.999993,
0.999992,-5.56382e-08,-0.00390423,
5.57037e-08,1,1.66726e-08,
0.00390423,-1.689e-08,0.999992,
0.999992,-5.75555e-08,-0.00403885,
5.76257e-08,1,1.72464e-08,
0.00403885,-1.7479e-08,0.999992,
0.999991,-5.94728e-08,-0.00417348,
5.95477e-08,1,1.782e-08,
0.00417348,-1.80684e-08,0.999991,
0.999991,-6.139e-08,-0.00430811,
6.14698e-08,1,1.83936e-08,
0.00430811,-1.86583e-08,0.999991,
0.99999,-6.33072e-08,-0.00444274,
6.33921e-08,1,1.89671e-08,
0.00444274,-1.92486e-08,0.99999,
0.99999,-6.52242e-08,-0.00457736,
6.53143e-08,1,1.95406e-08,
0.00457736,-1.98393e-08,0.99999,
0.999989,-6.71412e-08,-0.00471199,
6.72367e-08,1,2.01139e-08,
0.00471199,-2.04305e-08,0.999989,
0.999988,-6.90581e-08,-0.00484662,
6.91591e-08,1,2.06872e-08,
0.00484662,-2.10222e-08,0.999988,
0.999988,-7.09749e-08,-0.00498125,
7.10817e-08,1,2.12604e-08,
0.00498125,-2.16142e-08,0.999988,
0.999987,-7.28916e-08,-0.00511587,
7.30043e-08,1,2.18336e-08,
0.00511587,-2.22068e-08,0.999987,
0.999986,-7.48083e-08,-0.0052505,
7.49269e-08,1,2.24066e-08,
0.0052505,-2.27997e-08,0.999986,
0.999986,-7.67248e-08,-0.00538513,
7.68497e-08,1,2.29796e-08,
0.00538513,-2.33931e-08,0.999986,
0.999985,-7.86413e-08,-0.00551975,
7.87725e-08,1,2.35525e-08,
0.00551975,-2.39869e-08,0.999985,
0.999984,-8.05577e-08,-0.00565438,
8.06954e-08,1,2.41253e-08,
0.00565438,-2.45812e-08,0.999984,
0.999983,-8.2474e-08,-0.00578901,
8.26184e-08,1,2.4698e-08,
0.00578901,-2.51759e-08,0.999983,
0.999982,-8.43903e-08,-0.00592363,
8.45414e-08,1,2.52707e-08,
0.00592363,-2.5771e-08,0.999982,
0.999982,-8.63064e-08,-0.00605826,
8.64646e-08,1,2.58433e-08,
0.00605826,-2.63666e-08,0.999982,
0.999981,-8.82225e-08,-0.00619289,
8.83878e-08,1,2.64158e-08,
0.00619289,-2.69626e-08,0.999981,
0.99998,-9.01385e-08,-0.00632751,
9.03111e-08,1,2.69882e-08,
0.00632751,-2.75591e-08,0.99998,
0.999979,-9.20544e-08,-0.00646214,
9.22345e-08,1,2.75605e-08,
0.00646214,-2.8156e-08,0.999979,
0.999978,-9.39703e-08,-0.00659676,
9.41579e-08,1,2.81328e-08,
0.00659676,-2.87533e-08,0.999978,
0.999977,-9.5886e-08,-0.00673139,
9.60814e-08,1,2.8705e-08,
0.00673139,-2.93511e-08,0.999977,
0.999976,-9.78017e-08,-0.00686602,
9.8005e-08,1,2.92771e-08,
0.00686602,-2.99493e-08,0.999976,
0.999975,-9.97173e-08,-0.00700064,
9.99287e-08,1,2.98492e-08,
0.00700064,-3.0548e-08,0.999975,
0.999975,-1.01633e-07,-0.00713527,
1.01852e-07,1,3.04211e-08,
0.00713527,-3.11471e-08,0.999975,
0.999974,-1.03548e-07,-0.00726989,
1.03776e-07,1,3.0993e-08,
0.00726989,-3.17466e-08,0.999974,
0.999973,-1.05464e-07,-0.00740452,
1.057e-07,1,3.15648e-08,
0.00740452,-3.23466e-08,0.999973,
0.999972,-1.07379e-07,-0.00753914,
1.07624e-07,1,3.21365e-08,
0.00753914,-3.2947e-08,0.999972,
0.999971,-1.09294e-07,-0.00767377,
1.09548e-07,1,3.27082e-08,
0.00767377,-3.35478e-08,0.999971,
0.99997,-1.11209e-07,-0.00780839,
1.11472e-07,1,3.32797e-08,
0.00780839,-3.41491e-08,0.99997,
0.999968,-1.13124e-07,-0.00794302,
1.13397e-07,1,3.38512e-08,
0.00794302,-3.47509e-08,0.999968,
0.999967,-1.15039e-07,-0.00807764,
1.15321e-07,1,3.44226e-08,
0.00807764,-3.5353e-08,0.999967,
0.999966,-1.16954e-07,-0.00821227,
1.17245e-07,1,3.4994e-08,
0.00821227,-3.59556e-08,0.999966,
0.999965,-1.18869e-07,-0.00834689,
1.1917e-07,1,3.55652e-08,
0.00834689,-3.65587e-08,0.999965,
0.999964,-1.20783e-07,-0.00848151,
1.21094e-07,1,3.61364e-08,
0.00848151,-3.71621e-08,0.999964,
0.999963,-1.22698e-07,-0.00861614,
1.23019e-07,1,3.67075e-08,
0.00861614,-3.77661e-08,0.999963,
0.999962,-1.24612e-07,-0.00875076,
1.24943e-07,1,3.72785e-08,
0.00875076,-3.83704e-08,0.999962,
0.999961,-1.26527e-07,-0.00888539,
1.26868e-07,1,3.78494e-08,
0.00888539,-3.89752e-08,0.999961,
0.999959,-1.28441e-07,-0.00902001,
1.28793e-07,1,3.84203e-08,
0.00902001,-3.95805e-08,0.999959,
0.999958,-1.30356e-07,-0.00915463,
1.30718e-07,1,3.89911e-08,
0.00915463,-4.01861e-08,0.999958,
0.999957,-1.3227e-07,-0.00928925,
1.32643e-07,1,3.95618e-08,
0.00928925,-4.07922e-08,0.999957,
0.999956,-1.34184e-07,-0.00942388,
1.34568e-07,1,4.01324e-08,
0.00942388,-4.13988e-08,0.999956,
0.999954,-1.36098e-07,-0.0095585,
1.36493e-07,1,4.0703e-08,
0.0095585,-4.20058e-08,0.999954,
0.999953,-1.38012e-07,-0.00969312,
1.38418e-07,1,4.12734e-08,
0.00969312,-4.26132e-08,0.999953,
0.999952,-1.39926e-07,-0.00982775,
1.40344e-07,1,4.18438e-08,
0.00982775,-4.32211e-08,0.999952,
0.99995,-1.41839e-07,-0.00996237,
1.42269e-07,1,4.24142e-08,
0.00996237,-4.38294e-08,0.99995,
0.999949,-1.43753e-07,-0.010097,
1.44194e-07,1,4.29844e-08,
0.010097,-4.44381e-08,0.999949,
0.999948,-1.45667e-07,-0.0102316,
1.4612e-07,1,4.35545e-08,
0.0102316,-4.50473e-08,0.999948,
0.999946,-1.4758e-07,-0.0103662,
1.48046e-07,1,4.41246e-08,
0.0103662,-4.56569e-08,0.999946,
0.999945,-1.49494e-07,-0.0105009,
1.49971e-07,1,4.46946e-08,
0.0105009,-4.6267e-08,0.999945,
0.999943,-1.51407e-07,-0.0106355,
1.51897e-07,1,4.52645e-08,
0.0106355,-4.68775e-08,0.999943,
0.999942,-1.5332e-07,-0.0107701,
1.53823e-07,1,4.58344e-08,
0.0107701,-4.74884e-08,0.999942,
0.999941,-1.55233e-07,-0.0109047,
1.55749e-07,1,4.64042e-08,
0.0109047,-4.80998e-08,0.999941,
0.999939,-1.57147e-07,-0.0110393,
1.57675e-07,1,4.69738e-08,
0.0110393,-4.87116e-08,0.999939,
0.999938,-1.5906e-07,-0.011174,
1.59601e-07,1,4.75435e-08,
0.011174,-4.93239e-08,0.999938,
0.999936,-1.60972e-07,-0.0113086,
1.61527e-07,1,4.8113e-08,
0.0113086,-4.99365e-08,0.999936,
0.999935,-1.62885e-07,-0.0114432,
1.63453e-07,1,4.86824e-08,
0.0114432,-5.05497e-08,0.999935,
0.999933,-1.64798e-07,-0.0115778,
1.65379e-07,1,4.92518e-08,
0.0115778,-5.11632e-08,0.999933,
0.999931,-1.66711e-07,-0.0117124,
1.67306e-07,1,4.98211e-08,
0.0117124,-5.17772e-08,0.999931,
0.99993,-1.68623e-07,-0.0118471,
1.69232e-07,1,5.03903e-08,
0.0118471,-5.23917e-08,0.99993,
0.999928,-1.70536e-07,-0.0119817,
1.71159e-07,1,5.09595e-08,
0.0119817,-5.30066e-08,0.999928,
0.999927,-1.72448e-07,-0.0121163,
1.73085e-07,1,5.15285e-08,
0.0121163,-5.36219e-08,0.999927,
0.999925,-1.74361e-07,-0.0122509,
1.75012e-07,1,5.20975e-08,
0.0122509,-5.42377e-08,0.999925,
0.999923,-1.76273e-07,-0.0123855,
1.76939e-07,1,5.26664e-08,
0.0123855,-5.48538e-08,0.999923,
0.999922,-1.78185e-07,-0.0125202,
1.78866e-07,1,5.32352e-08,
0.0125202,-5.54705e-08,0.999922,
0.99992,-1.80097e-07,-0.0126548,
1.80792e-07,1,5.3804e-08,
0.0126548,-5.60876e-08,0.99992,
0.999918,-1.82009e-07,-0.0127894,
1.82719e-07,1,5.43726e-08,
0.0127894,-5.67051e-08,0.999918,
0.999916,-1.83921e-07,-0.012924,
1.84647e-07,1,5.49412e-08,
0.012924,-5.7323e-08,0.999916,
0.999915,-1.85833e-07,-0.0130586,
1.86574e-07,1,5.55097e-08,
0.0130586,-5.79414e-08,0.999915,
0.999913,-1.87745e-07,-0.0131932,
1.88501e-07,1,5.60782e-08,
0.0131932,-5.85602e-08,0.999913,
0.999911,-1.89656e-07,-0.0133279,
1.90428e-07,1,5.66465e-08,
0.0133279,-5.91795e-08,0.999911,
0.999909,-1.91568e-07,-0.0134625,
1.92356e-07,1,5.72148e-08,
0.0134625,-5.97992e-08,0.999909,
0.999908,-1.93479e-07,-0.0135971,
1.94283e-07,1,5.7783e-08,
0.0135971,-6.04193e-08,0.999908,
0.999906,-1.95391e-07,-0.0137317,
1.9621e-07,1,5.83511e-08,
0.0137317,-6.10399e-08,0.999906,
0.999904,-1.97302e-07,-0.0138663,
1.98138e-07,1,5.89192e-08,
0.0138663,-6.16609e-08,0.999904,
0.999902,-1.99213e-07,-0.0140009,
2.00066e-07,1,5.94871e-08,
0.0140009,-6.22824e-08,0.999902,
0.9999,-2.01124e-07,-0.0141356,
2.01993e-07,1,6.0055e-08,
0.0141356,-6.29043e-08,0.9999,
0.999898,-2.03035e-07,-0.0142702,
2.03921e-07,1,6.06228e-08,
0.0142702,-6.35266e-08,0.999898,
0.999896,-2.04946e-07,-0.0144048,
2.05849e-07,1,6.11905e-08,
0.0144048,-6.41494e-08,0.999896,
0.999894,-2.06857e-07,-0.0145394,
2.07777e-07,1,6.17582e-08,
0.0145394,-6.47726e-08,0.999894,
0.999892,-2.08768e-07,-0.014674,
2.09705e-07,1,6.23257e-08,
0.014674,-6.53962e-08,0.999892,
0.99989,-2.10679e-07,-0.0148086,
2.11633e-07,1,6.28932e-08,
0.0148086,-6.60203e-08,0.99989,
0.999888,-2.12589e-07,-0.0149432,
2.13562e-07,1,6.34606e-08,
0.0149432,-6.66448e-08,0.999888,
0.999886,-2.145e-07,-0.0150779,
2.1549e-07,1,6.4028e-08,
0.0150779,-6.72698e-08,0.999886,
0.999884,-2.1641e-07,-0.0152125,
2.17418e-07,1,6.45952e-08,
0.0152125,-6.78952e-08,0.999884,
0.999882,-2.18321e-07,-0.0153471,
2.19347e-07,1,6.51624e-08,
0.0153471,-6.8521e-08,0.999882,
0.99988,-2.20231e-07,-0.0154817,
2.21275e-07,1,6.57295e-08,
0.0154817,-6.91473e-08,0.99988,
0.999878,-2.22141e-07,-0.0156163,
2.23204e-07,1,6.62965e-08,
0.0156163,-6.9774e-08,0.999878,
0.999876,-2.24051e-07,-0.0157509,
2.25132e-07,1,6.68634e-08,
0.0157509,-7.04012e-08,0.999876,
0.999874,-2.25961e-07,-0.0158855,
2.27061e-07,1,6.74303e-08,
0.0158855,-7.10288e-08,0.999874,
0.999872,-2.27871e-07,-0.0160201,
2.2899e-07,1,6.79971e-08,
0.0160201,-7.16568e-08,0.999872,
0.99987,-2.29781e-07,-0.0161548,
2.30919e-07,1,6.85638e-08,
0.0161548,-7.22853e-08,0.99987,
0.999867,-2.31691e-07,-0.0162894,
2.32848e-07,1,6.91304e-08,
0.0162894,-7.29142e-08,0.999867,
0.999865,-2.336e-07,-0.016424,
2.34777e-07,1,6.96969e-08,
0.016424,-7.35435e-08,0.999865,
0.999863,-2.3551e-07,-0.0165586,
2.36706e-07,1,7.02634e-08,
0.0165586,-7.41733e-08,0.999863,
0.999861,-2.37419e-07,-0.0166932,
2.38635e-07,1,7.08298e-08,
0.0166932,-7.48035e-08,0.999861,
0.999858,-2.39329e-07,-0.0168278,
2.40564e-07,1,7.13961e-08,
0.0168278,-7.54342e-08,0.999858,
0.999856,-2.41238e-07,-0.0169624,
2.42494e-07,1,7.19623e-08,
0.0169624,-7.60652e-08,0.999856,
0.999854,-2.43147e-07,-0.017097,
2.44423e-07,1,7.25285e-08,
0.017097,-7.66968e-08,0.999854,
0.999852,-2.45057e-07,-0.0172316,
2.46353e-07,1,7.30945e-08,
0.0172316,-7.73287e-08,0.999852,
0.999849,-2.46966e-07,-0.0173662,
2.48282e-07,1,7.36605e-08,
0.0173662,-7.79612e-08,0.999849,
0.999847,-2.48875e-07,-0.0175009,
2.50212e-07,1,7.42264e-08,
0.0175009,-7.8594e-08,0.999847,
0.999844,-2.50783e-07,-0.0176355,
2.52142e-07,1,7.47923e-08,
0.0176355,-7.92273e-08,0.999844,
0.999842,-2.52692e-07,-0.0177701,
2.54071e-07,1,7.5358e-08,
0.0177701,-7.9861e-08,0.999842,
0.99984,-2.54601e-07,-0.0179047,
2.56001e-07,1,7.59237e-08,
0.0179047,-8.04952e-08,0.99984,
0.999837,-2.56509e-07,-0.0180393,
2.57931e-07,1,7.64893e-08,
0.0180393,-8.11297e-08,0.999837,
0.999835,-2.58418e-07,-0.0181739,
2.59861e-07,1,7.70548e-08,
0.0181739,-8.17648e-08,0.999835,
0.999832,-2.60326e-07,-0.0183085,
2.61791e-07,1,7.76203e-08,
0.0183085,-8.24003e-08,0.999832,
0.99983,-2.62235e-07,-0.0184431,
2.63722e-07,1,7.81856e-08,
0.0184431,-8.30362e-08,0.99983,
0.999827,-2.64143e-07,-0.0185777,
2.65652e-07,1,7.87509e-08,
0.0185777,-8.36725e-08,0.999827,
0.999825,-2.66051e-07,-0.0187123,
2.67582e-07,1,7.93161e-08,
0.0187123,-8.43093e-08,0.999825,
0.999822,-2.67959e-07,-0.0188469,
2.69513e-07,1,7.98812e-08,
0.0188469,-8.49465e-08,0.999822,
0.99982,-2.69867e-07,-0.0189815,
2.71443e-07,1,8.04463e-08,
0.0189815,-8.55842e-08,0.99982,
0.999817,-2.71775e-07,-0.0191161,
2.73374e-07,1,8.10112e-08,
0.0191161,-8.62223e-08,0.999817,
0.999815,-2.73683e-07,-0.0192507,
2.75304e-07,1,8.15761e-08,
0.0192507,-8.68608e-08,0.999815,
0.999812,-2.75591e-07,-0.0193853,
2.77235e-07,1,8.21409e-08,
0.0193853,-8.74998e-08,0.999812,
0.999809,-2.77498e-07,-0.0195199,
2.79166e-07,1,8.27056e-08,
0.0195199,-8.81392e-08,0.999809,
0.999807,-2.79406e-07,-0.0196545,
2.81097e-07,1,8.32703e-08,
0.0196545,-8.8779e-08,0.999807,
0.999804,-2.81313e-07,-0.0197891,
2.83028e-07,1,8.38349e-08,
0.0197891,-8.94193e-08,0.999804,
0.999802,-2.83221e-07,-0.0199237,
2.84959e-07,1,8.43994e-08,
0.0199237,-9.006e-08,0.999802,
0.999799,-2.85128e-07,-0.0200583,
2.8689e-07,1,8.49638e-08,
0.0200583,-9.07012e-08,0.999799,
0.999796,-2.87035e-07,-0.020193,
2.88821e-07,1,8.55281e-08,
0.020193,-9.13428e-08,0.999796,
0.999793,-2.88942e-07,-0.0203276,
2.90752e-07,1,8.60923e-08,
0.0203276,-9.19848e-08,0.999793,
0.999791,-2.90849e-07,-0.0204622,
2.92684e-07,1,8.66565e-08,
0.0204622,-9.26273e-08,0.999791,
0.999788,-2.92756e-07,-0.0205968,
2.94615e-07,1,8.72206e-08,
0.0205968,-9.32702e-08,0.999788,
0.999785,-2.94663e-07,-0.0207314,
2.96546e-07,1,8.77846e-08,
0.0207314,-9.39136e-08,0.999785,
0.999782,-2.9657e-07,-0.020866,
2.98478e-07,1,8.83486e-08,
0.020866,-9.45574e-08,0.999782,
0.999779,-2.98476e-07,-0.0210006,
3.0041e-07,1,8.89124e-08,
0.0210006,-9.52016e-08,0.999779,
0.999777,-3.00383e-07,-0.0211352,
3.02341e-07,1,8.94762e-08,
0.0211352,-9.58462e-08,0.999777,
0.999774,-3.02289e-07,-0.0212697,
3.04273e-07,1,9.00399e-08,
0.0212697,-9.64913e-08,0.999774,
0.999771,-3.04195e-07,-0.0214043,
3.06205e-07,1,9.06035e-08,
0.0214043,-9.71369e-08,0.999771,
0.999768,-3.06102e-07,-0.0215389,
3.08137e-07,1,9.11671e-08,
0.0215389,-9.77829e-08,0.999768,
0.999765,-3.08008e-07,-0.0216735,
3.10069e-07,1,9.17305e-08,
0.0216735,-9.84293e-08,0.999765,
0.999762,-3.09914e-07,-0.0218081,
3.12001e-07,1,9.22939e-08,
0.0218081,-9.90761e-08,0.999762,
0.999759,-3.1182e-07,-0.0219427,
3.13933e-07,1,9.28572e-08,
0.0219427,-9.97234e-08,0.999759,
0.999756,-3.13726e-07,-0.0220773,
3.15865e-07,1,9.34204e-08,
0.0220773,-1.00371e-07,0.999756,
0.999753,-3.15632e-07,-0.0222119,
3.17798e-07,1,9.39836e-08,
0.0222119,-1.01019e-07,0.999753,
0.99975,-3.17537e-07,-0.0223465,
3.1973e-07,1,9.45466e-08,
0.0223465,-1.01668e-07,0.99975,
0.999747,-3.19443e-07,-0.0224811,
3.21663e-07,1,9.51096e-08,
0.0224811,-1.02317e-07,0.999747,
0.999744,-3.21349e-07,-0.0226157,
3.23595e-07,1,9.56725e-08,
0.0226157,-1.02966e-07,0.999744,
0.999741,-3.23254e-07,-0.0227503,
3.25528e-07,1,9.62354e-08,
0.0227503,-1.03616e-07,0.999741,
0.999738,-3.25159e-07,-0.0228849,
3.2746e-07,1,9.67981e-08,
0.0228849,-1.04267e-07,0.999738,
0.999735,-3.27065e-07,-0.0230195,
3.29393e-07,1,9.73608e-08,
0.0230195,-1.04917e-07,0.999735,
0.999732,-3.2897e-07,-0.0231541,
3.31326e-07,1,9.79234e-08,
0.0231541,-1.05569e-07,0.999732,
0.999729,-3.30875e-07,-0.0232887,
3.33259e-07,1,9.84859e-08,
0.0232887,-1.0622e-07,0.999729,
0.999726,-3.3278e-07,-0.0234233,
3.35192e-07,1,9.90483e-08,
0.0234233,-1.06872e-07,0.999726,
0.999722,-3.34685e-07,-0.0235579,
3.37125e-07,1,9.96107e-08,
0.0235579,-1.07525e-07,0.999722,
0.999719,-3.3659e-07,-0.0236925,
3.39058e-07,1,1.00173e-07,
0.0236925,-1.08178e-07,0.999719,
0.999716,-3.38494e-07,-0.023827,
3.40991e-07,1,1.00735e-07,
0.023827,-1.08831e-07,0.999716,
0.999713,-3.40399e-07,-0.0239616,
3.42925e-07,1,1.01297e-07,
0.0239616,-1.09485e-07,0.999713,
0.99971,-3.42304e-07,-0.0240962,
3.44858e-07,1,1.01859e-07,
0.0240962,-1.10139e-07,0.99971,
0.999706,-3.44208e-07,-0.0242308,
3.46792e-07,1,1.02421e-07,
0.0242308,-1.10794e-07,0.999706,
0.999703,-3.46112e-07,-0.0243654,
3.48725e-07,1,1.02983e-07,
0.0243654,-1.11449e-07,0.999703,
0.9997,-3.48017e-07,-0.0245,
3.50659e-07,1,1.03545e-07,
0.0245,-1.12105e-07,0.9997,
0.999697,-3.49921e-07,-0.0246346,
3.52592e-07,1,1.04107e-07,
0.0246346,-1.12761e-07,0.999697,
0.999693,-3.51825e-07,-0.0247692,
3.54526e-07,1,1.04668e-07,
0.0247692,-1.13417e-07,0.999693,
0.99969,-3.53729e-07,-0.0249038,
3.5646e-07,1,1.0523e-07,
0.0249038,-1.14074e-07,0.99969,
0.999686,-3.55633e-07,-0.0250383,
3.58394e-07,1,1.05791e-07,
0.0250383,-1.14732e-07,0.999686,
0.999683,-3.57536e-07,-0.0251729,
3.60328e-07,1,1.06353e-07,
0.0251729,-1.15389e-07,0.999683,
0.99968,-3.5944e-07,-0.0253075,
3.62262e-07,1,1.06914e-07,
0.0253075,-1.16048e-07,0.99968,
0.999676,-3.61344e-07,-0.0254421,
3.64196e-07,1,1.07475e-07,
0.0254421,-1.16706e-07,0.999676,
0.999673,-3.63247e-07,-0.0255767,
3.6613e-07,1,1.08036e-07,
0.0255767,-1.17365e-07,0.999673,
0.999669,-3.65151e-07,-0.0257113,
3.68064e-07,1,1.08597e-07,
0.0257113,-1.18025e-07,0.999669,
0.999666,-3.67054e-07,-0.0258459,
3.69999e-07,1,1.09158e-07,
0.0258459,-1.18685e-07,0.999666,
0.999662,-3.68957e-07,-0.0259804,
3.71933e-07,1,1.09719e-07,
0.0259804,-1.19345e-07,0.999662,
0.999659,-3.7086e-07,-0.026115,
3.73868e-07,1,1.1028e-07,
0.026115,-1.20006e-07,0.999659,
0.999655,-3.72763e-07,-0.0262496,
3.75802e-07,1,1.10841e-07,
0.0262496,-1.20667e-07,0.999655,
0.999652,-3.74666e-07,-0.0263842,
3.77737e-07,1,1.11402e-07,
0.0263842,-1.21329e-07,0.999652,
0.999648,-3.76569e-07,-0.0265188,
3.79672e-07,1,1.11962e-07,
0.0265188,-1.21991e-07,0.999648,
0.999645,-3.78472e-07,-0.0266533,
3.81607e-07,1,1.12523e-07,
0.0266533,-1.22654e-07,0.999645,
0.999641,-3.80375e-07,-0.0267879,
3.83541e-07,1,1.13083e-07,
0.0267879,-1.23317e-07,0.999641,
0.999638,-3.82277e-07,-0.0269225,
3.85476e-07,1,1.13644e-07,
0.0269225,-1.2398e-07,0.999638,
0.999634,-3.8418e-07,-0.0270571,
3.87411e-07,1,1.14204e-07,
0.0270571,-1.24644e-07,0.999634,
0.99963,-3.86082e-07,-0.0271917,
3.89347e-07,1,1.14764e-07,
0.0271917,-1.25309e-07,0.99963,
0.999627,-3.87984e-07,-0.0273262,
3.91282e-07,1,1.15324e-07,
0.0273262,-1.25973e-07,0.999627,
0.999623,-3.89886e-07,-0.0274608,
3.93217e-07,1,1.15884e-07,
0.0274608,-1.26639e-07,0.999623,
0.999619,-3.91789e-07,-0.0275954,
3.95152e-07,1,1.16444e-07,
0.0275954,-1.27304e-07,0.999619,
0.999615,-3.93691e-07,-0.02773,
3.97088e-07,1,1.17004e-07,
0.02773,-1.2797e-07,0.999615,
0.999612,-3.95592e-07,-0.0278646,
3.99023e-07,1,1.17564e-07,
0.0278646,-1.28637e-07,0.999612,
0.999608,-3.97494e-07,-0.0279991,
4.00959e-07,1,1.18124e-07,
0.0279991,-1.29304e-07,0.999608,
0.999604,-3.99396e-07,-0.0281337,
4.02894e-07,1,1.18683e-07,
0.0281337,-1.29971e-07,0.999604,
0.9996,-4.01298e-07,-0.0282683,
4.0483e-07,1,1.19243e-07,
0.0282683,-1.30639e-07,0.9996,
0.999597,-4.03199e-07,-0.0284029,
4.06766e-07,1,1.19802e-07,
0.0284029,-1.31307e-07,0.999597,
0.999593,-4.05101e-07,-0.0285374,
4.08702e-07,1,1.20362e-07,
0.0285374,-1.31976e-07,0.999593,
0.999589,-4.07002e-07,-0.028672,
4.10638e-07,1,1.20921e-07,
0.028672,-1.32645e-07,0.999589,
0.999585,-4.08903e-07,-0.0288066,
4.12574e-07,1,1.2148e-07,
0.0288066,-1.33315e-07,0.999585,
0.999581,-4.10804e-07,-0.0289412,
4.1451e-07,1,1.22039e-07,
0.0289412,-1.33985e-07,0.999581,
0.999577,-4.12705e-07,-0.0290757,
4.16446e-07,1,1.22599e-07,
0.0290757,-1.34655e-07,0.999577,
0.999573,-4.14606e-07,-0.0292103,
4.18382e-07,1,1.23158e-07,
0.0292103,-1.35326e-07,0.999573,
0.999569,-4.16507e-07,-0.0293449,
4.20319e-07,1,1.23717e-07,
0.0293449,-1.35997e-07,0.999569,
0.999565,-4.18408e-07,-0.0294794,
4.22255e-07,1,1.24275e-07,
0.0294794,-1.36669e-07,0.999565,
0.999561,-4.20309e-07,-0.029614,
4.24192e-07,1,1.24834e-07,
0.029614,-1.37341e-07,0.999561,
0.999557,-4.22209e-07,-0.0297486,
4.26128e-07,1,1.25393e-07,
0.0297486,-1.38014e-07,0.999557,
0.999553,-4.2411e-07,-0.0298831,
4.28065e-07,1,1.25951e-07,
0.0298831,-1.38687e-07,0.999553,
0.999549,-4.2601e-07,-0.0300177,
4.30001e-07,1,1.2651e-07,
0.0300177,-1.39361e-07,0.999549,
0.999545,-4.2791e-07,-0.0301523,
4.31938e-07,1,1.27068e-07,
0.0301523,-1.40035e-07,0.999545,
0.999541,-4.29811e-07,-0.0302869,
4.33875e-07,1,1.27627e-07,
0.0302869,-1.40709e-07,0.999541,
0.999537,-4.31711e-07,-0.0304214,
4.35812e-07,1,1.28185e-07,
0.0304214,-1.41384e-07,0.999537,
0.999533,-4.33611e-07,-0.030556,
4.37749e-07,1,1.28743e-07,
0.030556,-1.42059e-07,0.999533,
0.999529,-4.35511e-07,-0.0306906,
4.39686e-07,1,1.29301e-07,
0.0306906,-1.42735e-07,0.999529,
0.999525,-4.3741e-07,-0.0308251,
4.41623e-07,1,1.29859e-07,
0.0308251,-1.43411e-07,0.999525,
0.999521,-4.3931e-07,-0.0309597,
4.4356e-07,1,1.30417e-07,
0.0309597,-1.44087e-07,0.999521,
0.999516,-4.4121e-07,-0.0310942,
4.45498e-07,1,1.30975e-07,
0.0310942,-1.44764e-07,0.999516,
0.999512,-4.43109e-07,-0.0312288,
4.47435e-07,1,1.31533e-07,
0.0312288,-1.45442e-07,0.999512,
0.999508,-4.45009e-07,-0.0313634,
4.49372e-07,1,1.32091e-07,
0.0313634,-1.4612e-07,0.999508,
0.999504,-4.46908e-07,-0.0314979,
4.5131e-07,1,1.32649e-07,
0.0314979,-1.46798e-07,0.999504,
0.9995,-4.48807e-07,-0.0316325,
4.53248e-07,1,1.33206e-07,
0.0316325,-1.47477e-07,0.9995,
0.999495,-4.50706e-07,-0.0317671,
4.55185e-07,1,1.33764e-07,
0.0317671,-1.48156e-07,0.999495,
0.999491,-4.52605e-07,-0.0319016,
4.57123e-07,1,1.34321e-07,
0.0319016,-1.48836e-07,0.999491,
0.999487,-4.54504e-07,-0.0320362,
4.59061e-07,1,1.34878e-07,
0.0320362,-1.49516e-07,0.999487,
0.999482,-4.56403e-07,-0.0321707,
4.60999e-07,1,1.35436e-07,
0.0321707,-1.50196e-07,0.999482,
0.999478,-4.58302e-07,-0.0323053,
4.62937e-07,1,1.35993e-07,
0.0323053,-1.50877e-07,0.999478,
0.999474,-4.602e-07,-0.0324399,
4.64875e-07,1,1.3655e-07,
0.0324399,-1.51558e-07,0.999474,
0.999469,-4.62099e-07,-0.0325744,
4.66813e-07,1,1.37107e-07,
0.0325744,-1.5224e-07,0.999469,
0.999465,-4.63997e-07,-0.032709,
4.68751e-07,1,1.37664e-07,
0.032709,-1.52922e-07,0.999465,
0.999461,-4.65896e-07,-0.0328435,
4.70689e-07,1,1.38221e-07,
0.0328435,-1.53605e-07,0.999461,
0.999456,-4.67794e-07,-0.0329781,
4.72628e-07,1,1.38777e-07,
0.0329781,-1.54288e-07,0.999456,
0.999452,-4.69692e-07,-0.0331126,
4.74566e-07,1,1.39334e-07,
0.0331126,-1.54972e-07,0.999452,
0.999447,-4.7159e-07,-0.0332472,
4.76505e-07,1,1.39891e-07,
0.0332472,-1.55656e-07,0.999447,
0.999443,-4.73488e-07,-0.0333817,
4.78443e-07,1,1.40447e-07,
0.0333817,-1.5634e-07,0.999443,
0.999438,-4.75386e-07,-0.0335163,
4.80382e-07,1,1.41004e-07,
0.0335163,-1.57025e-07,0.999438,
0.999434,-4.77284e-07,-0.0336509,
4.82321e-07,1,1.4156e-07,
0.0336509,-1.5771e-07,0.999434,
0.999429,-4.79181e-07,-0.0337854,
4.84259e-07,1,1.42116e-07,
0.0337854,-1.58396e-07,0.999429,
0.999425,-4.81079e-07,-0.03392,
4.86198e-07,1,1.42673e-07,
0.03392,-1.59082e-07,0.999425,
0.99942,-4.82976e-07,-0.0340545,
4.88137e-07,1,1.43229e-07,
0.0340545,-1.59769e-07,0.99942,
0.999415,-4.84874e-07,-0.0341891,
4.90076e-07,1,1.43785e-07,
0.0341891,-1.60456e-07,0.999415,
0.999411,-4.86771e-07,-0.0343236,
4.92015e-07,1,1.44341e-07,
0.0343236,-1.61143e-07,0.999411,
0.999406,-4.88668e-07,-0.0344582,
4.93954e-07,1,1.44897e-07,
0.0344582,-1.61831e-07,0.999406,
0.999401,-4.90565e-07,-0.0345927,
4.95894e-07,1,1.45452e-07,
0.0345927,-1.6252e-07,0.999401,
0.999397,-4.92462e-07,-0.0347273,
4.97833e-07,1,1.46008e-07,
0.0347273,-1.63208e-07,0.999397,
0.999392,-4.94359e-07,-0.0348618,
4.99772e-07,1,1.46564e-07,
0.0348618,-1.63898e-07,0.999392,
0.999387,-4.96256e-07,-0.0349963,
5.01712e-07,1,1.47119e-07,
0.0349963,-1.64587e-07,0.999387,
0.999383,-4.98153e-07,-0.0351309,
5.03651e-07,1,1.47675e-07,
0.0351309,-1.65277e-07,0.999383,
0.999378,-5.00049e-07,-0.0352654,
5.05591e-07,1,1.4823e-07,
0.0352654,-1.65968e-07,0.999378,
0.999373,-5.01946e-07,-0.0354,
5.07531e-07,1,1.48786e-07,
0.0354,-1.66659e-07,0.999373,
0.999368,-5.03842e-07,-0.0355345,
5.09471e-07,1,1.49341e-07,
0.0355345,-1.6735e-07,0.999368,
0.999364,-5.05738e-07,-0.0356691,
5.1141e-07,1,1.49896e-07,
0.0356691,-1.68042e-07,0.999364,
0.999359,-5.07635e-07,-0.0358036,
5.1335e-07,1,1.50451e-07,
0.0358036,-1.68734e-07,0.999359,
0.999354,-5.09531e-07,-0.0359382,
5.1529e-07,1,1.51006e-07,
0.0359382,-1.69427e-07,0.999354,
0.999349,-5.11427e-07,-0.0360727,
5.1723e-07,1,1.51561e-07,
0.0360727,-1.7012e-07,0.999349,
0.999344,-5.13322e-07,-0.0362072,
5.19171e-07,1,1.52116e-07,
0.0362072,-1.70814e-07,0.999344,
0.999339,-5.15218e-07,-0.0363418,
5.21111e-07,1,1.52671e-07,
0.0363418,-1.71508e-07,0.999339,
0.999335,-5.17114e-07,-0.0364763,
5.23051e-07,1,1.53225e-07,
0.0364763,-1.72202e-07,0.999335,
0.99933,-5.19009e-07,-0.0366109,
5.24991e-07,1,1.5378e-07,
0.0366109,-1.72897e-07,0.99933,
0.999325,-5.20905e-07,-0.0367454,
5.26932e-07,1,1.54334e-07,
0.0367454,-1.73593e-07,0.999325,
0.99932,-5.228e-07,-0.0368799,
5.28872e-07,1,1.54889e-07,
0.0368799,-1.74288e-07,0.99932,
0.999315,-5.24696e-07,-0.0370145,
5.30813e-07,1,1.55443e-07,
0.0370145,-1.74984e-07,0.999315,
0.99931,-5.26591e-07,-0.037149,
5.32754e-07,1,1.55998e-07,
0.037149,-1.75681e-07,0.99931,
0.999305,-5.28486e-07,-0.0372835,
5.34694e-07,1,1.56552e-07,
0.0372835,-1.76378e-07,0.999305,
0.9993,-5.30381e-07,-0.0374181,
5.36635e-07,1,1.57106e-07,
0.0374181,-1.77076e-07,0.9993,
0.999295,-5.32276e-07,-0.0375526,
5.38576e-07,1,1.5766e-07,
0.0375526,-1.77774e-07,0.999295,
0.99929,-5.3417e-07,-0.0376871,
5.40517e-07,1,1.58214e-07,
0.0376871,-1.78472e-07,0.99929,
0.999285,-5.36065e-07,-0.0378217,
5.42458e-07,1,1.58768e-07,
0.0378217,-1.79171e-07,0.999285,
0.999279,-5.3796e-07,-0.0379562,
5.44399e-07,1,1.59322e-07,
0.0379562,-1.7987e-07,0.999279,
0.999274,-5.39854e-07,-0.0380907,
5.4634e-07,1,1.59875e-07,
0.0380907,-1.8057e-07,0.999274,
0.999269,-5.41749e-07,-0.0382253,
5.48282e-07,1,1.60429e-07,
0.0382253,-1.8127e-07,0.999269,
0.999264,-5.43643e-07,-0.0383598,
5.50223e-07,1,1.60982e-07,
0.0383598,-1.8197e-07,0.999264,
0.999259,-5.45537e-07,-0.0384943,
5.52164e-07,1,1.61536e-07,
0.0384943,-1.82671e-07,0.999259,
0.999254,-5.47431e-07,-0.0386289,
5.54106e-07,1,1.62089e-07,
0.0386289,-1.83373e-07,0.999254,
0.999248,-5.49325e-07,-0.0387634,
5.56048e-07,1,1.62643e-07,
0.0387634,-1.84075e-07,0.999248,
0.999243,-5.51219e-07,-0.0388979,
5.57989e-07,1,1.63196e-07,
0.0388979,-1.84777e-07,0.999243,
0.999238,-5.53113e-07,-0.0390324,
5.59931e-07,1,1.63749e-07,
0.0390324,-1.8548e-07,0.999238,
0.999233,-5.55006e-07,-0.039167,
5.61873e-07,1,1.64302e-07,
0.039167,-1.86183e-07,0.999233,
0.999227,-5.569e-07,-0.0393015,
5.63815e-07,1,1.64855e-07,
0.0393015,-1.86886e-07,0.999227,
0.999222,-5.58793e-07,-0.039436,
5.65756e-07,1,1.65408e-07,
0.039436,-1.87591e-07,0.999222,
0.999217,-5.60687e-07,-0.0395705,
5.67698e-07,1,1.65961e-07,
0.0395705,-1.88295e-07,0.999217,
0.999211,-5.6258e-07,-0.0397051,
5.69641e-07,1,1.66514e-07,
0.0397051,-1.89e-07,0.999211,
0.999206,-5.64473e-07,-0.0398396,
5.71583e-07,1,1.67066e-07,
0.0398396,-1.89705e-07,0.999206,
0.999201,-5.66366e-07,-0.0399741,
5.73525e-07,1,1.67619e-07,
0.0399741,-1.90411e-07,0.999201,
0.999195,-5.68259e-07,-0.0401086,
5.75467e-07,1,1.68171e-07,
0.0401086,-1.91117e-07,0.999195,
0.99919,-5.70152e-07,-0.0402431,
5.7741e-07,1,1.68724e-07,
0.0402431,-1.91824e-07,0.99919,
0.999184,-5.72045e-07,-0.0403777,
5.79352e-07,1,1.69276e-07,
0.0403777,-1.92531e-07,0.999184,
0.999179,-5.73937e-07,-0.0405122,
5.81295e-07,1,1.69828e-07,
0.0405122,-1.93239e-07,0.999179,
0.999174,-5.7583e-07,-0.0406467,
5.83237e-07,1,1.70381e-07,
0.0406467,-1.93946e-07,0.999174,
0.999168,-5.77722e-07,-0.0407812,
5.8518e-07,1,1.70933e-07,
0.0407812,-1.94655e-07,0.999168,
0.999163,-5.79615e-07,-0.0409157,
5.87123e-07,1,1.71485e-07,
0.0409157,-1.95364e-07,0.999163,
0.999157,-5.81507e-07,-0.0410503,
5.89065e-07,1,1.72037e-07,
0.0410503,-1.96073e-07,0.999157,
0.999152,-5.83399e-07,-0.0411848,
5.91008e-07,1,1.72589e-07,
0.0411848,-1.96783e-07,0.999152,
0.999146,-5.85291e-07,-0.0413193,
5.92951e-07,1,1.7314e-07,
0.0413193,-1.97493e-07,0.999146,
0.99914,-5.87183e-07,-0.0414538,
5.94894e-07,1,1.73692e-07,
0.0414538,-1.98203e-07,0.99914,
0.999135,-5.89075e-07,-0.0415883,
5.96838e-07,1,1.74244e-07,
0.0415883,-1.98914e-07,0.999135,
0.999129,-5.90966e-07,-0.0417228,
5.98781e-07,1,1.74795e-07,
0.0417228,-1.99626e-07,0.999129,
0.999124,-5.92858e-07,-0.0418573,
6.00724e-07,1,1.75347e-07,
0.0418573,-2.00338e-07,0.999124,
0.999118,-5.9475e-07,-0.0419918,
6.02667e-07,1,1.75898e-07,
0.0419918,-2.0105e-07,0.999118,
0.999112,-5.96641e-07,-0.0421264,
6.04611e-07,1,1.76449e-07,
0.0421264,-2.01763e-07,0.999112,
0.999107,-5.98532e-07,-0.0422609,
6.06554e-07,1,1.77001e-07,
0.0422609,-2.02476e-07,0.999107,
0.999101,-6.00423e-07,-0.0423954,
6.08498e-07,1,1.77552e-07,
0.0423954,-2.0319e-07,0.999101,
0.999095,-6.02314e-07,-0.0425299,
6.10442e-07,1,1.78103e-07,
0.0425299,-2.03904e-07,0.999095,
0.999089,-6.04205e-07,-0.0426644,
6.12385e-07,1,1.78654e-07,
0.0426644,-2.04618e-07,0.999089,
0.999084,-6.06096e-07,-0.0427989,
6.14329e-07,1,1.79205e-07,
0.0427989,-2.05333e-07,0.999084,
0.999078,-6.07987e-07,-0.0429334,
6.16273e-07,1,1.79756e-07,
0.0429334,-2.06048e-07,0.999078,
0.999072,-6.09878e-07,-0.0430679,
6.18217e-07,1,1.80306e-07,
0.0430679,-2.06764e-07,0.999072,
0.999066,-6.11768e-07,-0.0432024,
6.20161e-07,1,1.80857e-07,
0.0432024,-2.0748e-07,0.999066,
0.999061,-6.13659e-07,-0.0433369,
6.22105e-07,1,1.81407e-07,
0.0433369,-2.08197e-07,0.999061,
0.999055,-6.15549e-07,-0.0434714,
6.24049e-07,1,1.81958e-07,
0.0434714,-2.08914e-07,0.999055,
0.999049,-6.17439e-07,-0.0436059,
6.25993e-07,1,1.82508e-07,
0.0436059,-2.09632e-07,0.999049,
0.999043,-6.1933e-07,-0.0437404,
6.27938e-07,1,1.83059e-07,
0.0437404,-2.1035e-07,0.999043,
0.999037,-6.2122e-07,-0.0438749,
6.29882e-07,1,1.83609e-07,
0.0438749,-2.11068e-07,0.999037,
0.999031,-6.2311e-07,-0.0440094,
6.31827e-07,1,1.84159e-07,
0.0440094,-2.11787e-07,0.999031,
0.999025,-6.24999e-07,-0.0441439,
6.33771e-07,1,1.84709e-07,
0.0441439,-2.12506e-07,0.999025,
0.999019,-6.26889e-07,-0.0442784,
6.35716e-07,1,1.85259e-07,
0.0442784,-2.13226e-07,0.999019,
0.999013,-6.28779e-07,-0.0444129,
6.3766e-07,1,1.85809e-07,
0.0444129,-2.13946e-07,0.999013,
0.999007,-6.30668e-07,-0.0445474,
6.39605e-07,1,1.86359e-07,
0.0445474,-2.14667e-07,0.999007,
0.999001,-6.32558e-07,-0.0446819,
6.4155e-07,1,1.86909e-07,
0.0446819,-2.15388e-07,0.999001,
0.998995,-6.34447e-07,-0.0448164,
6.43495e-07,1,1.87458e-07,
0.0448164,-2.16109e-07,0.998995,
0.998989,-6.36336e-07,-0.0449509,
6.4544e-07,1,1.88008e-07,
0.0449509,-2.16831e-07,0.998989,
0.998983,-6.38225e-07,-0.0450854,
6.47385e-07,1,1.88558e-07,
0.0450854,-2.17553e-07,0.998983,
0.998977,-6.40114e-07,-0.0452199,
6.4933e-07,1,1.89107e-07,
0.0452199,-2.18276e-07,0.998977,
0.998971,-6.42003e-07,-0.0453543,
6.51275e-07,1,1.89656e-07,
0.0453543,-2.18999e-07,0.998971,
0.998965,-6.43892e-07,-0.0454888,
6.5322e-07,1,1.90206e-07,
0.0454888,-2.19723e-07,0.998965,
0.998959,-6.45781e-07,-0.0456233,
6.55166e-07,1,1.90755e-07,
0.0456233,-2.20447e-07,0.998959,
0.998953,-6.47669e-07,-0.0457578,
6.57111e-07,1,1.91304e-07,
0.0457578,-2.21172e-07,0.998953,
0.998946,-6.49558e-07,-0.0458923,
6.59057e-07,1,1.91853e-07,
0.0458923,-2.21897e-07,0.998946,
0.99894,-6.51446e-07,-0.0460268,
6.61002e-07,1,1.92402e-07,
0.0460268,-2.22622e-07,0.99894,
0.998934,-6.53334e-07,-0.0461613,
6.62948e-07,1,1.92951e-07,
0.0461613,-2.23348e-07,0.998934,
0.998928,-6.55223e-07,-0.0462958,
6.64894e-07,1,1.935e-07,
0.0462958,-2.24074e-07,0.998928,
0.998922,-6.57111e-07,-0.0464302,
6.6684e-07,1,1.94048e-07,
0.0464302,-2.24801e-07,0.998922,
0.998915,-6.58999e-07,-0.0465647,
6.68785e-07,1,1.94597e-07,
0.0465647,-2.25528e-07,0.998915,
0.998909,-6.60886e-07,-0.0466992,
6.70731e-07,1,1.95146e-07,
0.0466992,-2.26255e-07,0.998909,
0.998903,-6.62774e-07,-0.0468337,
6.72677e-07,1,1.95694e-07,
0.0468337,-2.26983e-07,0.998903,
0.998896,-6.64662e-07,-0.0469682,
6.74623e-07,1,1.96242e-07,
0.0469682,-2.27712e-07,0.998896,
0.99889,-6.66549e-07,-0.0471027,
6.7657e-07,1,1.96791e-07,
0.0471027,-2.28441e-07,0.99889,
0.998884,-6.68437e-07,-0.0472371,
6.78516e-07,1,1.97339e-07,
0.0472371,-2.2917e-07,0.998884,
0.998877,-6.70324e-07,-0.0473716,
6.80462e-07,1,1.97887e-07,
0.0473716,-2.299e-07,0.998877,
0.998871,-6.72211e-07,-0.0475061,
6.82409e-07,1,1.98435e-07,
0.0475061,-2.3063e-07,0.998871,
0.998865,-6.74098e-07,-0.0476406,
6.84355e-07,1,1.98983e-07,
0.0476406,-2.3136e-07,0.998865,
0.998858,-6.75985e-07,-0.047775,
6.86302e-07,1,1.99531e-07,
0.047775,-2.32091e-07,0.998858,
0.998852,-6.77872e-07,-0.0479095,
6.88248e-07,1,2.00079e-07,
0.0479095,-2.32823e-07,0.998852,
0.998845,-6.79759e-07,-0.048044,
6.90195e-07,1,2.00627e-07,
0.048044,-2.33555e-07,0.998845,
0.998839,-6.81646e-07,-0.0481785,
6.92142e-07,1,2.01174e-07,
0.0481785,-2.34287e-07,0.998839,
0.998832,-6.83532e-07,-0.0483129,
6.94088e-07,1,2.01722e-07,
0.0483129,-2.3502e-07,0.998832,
0.998826,-6.85419e-07,-0.0484474,
6.96035e-07,1,2.02269e-07,
0.0484474,-2.35753e-07,0.998826,
0.998819,-6.87305e-07,-0.0485819,
6.97982e-07,1,2.02817e-07,
0.0485819,-2.36487e-07,0.998819,
0.998813,-6.89191e-07,-0.0487163,
6.99929e-07,1,2.03364e-07,
0.0487163,-2.37221e-07,0.998813,
0.998806,-6.91077e-07,-0.0488508,
7.01876e-07,1,2.03911e-07,
0.0488508,-2.37955e-07,0.998806,
0.9988,-6.92963e-07,-0.0489853,
7.03824e-07,1,2.04458e-07,
0.0489853,-2.3869e-07,0.9988,
0.998793,-6.94849e-07,-0.0491197,
7.05771e-07,1,2.05006e-07,
0.0491197,-2.39425e-07,0.998793,
0.998786,-6.96735e-07,-0.0492542,
7.07718e-07,1,2.05553e-07,
0.0492542,-2.40161e-07,0.998786,
0.99878,-6.98621e-07,-0.0493887,
7.09666e-07,1,2.061e-07,
0.0493887,-2.40897e-07,0.99878,
0.998773,-7.00506e-07,-0.0495231,
7.11613e-07,1,2.06646e-07,
0.0495231,-2.41634e-07,0.998773,
0.998766,-7.02392e-07,-0.0496576,
7.13561e-07,1,2.07193e-07,
0.0496576,-2.42371e-07,0.998766,
0.99876,-7.04277e-07,-0.0497921,
7.15508e-07,1,2.0774e-07,
0.0497921,-2.43109e-07,0.99876,
0.998753,-7.06162e-07,-0.0499265,
7.17456e-07,1,2.08286e-07,
0.0499265,-2.43847e-07,0.998753,
0.998746,-7.08047e-07,-0.050061,
7.19404e-07,1,2.08833e-07,
0.050061,-2.44585e-07,0.998746,
0.998739,-7.09932e-07,-0.0501954,
7.21352e-07,1,2.09379e-07,
0.0501954,-2.45324e-07,0.998739,
0.998733,-7.11817e-07,-0.0503299,
7.233e-07,1,2.09926e-07,
0.0503299,-2.46063e-07,0.998733,
0.998726,-7.13702e-07,-0.0504644,
7.25248e-07,1,2.10472e-07,
0.0504644,-2.46803e-07,0.998726,
0.998719,-7.15587e-07,-0.0505988,
7.27196e-07,1,2.11018e-07,
0.0505988,-2.47543e-07,0.998719,
0.998712,-7.17472e-07,-0.0507333,
7.29144e-07,1,2.11564e-07,
0.0507333,-2.48284e-07,0.998712,
0.998705,-7.19356e-07,-0.0508677,
7.31092e-07,1,2.1211e-07,
0.0508677,-2.49025e-07,0.998705,
0.998699,-7.2124e-07,-0.0510022,
7.3304e-07,1,2.12656e-07,
0.0510022,-2.49766e-07,0.998699,
0.998692,-7.23125e-07,-0.0511366,
7.34989e-07,1,2.13202e-07,
0.0511366,-2.50508e-07,0.998692,
0.998685,-7.25009e-07,-0.0512711,
7.36937e-07,1,2.13748e-07,
0.0512711,-2.5125e-07,0.998685,
0.998678,-7.26893e-07,-0.0514055,
7.38886e-07,1,2.14294e-07,
0.0514055,-2.51993e-07,0.998678,
0.998671,-7.28777e-07,-0.05154,
7.40834e-07,1,2.14839e-07,
0.05154,-2.52736e-07,0.998671,
0.998664,-7.30661e-07,-0.0516744,
7.42783e-07,1,2.15385e-07,
0.0516744,-2.5348e-07,0.998664,
0.998657,-7.32544e-07,-0.0518089,
7.44732e-07,1,2.1593e-07,
0.0518089,-2.54224e-07,0.998657,
0.99865,-7.34428e-07,-0.0519433,
7.46681e-07,1,2.16476e-07,
0.0519433,-2.54969e-07,0.99865,
0.998643,-7.36312e-07,-0.0520778,
7.48629e-07,1,2.17021e-07,
0.0520778,-2.55713e-07,0.998643,
0.998636,-7.38195e-07,-0.0522122,
7.50578e-07,1,2.17566e-07,
0.0522122,-2.56459e-07,0.998636,
0.998629,-7.40078e-07,-0.0523467,
7.52527e-07,1,2.18111e-07,
0.0523467,-2.57205e-07,0.998629,
0.998622,-7.41962e-07,-0.0524811,
7.54477e-07,1,2.18656e-07,
0.0524811,-2.57951e-07,0.998622,
0.998615,-7.43845e-07,-0.0526156,
7.56426e-07,1,2.19201e-07,
0.0526156,-2.58697e-07,0.998615,
0.998608,-7.45728e-07,-0.05275,
7.58375e-07,1,2.19746e-07,
0.05275,-2.59445e-07,0.998608,
0.998601,-7.4761e-07,-0.0528844,
7.60324e-07,1,2.20291e-07,
0.0528844,-2.60192e-07,0.998601,
0.998594,-7.49493e-07,-0.0530189,
7.62274e-07,1,2.20836e-07,
0.0530189,-2.6094e-07,0.998594,
0.998586,-7.51376e-07,-0.0531533,
7.64223e-07,1,2.2138e-07,
0.0531533,-2.61688e-07,0.998586,
0.998579,-7.53258e-07,-0.0532878,
7.66173e-07,1,2.21925e-07,
0.0532878,-2.62437e-07,0.998579,
0.998572,-7.55141e-07,-0.0534222,
7.68122e-07,1,2.22469e-07,
0.0534222,-2.63187e-07,0.998572,
0.998565,-7.57023e-07,-0.0535566,
7.70072e-07,1,2.23014e-07,
0.0535566,-2.63936e-07,0.998565,
0.998558,-7.58905e-07,-0.0536911,
7.72022e-07,1,2.23558e-07,
0.0536911,-2.64686e-07,0.998558,
0.99855,-7.60787e-07,-0.0538255,
7.73972e-07,1,2.24102e-07,
0.0538255,-2.65437e-07,0.99855,
0.998543,-7.62669e-07,-0.0539599,
7.75922e-07,1,2.24647e-07,
0.0539599,-2.66188e-07,0.998543,
0.998536,-7.64551e-07,-0.0540944,
7.77872e-07,1,2.25191e-07,
0.0540944,-2.66939e-07,0.998536,
0.998529,-7.66433e-07,-0.0542288,
7.79822e-07,1,2.25735e-07,
0.0542288,-2.67691e-07,0.998529,
0.998521,-7.68315e-07,-0.0543632,
7.81772e-07,1,2.26279e-07,
0.0543632,-2.68444e-07,0.998521,
0.998514,-7.70196e-07,-0.0544977,
7.83722e-07,1,2.26822e-07,
0.0544977,-2.69196e-07,0.998514,
0.998507,-7.72077e-07,-0.0546321,
7.85672e-07,1,2.27366e-07,
0.0546321,-2.6995e-07,0.998507,
0.998499,-7.73959e-07,-0.0547665,
7.87623e-07,1,2.2791e-07,
0.0547665,-2.70703e-07,0.998499,
0.998492,-7.7584e-07,-0.0549009,
7.89573e-07,1,2.28453e-07,
0.0549009,-2.71457e-07,0.998492,
0.998484,-7.77721e-07,-0.0550354,
7.91524e-07,1,2.28997e-07,
0.0550354,-2.72212e-07,0.998484,
0.998477,-7.79602e-07,-0.0551698,
7.93474e-07,1,2.2954e-07,
0.0551698,-2.72967e-07,0.998477,
0.99847,-7.81483e-07,-0.0553042,
7.95425e-07,1,2.30084e-07,
0.0553042,-2.73722e-07,0.99847,
0.998462,-7.83364e-07,-0.0554386,
7.97376e-07,1,2.30627e-07,
0.0554386,-2.74478e-07,0.998462,
0.998455,-7.85244e-07,-0.0555731,
7.99326e-07,1,2.3117e-07,
0.0555731,-2.75234e-07,0.998455,
0.998447,-7.87125e-07,-0.0557075,
8.01277e-07,1,2.31713e-07,
0.0557075,-2.75991e-07,0.998447,
0.99844,-7.89005e-07,-0.0558419,
8.03228e-07,1,2.32256e-07,
0.0558419,-2.76748e-07,0.99844,
0.998432,-7.90885e-07,-0.0559763,
8.05179e-07,1,2.32799e-07,
0.0559763,-2.77505e-07,0.998432,
0.998425,-7.92766e-07,-0.0561107,
8.0713e-07,1,2.33342e-07,
0.0561107,-2.78263e-07,0.998425,
0.998417,-7.94646e-07,-0.0562451,
8.09081e-07,1,2.33885e-07,
0.0562451,-2.79021e-07,0.998417,
0.998409,-7.96526e-07,-0.0563796,
8.11033e-07,1,2.34427e-07,
0.0563796,-2.7978e-07,0.998409,
0.998402,-7.98406e-07,-0.056514,
8.12984e-07,1,2.3497e-07,
0.056514,-2.80539e-07,0.998402,
0.998394,-8.00285e-07,-0.0566484,
8.14935e-07,1,2.35513e-07,
0.0566484,-2.81299e-07,0.998394,
0.998387,-8.02165e-07,-0.0567828,
8.16887e-07,1,2.36055e-07,
0.0567828,-2.82059e-07,0.998387,
0.998379,-8.04044e-07,-0.0569172,
8.18838e-07,1,2.36597e-07,
0.0569172,-2.8282e-07,0.998379,
0.998371,-8.05924e-07,-0.0570516,
8.2079e-07,1,2.3714e-07,
0.0570516,-2.83581e-07,0.998371,
0.998364,-8.07803e-07,-0.057186,
8.22742e-07,1,2.37682e-07,
0.057186,-2.84342e-07,0.998364,
0.998356,-8.09682e-07,-0.0573204,
8.24693e-07,1,2.38224e-07,
0.0573204,-2.85104e-07,0.998356,
0.998348,-8.11561e-07,-0.0574548,
8.26645e-07,1,2.38766e-07,
0.0574548,-2.85866e-07,0.998348,
0.99834,-8.1344e-07,-0.0575893,
8.28597e-07,1,2.39308e-07,
0.0575893,-2.86629e-07,0.99834,
0.998333,-8.15319e-07,-0.0577237,
