1,0,0,
0,1,0,
0,0,1,
0.999946,-1.91665e-09,-0.0104198,
1.92273e-09,1,5.73132e-10,
0.0104198,-5.93136e-10,0.999946,
0.999783,-3.82681e-09,-0.0208384,
3.8514e-09,1,1.1402e-09,
0.0208384,-1.22021e-09,0.999783,
0.999511,-5.72996e-09,-0.0312548,
5.78595e-09,1,1.70114e-09,
0.0312548,-1.88115e-09,0.999511,
0.999132,-7.6256e-09,-0.0416677,
7.72631e-09,1,2.25589e-09,
0.0416677,-2.57587e-09,0.999132,
0.998643,-9.51326e-09,-0.0520762,
9.67242e-09,1,2.80439e-09,
0.0520762,-3.30429e-09,0.998643,
0.998046,-1.13924e-08,-0.062479,
1.16242e-08,1,3.34659e-09,
0.062479,-4.06632e-09,0.998046,
0.997341,-1.32626e-08,-0.072875,
1.35816e-08,1,3.88242e-09,
0.072875,-4.86186e-09,0.997341,
0.996528,-1.51233e-08,-0.0832631,
1.55446e-08,1,4.41182e-09,
0.0832631,-5.69079e-09,0.996528,
0.995606,-1.6974e-08,-0.0936422,
1.7513e-08,1,4.93474e-09,
0.0936422,-6.55302e-09,0.995606,
0.994576,-1.88142e-08,-0.104011,
1.94869e-08,1,5.45113e-09,
0.104011,-7.44841e-09,0.994576,
0.993438,-2.06435e-08,-0.114369,
2.14661e-08,1,5.96091e-09,
0.114369,-8.37685e-09,0.993438,
0.992193,-2.24613e-08,-0.124714,
2.34506e-08,1,6.46405e-09,
0.124714,-9.33819e-09,0.992193,
0.990839,-2.42672e-08,-0.135046,
2.54402e-08,1,6.96048e-09,
0.135046,-1.03323e-08,0.990839,
0.989378,-2.60607e-08,-0.145362,
2.74351e-08,1,7.45015e-09,
0.145362,-1.13591e-08,0.989378,
0.98781,-2.78413e-08,-0.155664,
2.9435e-08,1,7.93301e-09,
0.155664,-1.24183e-08,0.98781,
0.986135,-2.96085e-08,-0.165948,
3.14398e-08,1,8.40901e-09,
0.165948,-1.35098e-08,0.986135,
0.984352,-3.13618e-08,-0.176214,
3.34497e-08,1,8.87809e-09,
0.176214,-1.46335e-08,0.984352,
0.982462,-3.31008e-08,-0.186461,
3.54643e-08,1,9.3402e-09,
0.186461,-1.57891e-08,0.982462,
0.980466,-3.48249e-08,-0.196688,
3.74838e-08,1,9.7953e-09,
0.196688,-1.69766e-08,0.980466,
0.978363,-3.65338e-08,-0.206894,
3.95079e-08,1,1.02433e-08,
0.206894,-1.81956e-08,0.978363,
0.976154,-3.82269e-08,-0.217077,
4.15367e-08,1,1.06842e-08,
0.217077,-1.94461e-08,0.976154,
0.97384,-3.99038e-08,-0.227236,
4.357e-08,1,1.1118e-08,
0.227236,-2.07278e-08,0.97384,
0.971419,-4.1564e-08,-0.237371,
4.56078e-08,1,1.15445e-08,
0.237371,-2.20406e-08,0.971419,
0.968893,-4.3207e-08,-0.24748,
4.76501e-08,1,1.19638e-08,
0.24748,-2.33841e-08,0.968893,
0.966262,-4.48324e-08,-0.257563,
4.96966e-08,1,1.23758e-08,
0.257563,-2.47582e-08,0.966262,
0.963525,-4.64397e-08,-0.267617,
5.17474e-08,1,1.27804e-08,
0.267617,-2.61627e-08,0.963525,
0.960685,-4.80285e-08,-0.277642,
5.38024e-08,1,1.31777e-08,
0.277642,-2.75974e-08,0.960685,
0.957739,-4.95983e-08,-0.287637,
5.58615e-08,1,1.35675e-08,
0.287637,-2.90619e-08,0.957739,
0.95469,-5.11486e-08,-0.297601,
5.79246e-08,1,1.39498e-08,
0.297601,-3.05561e-08,0.95469,
0.951538,-5.26791e-08,-0.307532,
5.99917e-08,1,1.43246e-08,
0.307532,-3.20798e-08,0.951538,
0.948282,-5.41892e-08,-0.31743,
6.20626e-08,1,1.46919e-08,
0.31743,-3.36326e-08,0.948282,
0.944923,-5.56785e-08,-0.327294,
6.41373e-08,1,1.50515e-08,
0.327294,-3.52143e-08,0.944923,
0.941461,-5.71466e-08,-0.337122,
6.62157e-08,1,1.54035e-08,
0.337122,-3.68246e-08,0.941461,
0.937897,-5.85931e-08,-0.346914,
6.82978e-08,1,1.57479e-08,
0.346914,-3.84633e-08,0.937897,
0.934231,-6.00175e-08,-0.356668,
7.03834e-08,1,1.60845e-08,
0.356668,-4.01301e-08,0.934231,
0.930464,-6.14194e-08,-0.366383,
7.24724e-08,1,1.64134e-08,
0.366383,-4.18247e-08,0.930464,
0.926596,-6.27984e-08,-0.376058,
7.45649e-08,1,1.67345e-08,
0.376058,-4.35468e-08,0.926596,
0.922627,-6.4154e-08,-0.385692,
7.66606e-08,1,1.70478e-08,
0.385692,-4.52961e-08,0.922627,
0.918558,-6.54858e-08,-0.395285,
7.87596e-08,1,1.73532e-08,
0.395285,-4.70724e-08,0.918558,
0.91439,-6.67935e-08,-0.404835,
8.08617e-08,1,1.76507e-08,
0.404835,-4.88753e-08,0.91439,
0.910122,-6.80766e-08,-0.414341,
8.29669e-08,1,1.79403e-08,
0.414341,-5.07044e-08,0.910122,
0.905755,-6.93347e-08,-0.423801,
8.5075e-08,1,1.8222e-08,
0.423801,-5.25596e-08,0.905755,
0.90129,-7.05673e-08,-0.433216,
8.71861e-08,1,1.84957e-08,
0.433216,-5.44404e-08,0.90129,
0.896727,-7.17742e-08,-0.442584,
8.92999e-08,1,1.87613e-08,
0.442584,-5.63465e-08,0.896727,
0.892067,-7.29549e-08,-0.451903,
9.14165e-08,1,1.90189e-08,
0.451903,-5.82776e-08,0.892067,
0.88731,-7.4109e-08,-0.461174,
9.35357e-08,1,1.92685e-08,
0.461174,-6.02334e-08,0.88731,
0.882456,-7.52362e-08,-0.470395,
9.56575e-08,1,1.951e-08,
0.470395,-6.22135e-08,0.882456,
0.877507,-7.6336e-08,-0.479564,
9.77818e-08,1,1.97433e-08,
0.479564,-6.42175e-08,0.877507,
0.872462,-7.74081e-08,-0.488681,
9.99084e-08,1,1.99685e-08,
0.488681,-6.62452e-08,0.872462,
0.867323,-7.84521e-08,-0.497746,
1.02037e-07,1,2.01855e-08,
0.497746,-6.8296e-08,0.867323,
0.86209,-7.94676e-08,-0.506756,
1.04169e-07,1,2.03944e-08,
0.506756,-7.03698e-08,0.86209,
0.856762,-8.04544e-08,-0.515711,
1.06302e-07,1,2.0595e-08,
0.515711,-7.2466e-08,0.856762,
0.851342,-8.14119e-08,-0.52461,
1.08437e-07,1,2.07873e-08,
0.52461,-7.45844e-08,0.851342,
0.84583,-8.23399e-08,-0.533453,
1.10574e-07,1,2.09715e-08,
0.533453,-7.67246e-08,0.84583,
0.840225,-8.32381e-08,-0.542237,
1.12714e-07,1,2.11473e-08,
0.542237,-7.8886e-08,0.840225,
0.83453,-8.4106e-08,-0.550963,
1.14855e-07,1,2.13148e-08,
0.550963,-8.10685e-08,0.83453,
0.828744,-8.49433e-08,-0.559628,
1.16997e-07,1,2.1474e-08,
0.559628,-8.32715e-08,0.828744,
0.822867,-8.57498e-08,-0.568233,
1.19142e-07,1,2.16249e-08,
0.568233,-8.54947e-08,0.822867,
0.816902,-8.6525e-08,-0.576777,
1.21287e-07,1,2.17674e-08,
0.576777,-8.77376e-08,0.816902,
0.810848,-8.72687e-08,-0.585257,
1.23435e-07,1,2.19016e-08,
0.585257,-8.99999e-08,0.810848,
0.804705,-8.79805e-08,-0.593674,
1.25583e-07,1,2.20274e-08,
0.593674,-9.22811e-08,0.804705,
0.798476,-8.86601e-08,-0.602027,
1.27733e-07,1,2.21448e-08,
0.602027,-9.45809e-08,0.798476,
0.79216,-8.93073e-08,-0.610314,
1.29884e-07,1,2.22537e-08,
0.610314,-9.68987e-08,0.79216,
0.785757,-8.99216e-08,-0.618535,
1.32036e-07,1,2.23543e-08,
0.618535,-9.92342e-08,0.785757,
0.77927,-9.05029e-08,-0.626689,
1.3419e-07,1,2.24464e-08,
0.626689,-1.01587e-07,0.77927,
0.772697,-9.10508e-08,-0.634775,
1.36344e-07,1,2.25301e-08,
0.634775,-1.03956e-07,0.772697,
0.766041,-9.15651e-08,-0.642792,
1.38499e-07,1,2.26053e-08,
0.642792,-1.06342e-07,0.766041,
0.759302,-9.20453e-08,-0.650739,
1.40654e-07,1,2.26721e-08,
0.650739,-1.08744e-07,0.759302,
0.75248,-9.24914e-08,-0.658615,
1.4281e-07,1,2.27304e-08,
0.658615,-1.11161e-07,0.75248,
0.745577,-9.2903e-08,-0.66642,
1.44967e-07,1,2.27803e-08,
0.66642,-1.13594e-07,0.745577,
0.738592,-9.32799e-08,-0.674153,
1.47125e-07,1,2.28217e-08,
0.674153,-1.1604e-07,0.738592,
0.731528,-9.36217e-08,-0.681812,
1.49282e-07,1,2.28545e-08,
0.681812,-1.18501e-07,0.731528,
0.724384,-9.39283e-08,-0.689397,
1.5144e-07,1,2.28789e-08,
0.689397,-1.20976e-07,0.724384,
0.717161,-9.41993e-08,-0.696908,
1.53599e-07,1,2.28949e-08,
0.696908,-1.23463e-07,0.717161,
0.70986,-9.44347e-08,-0.704343,
1.55757e-07,1,2.29023e-08,
0.704343,-1.25964e-07,0.70986,
0.702483,-9.4634e-08,-0.711701,
1.57915e-07,1,2.29012e-08,
0.711701,-1.28476e-07,0.702483,
0.695029,-9.47971e-08,-0.718982,
1.60074e-07,1,2.28917e-08,
0.718982,-1.31e-07,0.695029,
0.687499,-9.49239e-08,-0.726185,
1.62232e-07,1,2.28736e-08,
0.726185,-1.33536e-07,0.687499,
0.679895,-9.50139e-08,-0.733309,
1.6439e-07,1,2.28471e-08,
0.733309,-1.36082e-07,0.679895,
0.672218,-9.50671e-08,-0.740354,
1.66547e-07,1,2.28121e-08,
0.740354,-1.38639e-07,0.672218,
0.664467,-9.50833e-08,-0.747318,
1.68705e-07,1,2.27686e-08,
0.747318,-1.41205e-07,0.664467,
0.656644,-9.50622e-08,-0.754201,
1.70861e-07,1,2.27166e-08,
0.754201,-1.43781e-07,0.656644,
0.64875,-9.50037e-08,-0.761002,
1.73018e-07,1,2.26562e-08,
0.761002,-1.46365e-07,0.64875,
0.640785,-9.49075e-08,-0.76772,
1.75173e-07,1,2.25873e-08,
0.76772,-1.48957e-07,0.640785,
0.632751,-9.47736e-08,-0.774356,
1.77328e-07,1,2.25099e-08,
0.774356,-1.51558e-07,0.632751,
0.624648,-9.46016e-08,-0.780907,
1.79482e-07,1,2.24241e-08,
0.780907,-1.54166e-07,0.624648,
0.616477,-9.43916e-08,-0.787373,
1.81634e-07,1,2.23298e-08,
0.787373,-1.5678e-07,0.616477,
0.608239,-9.41432e-08,-0.793754,
1.83786e-07,1,2.22272e-08,
0.793754,-1.59401e-07,0.608239,
0.599935,-9.38564e-08,-0.800048,
1.85937e-07,1,2.21161e-08,
0.800048,-1.62027e-07,0.599935,
0.591567,-9.35309e-08,-0.806256,
1.88087e-07,1,2.19966e-08,
0.806256,-1.64659e-07,0.591567,
0.583133,-9.31668e-08,-0.812376,
1.90235e-07,1,2.18687e-08,
0.812376,-1.67295e-07,0.583133,
0.574637,-9.27638e-08,-0.818408,
1.92382e-07,1,2.17324e-08,
0.818408,-1.69935e-07,0.574637,
0.566078,-9.23218e-08,-0.824352,
1.94527e-07,1,2.15878e-08,
0.824352,-1.72579e-07,0.566078,
0.557458,-9.18406e-08,-0.830205,
1.96671e-07,1,2.14348e-08,
0.830205,-1.75226e-07,0.557458,
0.548777,-9.13203e-08,-0.835969,
1.98813e-07,1,2.12735e-08,
0.835969,-1.77876e-07,0.548777,
0.540037,-9.07606e-08,-0.841641,
2.00954e-07,1,2.11039e-08,
0.841641,-1.80528e-07,0.540037,
0.531238,-9.01616e-08,-0.847223,
2.03093e-07,1,2.0926e-08,
0.847223,-1.83181e-07,0.531238,
0.522381,-8.9523e-08,-0.852712,
2.0523e-07,1,2.07398e-08,
0.852712,-1.85836e-07,0.522381,
0.513468,-8.88448e-08,-0.858109,
2.07364e-07,1,2.05454e-08,
0.858109,-1.88491e-07,0.513468,
0.504498,-8.81269e-08,-0.863413,
2.09497e-07,1,2.03427e-08,
0.863413,-1.91145e-07,0.504498,
0.495475,-8.73692e-08,-0.868622,
2.11628e-07,1,2.01318e-08,
0.868622,-1.93799e-07,0.495475,
0.486397,-8.65718e-08,-0.873738,
2.13756e-07,1,1.99127e-08,
0.873738,-1.96452e-07,0.486397,
0.477266,-8.57345e-08,-0.878759,
2.15882e-07,1,1.96855e-08,
0.878759,-1.99104e-07,0.477266,
0.468084,-8.48573e-08,-0.883684,
2.18006e-07,1,1.94501e-08,
0.883684,-2.01753e-07,0.468084,
0.458851,-8.39401e-08,-0.888513,
2.20127e-07,1,1.92066e-08,
0.888513,-2.04399e-07,0.458851,
0.449568,-8.29829e-08,-0.893246,
2.22246e-07,1,1.8955e-08,
0.893246,-2.07042e-07,0.449568,
0.440236,-8.19857e-08,-0.897882,
2.24362e-07,1,1.86954e-08,
0.897882,-2.09681e-07,0.440236,
0.430856,-8.09485e-08,-0.902421,
2.26475e-07,1,1.84277e-08,
0.902421,-2.12315e-07,0.430856,
0.42143,-7.98712e-08,-0.906861,
2.28585e-07,1,1.8152e-08,
0.906861,-2.14945e-07,0.42143,
0.411958,-7.87538e-08,-0.911203,
2.30692e-07,1,1.78683e-08,
0.911203,-2.17569e-07,0.411958,
0.402441,-7.75964e-08,-0.915446,
2.32797e-07,1,1.75767e-08,
0.915446,-2.20187e-07,0.402441,
0.39288,-7.63989e-08,-0.91959,
2.34898e-07,1,1.72772e-08,
0.91959,-2.22798e-07,0.39288,
0.383277,-7.51613e-08,-0.923633,
2.36996e-07,1,1.69698e-08,
0.923633,-2.25402e-07,0.383277,
0.373632,-7.38838e-08,-0.927577,
2.39091e-07,1,1.66546e-08,
0.927577,-2.27998e-07,0.373632,
0.363947,-7.25662e-08,-0.93142,
2.41183e-07,1,1.63315e-08,
0.93142,-2.30586e-07,0.363947,
0.354222,-7.12087e-08,-0.935161,
2.43271e-07,1,1.60007e-08,
0.935161,-2.33166e-07,0.354222,
0.344458,-6.98112e-08,-0.938802,
2.45356e-07,1,1.56621e-08,
0.938802,-2.35735e-07,0.344458,
0.334658,-6.83739e-08,-0.94234,
2.47437e-07,1,1.53159e-08,
0.94234,-2.38295e-07,0.334658,
0.32482,-6.68968e-08,-0.945776,
2.49514e-07,1,1.49619e-08,
0.945776,-2.40845e-07,0.32482,
0.314948,-6.53799e-08,-0.949109,
2.51588e-07,1,1.46003e-08,
0.949109,-2.43383e-07,0.314948,
0.305041,-6.38233e-08,-0.952339,
2.53658e-07,1,1.42312e-08,
0.952339,-2.4591e-07,0.305041,
0.295102,-6.22272e-08,-0.955466,
2.55724e-07,1,1.38545e-08,
0.955466,-2.48424e-07,0.295102,
0.28513,-6.05915e-08,-0.958489,
2.57786e-07,1,1.34703e-08,
0.958489,-2.50926e-07,0.28513,
0.275127,-5.89164e-08,-0.961408,
2.59844e-07,1,1.30786e-08,
0.961408,-2.53415e-07,0.275127,
0.265095,-5.7202e-08,-0.964222,
2.61898e-07,1,1.26795e-08,
0.964222,-2.55889e-07,0.265095,
0.255033,-5.54484e-08,-0.966932,
2.63948e-07,1,1.2273e-08,
0.966932,-2.5835e-07,0.255033,
0.244944,-5.36557e-08,-0.969537,
2.65994e-07,1,1.18592e-08,
0.969537,-2.60795e-07,0.244944,
0.234829,-5.1824e-08,-0.972037,
2.68035e-07,1,1.14381e-08,
0.972037,-2.63226e-07,0.234829,
0.224688,-4.99534e-08,-0.974431,
2.70071e-07,1,1.10097e-08,
0.974431,-2.6564e-07,0.224688,
0.214522,-4.80442e-08,-0.976719,
2.72104e-07,1,1.05742e-08,
0.976719,-2.68037e-07,0.214522,
0.204333,-4.60964e-08,-0.978901,
2.74131e-07,1,1.01315e-08,
0.978901,-2.70418e-07,0.204333,
0.194122,-4.41101e-08,-0.980977,
2.76154e-07,1,9.68168e-09,
0.980977,-2.7278e-07,0.194122,
0.18389,-4.20856e-08,-0.982947,
2.78172e-07,1,9.22481e-09,
0.982947,-2.75125e-07,0.18389,
0.173638,-4.0023e-08,-0.98481,
2.80186e-07,1,8.76095e-09,
0.98481,-2.77451e-07,0.173638,
0.163367,-3.79225e-08,-0.986565,
2.82194e-07,1,8.29013e-09,
0.986565,-2.79758e-07,0.163367,
0.153078,-3.57843e-08,-0.988214,
2.84198e-07,1,7.8124e-09,
0.988214,-2.82044e-07,0.153078,
0.142773,-3.36084e-08,-0.989755,
2.86197e-07,1,7.32783e-09,
0.989755,-2.84311e-07,0.142773,
0.132452,-3.13953e-08,-0.991189,
2.8819e-07,1,6.83645e-09,
0.991189,-2.86557e-07,0.132452,
0.122117,-2.91449e-08,-0.992516,
2.90179e-07,1,6.33833e-09,
0.992516,-2.88781e-07,0.122117,
0.111769,-2.68576e-08,-0.993734,
2.92162e-07,1,5.83352e-09,
0.993734,-2.90983e-07,0.111769,
0.101408,-2.45336e-08,-0.994845,
2.9414e-07,1,5.32207e-09,
0.994845,-2.93163e-07,0.101408,
0.0910367,-2.2173e-08,-0.995848,
2.96112e-07,1,4.80404e-09,
0.995848,-2.9532e-07,0.0910367,
0.0806553,-1.97761e-08,-0.996742,
2.98079e-07,1,4.27949e-09,
0.996742,-2.97453e-07,0.0806553,
0.0702651,-1.73432e-08,-0.997528,
3.00041e-07,1,3.74846e-09,
0.997528,-2.99563e-07,0.0702651,
0.0598673,-1.48745e-08,-0.998206,
3.01997e-07,1,3.21103e-09,
0.998206,-3.01647e-07,0.0598673,
0.0494629,-1.23701e-08,-0.998776,
3.03947e-07,1,2.66725e-09,
0.998776,-3.03707e-07,0.0494629,
0.0390532,-9.83052e-09,-0.999237,
3.05892e-07,1,2.11717e-09,
0.999237,-3.05741e-07,0.0390532,
0.0286393,-7.25584e-09,-0.99959,
3.07831e-07,1,1.56086e-09,
0.99959,-3.07749e-07,0.0286393,
0.0182223,-4.64639e-09,-0.999834,
3.09764e-07,1,9.98372e-10,
0.999834,-3.09731e-07,0.0182223,
0.00780324,-2.00244e-09,-0.99997,
3.11691e-07,1,4.29777e-10,
0.99997,-3.11685e-07,0.00780324,
-0.00261663,6.75739e-10,-0.999997,
3.13612e-07,1,-1.44869e-10,
0.999997,-3.13612e-07,-0.00261663,
-0.0130362,3.38784e-09,-0.999915,
3.15527e-07,1,-7.25503e-10,
0.999915,-3.1551e-07,-0.0130362,
-0.0234544,6.13358e-09,-0.999725,
3.17437e-07,1,-1.31206e-09,
0.999725,-3.1738e-07,-0.0234544,
-0.03387,8.91265e-09,-0.999426,
3.1934e-07,1,-1.90448e-09,
0.999426,-3.19221e-07,-0.03387,
-0.044282,1.17247e-08,-0.999019,
3.21236e-07,1,-2.50269e-09,
0.999019,-3.21032e-07,-0.044282,
-0.0546891,1.45695e-08,-0.998503,
3.23127e-07,1,-3.10664e-09,
0.998503,-3.22813e-07,-0.0546891,
-0.0650903,1.74467e-08,-0.997879,
3.25011e-07,1,-3.71626e-09,
0.997879,-3.24564e-07,-0.0650903,
-0.0754844,2.03559e-08,-0.997147,
3.26889e-07,1,-4.33147e-09,
0.997147,-3.26283e-07,-0.0754844,
-0.0858704,2.32968e-08,-0.996306,
3.2876e-07,1,-4.95221e-09,
0.996306,-3.27971e-07,-0.0858704,
-0.096247,2.62691e-08,-0.995357,
3.30625e-07,1,-5.57843e-09,
0.995357,-3.29627e-07,-0.096247,
-0.106613,2.92725e-08,-0.994301,
3.32483e-07,1,-6.21003e-09,
0.994301,-3.31251e-07,-0.106613,
-0.116968,3.23065e-08,-0.993136,
3.34335e-07,1,-6.84697e-09,
0.993136,-3.32841e-07,-0.116968,
-0.12731,3.53708e-08,-0.991863,
3.3618e-07,1,-7.48917e-09,
0.991863,-3.34398e-07,-0.12731,
-0.137638,3.8465e-08,-0.990483,
3.38019e-07,1,-8.13656e-09,
0.990483,-3.35921e-07,-0.137638,
-0.147951,4.15888e-08,-0.988995,
3.3985e-07,1,-8.78907e-09,
0.988995,-3.3741e-07,-0.147951,
-0.158248,4.47417e-08,-0.987399,
3.41675e-07,1,-9.44663e-09,
0.987399,-3.38864e-07,-0.158248,
-0.168528,4.79235e-08,-0.985697,
3.43493e-07,1,-1.01092e-08,
0.985697,-3.40283e-07,-0.168528,
-0.178789,5.11337e-08,-0.983887,
3.45304e-07,1,-1.07766e-08,
0.983887,-3.41667e-07,-0.178789,
-0.189032,5.43718e-08,-0.981971,
3.47108e-07,1,-1.14489e-08,
0.981971,-3.43014e-07,-0.189032,
-0.199253,5.76376e-08,-0.979948,
3.48905e-07,1,-1.21259e-08,
0.979948,-3.44324e-07,-0.199253,
-0.209453,6.09305e-08,-0.977819,
3.50694e-07,1,-1.28076e-08,
0.977819,-3.45598e-07,-0.209453,
-0.21963,6.42502e-08,-0.975583,
3.52477e-07,1,-1.3494e-08,
0.975583,-3.46834e-07,-0.21963,
-0.229784,6.75963e-08,-0.973242,
3.54253e-07,1,-1.41848e-08,
0.973242,-3.48033e-07,-0.229784,
-0.239912,7.09682e-08,-0.970795,
3.56021e-07,1,-1.48802e-08,
0.970795,-3.49193e-07,-0.239912,
-0.250015,7.43657e-08,-0.968242,
3.57782e-07,1,-1.55799e-08,
0.968242,-3.50315e-07,-0.250015,
-0.26009,7.77882e-08,-0.965584,
3.59536e-07,1,-1.62839e-08,
0.965584,-3.51397e-07,-0.26009,
-0.270137,8.12352e-08,-0.962822,
3.61282e-07,1,-1.69922e-08,
0.962822,-3.52441e-07,-0.270137,
-0.280155,8.47065e-08,-0.959955,
3.63021e-07,1,-1.77046e-08,
0.959955,-3.53444e-07,-0.280155,
-0.290142,8.82014e-08,-0.956984,
3.64753e-07,1,-1.84211e-08,
0.956984,-3.54407e-07,-0.290142,
-0.300098,9.17195e-08,-0.953908,
3.66477e-07,1,-1.91417e-08,
0.953908,-3.5533e-07,-0.300098,
-0.310021,9.52604e-08,-0.95073,
3.68193e-07,1,-1.98661e-08,
0.95073,-3.56211e-07,-0.310021,
-0.319911,9.88235e-08,-0.947448,
3.69902e-07,1,-2.05944e-08,
0.947448,-3.57051e-07,-0.319911,
-0.329765,1.02408e-07,-0.944063,
3.71603e-07,1,-2.13264e-08,
0.944063,-3.5785e-07,-0.329765,
-0.339584,1.06015e-07,-0.940576,
3.73297e-07,1,-2.20622e-08,
0.940576,-3.58606e-07,-0.339584,
-0.349367,1.09642e-07,-0.936986,
3.74983e-07,1,-2.28015e-08,
0.936986,-3.5932e-07,-0.349367,
-0.359111,1.13289e-07,-0.933295,
3.76661e-07,1,-2.35444e-08,
0.933295,-3.59991e-07,-0.359111,
-0.368816,1.16957e-07,-0.929502,
3.78332e-07,1,-2.42907e-08,
0.929502,-3.60619e-07,-0.368816,
-0.378481,1.20643e-07,-0.925609,
3.79995e-07,1,-2.50404e-08,
0.925609,-3.61204e-07,-0.378481,
-0.388105,1.24349e-07,-0.921615,
3.8165e-07,1,-2.57934e-08,
0.921615,-3.61745e-07,-0.388105,
-0.397687,1.28072e-07,-0.917521,
3.83297e-07,1,-2.65496e-08,
0.917521,-3.62241e-07,-0.397687,
-0.407226,1.31814e-07,-0.913327,
3.84936e-07,1,-2.73088e-08,
0.913327,-3.62693e-07,-0.407226,
-0.416721,1.35573e-07,-0.909035,
3.86567e-07,1,-2.80712e-08,
0.909035,-3.63101e-07,-0.416721,
-0.42617,1.39348e-07,-0.904643,
3.8819e-07,1,-2.88365e-08,
0.904643,-3.63463e-07,-0.42617,
-0.435573,1.4314e-07,-0.900153,
3.89805e-07,1,-2.96046e-08,
0.900153,-3.6378e-07,-0.435573,
-0.444929,1.46947e-07,-0.895566,
3.91413e-07,1,-3.03756e-08,
0.895566,-3.64051e-07,-0.444929,
-0.454236,1.5077e-07,-0.890881,
3.93012e-07,1,-3.11492e-08,
0.890881,-3.64276e-07,-0.454236,
-0.463494,1.54607e-07,-0.8861,
3.94603e-07,1,-3.19255e-08,
0.8861,-3.64455e-07,-0.463494,
-0.472702,1.58458e-07,-0.881222,
3.96186e-07,1,-3.27043e-08,
0.881222,-3.64587e-07,-0.472702,
-0.481858,1.62323e-07,-0.876249,
3.97761e-07,1,-3.34856e-08,
0.876249,-3.64673e-07,-0.481858,
-0.490963,1.662e-07,-0.871181,
3.99328e-07,1,-3.42692e-08,
0.871181,-3.64711e-07,-0.490963,
-0.500013,1.7009e-07,-0.866018,
4.00886e-07,1,-3.50552e-08,
0.866018,-3.64703e-07,-0.500013,
-0.50901,1.73992e-07,-0.860761,
4.02437e-07,1,-3.58433e-08,
0.860761,-3.64646e-07,-0.50901,
-0.517951,1.77905e-07,-0.85541,
4.03979e-07,1,-3.66335e-08,
0.85541,-3.64542e-07,-0.517951,
-0.526836,1.81828e-07,-0.849967,
4.05513e-07,1,-3.74258e-08,
0.849967,-3.6439e-07,-0.526836,
-0.535664,1.85762e-07,-0.844431,
4.07038e-07,1,-3.822e-08,
0.844431,-3.64189e-07,-0.535664,
-0.544434,1.89705e-07,-0.838804,
4.08556e-07,1,-3.9016e-08,
0.838804,-3.6394e-07,-0.544434,
-0.553144,1.93657e-07,-0.833085,
4.10065e-07,1,-3.98138e-08,
0.833085,-3.63642e-07,-0.553144,
-0.561795,1.97617e-07,-0.827276,
4.11565e-07,1,-4.06133e-08,
0.827276,-3.63295e-07,-0.561795,
-0.570385,2.01585e-07,-0.821378,
4.13058e-07,1,-4.14144e-08,
0.821378,-3.62899e-07,-0.570385,
-0.578912,2.0556e-07,-0.81539,
4.14542e-07,1,-4.2217e-08,
0.81539,-3.62453e-07,-0.578912,
-0.587377,2.09542e-07,-0.809314,
4.16017e-07,1,-4.3021e-08,
0.809314,-3.61958e-07,-0.587377,
-0.595778,2.13529e-07,-0.803149,
4.17485e-07,1,-4.38264e-08,
0.803149,-3.61413e-07,-0.595778,
-0.604114,2.17522e-07,-0.796898,
4.18944e-07,1,-4.46329e-08,
0.796898,-3.60819e-07,-0.604114,
-0.612385,2.21519e-07,-0.79056,
4.20394e-07,1,-4.54407e-08,
0.79056,-3.60174e-07,-0.612385,
-0.620589,2.25521e-07,-0.784136,
4.21836e-07,1,-4.62495e-08,
0.784136,-3.59479e-07,-0.620589,
-0.628726,2.29526e-07,-0.777627,
4.2327e-07,1,-4.70593e-08,
0.777627,-3.58733e-07,-0.628726,
-0.636794,2.33534e-07,-0.771034,
4.24695e-07,1,-4.787e-08,
0.771034,-3.57937e-07,-0.636794,
-0.644794,2.37544e-07,-0.764357,
4.26112e-07,1,-4.86815e-08,
0.764357,-3.57091e-07,-0.644794,
-0.652723,2.41556e-07,-0.757596,
4.2752e-07,1,-4.94937e-08,
0.757596,-3.56193e-07,-0.652723,
-0.660582,2.45569e-07,-0.750754,
4.2892e-07,1,-5.03066e-08,
0.750754,-3.55245e-07,-0.660582,
-0.668369,2.49582e-07,-0.74383,
4.30311e-07,1,-5.112e-08,
0.74383,-3.54245e-07,-0.668369,
-0.676083,2.53595e-07,-0.736826,
4.31694e-07,1,-5.19338e-08,
0.736826,-3.53195e-07,-0.676083,
-0.683724,2.57607e-07,-0.729741,
4.33068e-07,1,-5.2748e-08,
0.729741,-3.52093e-07,-0.683724,
-0.69129,2.61617e-07,-0.722577,
4.34434e-07,1,-5.35625e-08,
0.722577,-3.50939e-07,-0.69129,
-0.698782,2.65625e-07,-0.715335,
4.35791e-07,1,-5.43772e-08,
0.715335,-3.49734e-07,-0.698782,
-0.706198,2.69631e-07,-0.708015,
4.3714e-07,1,-5.51919e-08,
0.708015,-3.48478e-07,-0.706198,
-0.713537,2.73633e-07,-0.700618,
4.38481e-07,1,-5.60067e-08,
0.700618,-3.4717e-07,-0.713537,
-0.720798,2.77631e-07,-0.693145,
4.39813e-07,1,-5.68214e-08,
0.693145,-3.45811e-07,-0.720798,
-0.727981,2.81624e-07,-0.685597,
4.41136e-07,1,-5.7636e-08,
0.685597,-3.44399e-07,-0.727981,
-0.735086,2.85612e-07,-0.677974,
4.42451e-07,1,-5.84502e-08,
0.677974,-3.42936e-07,-0.735086,
-0.74211,2.89593e-07,-0.670278,
4.43757e-07,1,-5.92642e-08,
0.670278,-3.41421e-07,-0.74211,
-0.749054,2.93568e-07,-0.662509,
4.45055e-07,1,-6.00777e-08,
0.662509,-3.39855e-07,-0.749054,
-0.755916,2.97536e-07,-0.654668,
4.46345e-07,1,-6.08907e-08,
0.654668,-3.38236e-07,-0.755916,
-0.762697,3.01496e-07,-0.646756,
4.47626e-07,1,-6.17031e-08,
0.646756,-3.36565e-07,-0.762697,
-0.769395,3.05447e-07,-0.638774,
4.48898e-07,1,-6.25148e-08,
0.638774,-3.34843e-07,-0.769395,
-0.776009,3.09389e-07,-0.630722,
4.50162e-07,1,-6.33257e-08,
0.630722,-3.33069e-07,-0.776009,
-0.782538,3.13321e-07,-0.622602,
4.51418e-07,1,-6.41357e-08,
0.622602,-3.31243e-07,-0.782538,
-0.788983,3.17242e-07,-0.614415,
4.52665e-07,1,-6.49448e-08,
0.614415,-3.29365e-07,-0.788983,
-0.795343,3.21153e-07,-0.60616,
4.53904e-07,1,-6.57528e-08,
0.60616,-3.27435e-07,-0.795343,
-0.801615,3.25051e-07,-0.59784,
4.55135e-07,1,-6.65597e-08,
0.59784,-3.25453e-07,-0.801615,
-0.807801,3.28937e-07,-0.589455,
4.56357e-07,1,-6.73653e-08,
0.589455,-3.23419e-07,-0.807801,
-0.813899,3.32809e-07,-0.581006,
4.5757e-07,1,-6.81697e-08,
0.581006,-3.21334e-07,-0.813899,
-0.819909,3.36668e-07,-0.572494,
4.58775e-07,1,-6.89726e-08,
0.572494,-3.19197e-07,-0.819909,
-0.82583,3.40512e-07,-0.563919,
4.59972e-07,1,-6.97741e-08,
0.563919,-3.17009e-07,-0.82583,
-0.831661,3.44341e-07,-0.555284,
4.61161e-07,1,-7.0574e-08,
0.555284,-3.14769e-07,-0.831661,
-0.837402,3.48154e-07,-0.546588,
4.62341e-07,1,-7.13722e-08,
0.546588,-3.12477e-07,-0.837402,
-0.843052,3.51951e-07,-0.537833,
4.63513e-07,1,-7.21687e-08,
0.537833,-3.10134e-07,-0.843052,
-0.84861,3.5573e-07,-0.529019,
4.64677e-07,1,-7.29634e-08,
0.529019,-3.0774e-07,-0.84861,
-0.854076,3.59492e-07,-0.520148,
4.65832e-07,1,-7.37561e-08,
0.520148,-3.05295e-07,-0.854076,
-0.85945,3.63235e-07,-0.511221,
4.66979e-07,1,-7.45468e-08,
0.511221,-3.02798e-07,-0.85945,
-0.86473,3.66959e-07,-0.502238,
4.68118e-07,1,-7.53355e-08,
0.502238,-3.00251e-07,-0.86473,
-0.869916,3.70663e-07,-0.4932,
4.69248e-07,1,-7.6122e-08,
0.4932,-2.97653e-07,-0.869916,
-0.875008,3.74347e-07,-0.484109,
4.70371e-07,1,-7.69062e-08,
0.484109,-2.95004e-07,-0.875008,
-0.880005,3.7801e-07,-0.474965,
4.71485e-07,1,-7.7688e-08,
0.474965,-2.92305e-07,-0.880005,
-0.884906,3.81651e-07,-0.46577,
4.72591e-07,1,-7.84675e-08,
0.46577,-2.89555e-07,-0.884906,
-0.889711,3.8527e-07,-0.456524,
4.73689e-07,1,-7.92444e-08,
0.456524,-2.86755e-07,-0.889711,
-0.89442,3.88865e-07,-0.447229,
4.74779e-07,1,-8.00187e-08,
0.447229,-2.83905e-07,-0.89442,
-0.899031,3.92437e-07,-0.437885,
4.75861e-07,1,-8.07903e-08,
0.437885,-2.81005e-07,-0.899031,
-0.903545,3.95985e-07,-0.428493,
4.76935e-07,1,-8.15592e-08,
0.428493,-2.78056e-07,-0.903545,
-0.907961,3.99507e-07,-0.419055,
4.78001e-07,1,-8.23252e-08,
0.419055,-2.75057e-07,-0.907961,
-0.912278,4.03004e-07,-0.409572,
4.79059e-07,1,-8.30882e-08,
0.409572,-2.72009e-07,-0.912278,
-0.916496,4.06475e-07,-0.400044,
4.80109e-07,1,-8.38483e-08,
0.400044,-2.68911e-07,-0.916496,
-0.920615,4.09919e-07,-0.390473,
4.81151e-07,1,-8.46053e-08,
0.390473,-2.65765e-07,-0.920615,
-0.924633,4.13335e-07,-0.380859,
4.82185e-07,1,-8.5359e-08,
0.380859,-2.6257e-07,-0.924633,
-0.928551,4.16723e-07,-0.371204,
4.83212e-07,1,-8.61095e-08,
0.371204,-2.59327e-07,-0.928551,
-0.932369,4.20082e-07,-0.361508,
4.8423e-07,1,-8.68567e-08,
0.361508,-2.56036e-07,-0.932369,
-0.936085,4.23412e-07,-0.351774,
4.85241e-07,1,-8.76004e-08,
0.351774,-2.52696e-07,-0.936085,
-0.9397,4.26711e-07,-0.342001,
4.86244e-07,1,-8.83406e-08,
0.342001,-2.4931e-07,-0.9397,
-0.943212,4.2998e-07,-0.332191,
4.8724e-07,1,-8.90773e-08,
0.332191,-2.45875e-07,-0.943212,
-0.946622,4.33217e-07,-0.322345,
4.88227e-07,1,-8.98103e-08,
0.322345,-2.42394e-07,-0.946622,
-0.94993,4.36423e-07,-0.312464,
4.89208e-07,1,-9.05395e-08,
0.312464,-2.38866e-07,-0.94993,
-0.953134,4.39595e-07,-0.302548,
4.9018e-07,1,-9.12649e-08,
0.302548,-2.35291e-07,-0.953134,
-0.956235,4.42735e-07,-0.292601,
4.91145e-07,1,-9.19864e-08,
0.292601,-2.3167e-07,-0.956235,
-0.959232,4.4584e-07,-0.282621,
4.92103e-07,1,-9.27039e-08,
0.282621,-2.28003e-07,-0.959232,
-0.962124,4.48911e-07,-0.272611,
4.93053e-07,1,-9.34173e-08,
0.272611,-2.2429e-07,-0.962124,
-0.964913,4.51947e-07,-0.262571,
4.93995e-07,1,-9.41266e-08,
0.262571,-2.20533e-07,-0.964913,
-0.967596,4.54948e-07,-0.252502,
4.94931e-07,1,-9.48317e-08,
0.252502,-2.1673e-07,-0.967596,
-0.970175,4.57912e-07,-0.242407,
4.95858e-07,1,-9.55325e-08,
0.242407,-2.12883e-07,-0.970175,
-0.972648,4.60839e-07,-0.232284,
4.96779e-07,1,-9.62289e-08,
0.232284,-2.08991e-07,-0.972648,
-0.975015,4.63728e-07,-0.222137,
4.97693e-07,1,-9.69209e-08,
0.222137,-2.05055e-07,-0.975015,
-0.977277,4.6658e-07,-0.211966,
4.98599e-07,1,-9.76084e-08,
0.211966,-2.01076e-07,-0.977277,
-0.979433,4.69392e-07,-0.201771,
4.99498e-07,1,-9.82912e-08,
0.201771,-1.97054e-07,-0.979433,
-0.981482,4.72166e-07,-0.191555,
5.0039e-07,1,-9.89694e-08,
0.191555,-1.92989e-07,-0.981482,
-0.983425,4.74899e-07,-0.181317,
5.01275e-07,1,-9.96429e-08,
0.181317,-1.88881e-07,-0.983425,
-0.985261,4.77592e-07,-0.171061,
5.02153e-07,1,-1.00312e-07,
0.171061,-1.84731e-07,-0.985261,
-0.986989,4.80244e-07,-0.160785,
5.03024e-07,1,-1.00975e-07,
0.160785,-1.8054e-07,-0.986989,
-0.988611,4.82854e-07,-0.150492,
5.03888e-07,1,-1.01634e-07,
0.150492,-1.76308e-07,-0.988611,
-0.990126,4.85422e-07,-0.140183,
5.04745e-07,1,-1.02288e-07,
0.140183,-1.72034e-07,-0.990126,
-0.991533,4.87948e-07,-0.129858,
5.05596e-07,1,-1.02936e-07,
0.129858,-1.67721e-07,-0.991533,
-0.992832,4.9043e-07,-0.11952,
5.0644e-07,1,-1.0358e-07,
0.11952,-1.63367e-07,-0.992832,
-0.994023,4.92868e-07,-0.109168,
5.07277e-07,1,-1.04218e-07,
0.109168,-1.58974e-07,-0.994023,
-0.995107,4.95261e-07,-0.0988048,
5.08107e-07,1,-1.04851e-07,
0.0988048,-1.54542e-07,-0.995107,
-0.996082,4.9761e-07,-0.0884306,
5.08931e-07,1,-1.05479e-07,
0.0884306,-1.50071e-07,-0.996082,
-0.99695,4.99913e-07,-0.0780469,
5.09749e-07,1,-1.06101e-07,
0.0780469,-1.45561e-07,-0.99695,
-0.997709,5.0217e-07,-0.0676547,
5.1056e-07,1,-1.06717e-07,
0.0676547,-1.41015e-07,-0.997709,
-0.99836,5.0438e-07,-0.0572551,
5.11364e-07,1,-1.07328e-07,
0.0572551,-1.36431e-07,-0.99836,
-0.998902,5.06543e-07,-0.0468493,
5.12162e-07,1,-1.07934e-07,
0.0468493,-1.3181e-07,-0.998902,
-0.999336,5.08659e-07,-0.0364385,
5.12954e-07,1,-1.08533e-07,
0.0364385,-1.27153e-07,-0.999336,
-0.999661,5.10726e-07,-0.0260237,
5.1374e-07,1,-1.09127e-07,
0.0260237,-1.2246e-07,-0.999661,
-0.999878,5.12745e-07,-0.015606,
5.1452e-07,1,-1.09715e-07,
0.015606,-1.17731e-07,-0.999878,
-0.999987,5.14714e-07,-0.00518666,
5.15293e-07,1,-1.10297e-07,
0.00518666,-1.12968e-07,-0.999987,
-0.999986,5.16634e-07,0.00523325,
5.16061e-07,1,-1.10873e-07,
-0.00523325,-1.08171e-07,-0.999986,
-0.999877,5.18503e-07,0.0156526,
5.16822e-07,1,-1.11444e-07,
-0.0156526,-1.0334e-07,-0.999877,
-0.99966,5.20322e-07,0.0260702,
5.17578e-07,1,-1.12008e-07,
-0.0260702,-9.84761e-08,-0.99966,
-0.999334,5.22089e-07,0.036485,
5.18327e-07,1,-1.12565e-07,
-0.036485,-9.35792e-08,-0.999334,
-0.9989,5.23805e-07,0.0468959,
5.19071e-07,1,-1.13117e-07,
-0.0468959,-8.86502e-08,-0.9989,
-0.998357,5.25468e-07,0.0573016,
5.19809e-07,1,-1.13662e-07,
-0.0573016,-8.36897e-08,-0.998357,
-0.997706,5.27079e-07,0.0677012,
5.20542e-07,1,-1.14201e-07,
-0.0677012,-7.8698e-08,-0.997706,
-0.996946,5.28637e-07,0.0780933,
5.21269e-07,1,-1.14734e-07,
-0.0780933,-7.36759e-08,-0.996946,
-0.996078,5.30141e-07,0.0884771,
5.2199e-07,1,-1.1526e-07,
-0.0884771,-6.86239e-08,-0.996078,
-0.995102,5.31591e-07,0.0988512,
5.22706e-07,1,-1.1578e-07,
-0.0988512,-6.35426e-08,-0.995102,
-0.994018,5.32987e-07,0.109215,
5.23417e-07,1,-1.16293e-07,
-0.109215,-5.84324e-08,-0.994018,
-0.992826,5.34328e-07,0.119566,
5.24122e-07,1,-1.16799e-07,
-0.119566,-5.32942e-08,-0.992826,
-0.991527,5.35613e-07,0.129905,
5.24823e-07,1,-1.17299e-07,
-0.129905,-4.81283e-08,-0.991527,
-0.990119,5.36843e-07,0.140229,
5.25517e-07,1,-1.17792e-07,
-0.140229,-4.29354e-08,-0.990119,
-0.988604,5.38016e-07,0.150538,
5.26207e-07,1,-1.18278e-07,
-0.150538,-3.77162e-08,-0.988604,
-0.986982,5.39133e-07,0.160831,
5.26892e-07,1,-1.18758e-07,
-0.160831,-3.24712e-08,-0.986982,
-0.985253,5.40193e-07,0.171106,
5.27572e-07,1,-1.1923e-07,
-0.171106,-2.7201e-08,-0.985253,
-0.983416,5.41195e-07,0.181363,
5.28247e-07,1,-1.19696e-07,
-0.181363,-2.19063e-08,-0.983416,
-0.981473,5.42139e-07,0.1916,
5.28917e-07,1,-1.20154e-07,
-0.1916,-1.65877e-08,-0.981473,
-0.979423,5.43026e-07,0.201817,
5.29582e-07,1,-1.20606e-07,
-0.201817,-1.12458e-08,-0.979423,
-0.977267,5.43853e-07,0.212011,
5.30243e-07,1,-1.2105e-07,
-0.212011,-5.88131e-09,-0.977267,
-0.975005,5.44622e-07,0.222182,
5.30899e-07,1,-1.21488e-07,
-0.222182,-4.94782e-10,-0.975005,
-0.972637,5.45331e-07,0.23233,
5.31551e-07,1,-1.21918e-07,
-0.23233,4.9131e-09,-0.972637,
-0.970163,5.45981e-07,0.242452,
5.32198e-07,1,-1.22341e-07,
-0.242452,1.03417e-08,-0.970163,
-0.967585,5.4657e-07,0.252547,
5.32841e-07,1,-1.22756e-07,
-0.252547,1.57903e-08,-0.967585,
-0.9649,5.47099e-07,0.262616,
5.33479e-07,1,-1.23165e-07,
-0.262616,2.12583e-08,-0.9649,
-0.962112,5.47568e-07,0.272656,
5.34113e-07,1,-1.23566e-07,
-0.272656,2.6745e-08,-0.962112,
-0.959218,5.47975e-07,0.282666,
5.34744e-07,1,-1.23959e-07,
-0.282666,3.22497e-08,-0.959218,
-0.956221,5.48321e-07,0.292645,
5.3537e-07,1,-1.24345e-07,
-0.292645,3.77718e-08,-0.956221,
-0.95312,5.48605e-07,0.302593,
5.35992e-07,1,-1.24724e-07,
-0.302593,4.33105e-08,-0.95312,
-0.949915,5.48827e-07,0.312508,
5.3661e-07,1,-1.25095e-07,
-0.312508,4.88653e-08,-0.949915,
-0.946607,5.48987e-07,0.322389,
5.37224e-07,1,-1.25458e-07,
-0.322389,5.44353e-08,-0.946607,
-0.943197,5.49084e-07,0.332235,
5.37835e-07,1,-1.25814e-07,
-0.332235,6.00199e-08,-0.943197,
-0.939684,5.49118e-07,0.342044,
5.38442e-07,1,-1.26162e-07,
-0.342044,6.56184e-08,-0.939684,
-0.936069,5.49089e-07,0.351817,
5.39045e-07,1,-1.26503e-07,
-0.351817,7.12301e-08,-0.936069,
-0.932352,5.48997e-07,0.361552,
5.39645e-07,1,-1.26835e-07,
-0.361552,7.68542e-08,-0.932352,
-0.928534,5.48841e-07,0.371247,
5.40241e-07,1,-1.2716e-07,
-0.371247,8.24901e-08,-0.928534,
-0.924615,5.4862e-07,0.380902,
5.40834e-07,1,-1.27478e-07,
-0.380902,8.81371e-08,-0.924615,
-0.920596,5.48336e-07,0.390516,
5.41424e-07,1,-1.27787e-07,
-0.390516,9.37944e-08,-0.920596,
-0.916477,5.47987e-07,0.400087,
5.42011e-07,1,-1.28088e-07,
-0.400087,9.94612e-08,-0.916477,
-0.912259,5.47574e-07,0.409614,
5.42594e-07,1,-1.28382e-07,
-0.409614,1.05137e-07,-0.912259,
-0.907941,5.47095e-07,0.419098,
5.43175e-07,1,-1.28668e-07,
-0.419098,1.10821e-07,-0.907941,
-0.903525,5.46552e-07,0.428536,
5.43753e-07,1,-1.28945e-07,
-0.428536,1.16512e-07,-0.903525,
-0.899011,5.45943e-07,0.437927,
5.44327e-07,1,-1.29215e-07,
-0.437927,1.2221e-07,-0.899011,
-0.894399,5.45268e-07,0.44727,
5.44899e-07,1,-1.29477e-07,
-0.44727,1.27914e-07,-0.894399,
-0.88969,5.44528e-07,0.456566,
5.45468e-07,1,-1.2973e-07,
-0.456566,1.33623e-07,-0.88969,
-0.884884,5.43722e-07,0.465811,
5.46035e-07,1,-1.29976e-07,
-0.465811,1.39336e-07,-0.884884,
-0.879982,5.4285e-07,0.475006,
5.46599e-07,1,-1.30213e-07,
-0.475006,1.45053e-07,-0.879982,
-0.874985,5.41911e-07,0.48415,
5.47161e-07,1,-1.30442e-07,
-0.48415,1.50773e-07,-0.874985,
-0.869893,5.40907e-07,0.49324,
5.4772e-07,1,-1.30663e-07,
-0.49324,1.56495e-07,-0.869893,
-0.864706,5.39835e-07,0.502278,
5.48278e-07,1,-1.30876e-07,
-0.502278,1.62218e-07,-0.864706,
-0.859426,5.38697e-07,0.511261,
5.48832e-07,1,-1.31081e-07,
-0.511261,1.67942e-07,-0.859426,
-0.854052,5.37493e-07,0.520188,
5.49385e-07,1,-1.31277e-07,
-0.520188,1.73666e-07,-0.854052,
-0.848585,5.36221e-07,0.529059,
5.49936e-07,1,-1.31466e-07,
-0.529059,1.79389e-07,-0.848585,
-0.843027,5.34882e-07,0.537872,
5.50485e-07,1,-1.31646e-07,
-0.537872,1.8511e-07,-0.843027,
-0.837376,5.33476e-07,0.546627,
5.51032e-07,1,-1.31817e-07,
-0.546627,1.90828e-07,-0.837376,
-0.831635,5.32003e-07,0.555322,
5.51578e-07,1,-1.31981e-07,
-0.555322,1.96544e-07,-0.831635,
-0.825804,5.30463e-07,0.563958,
5.52121e-07,1,-1.32136e-07,
-0.563958,2.02255e-07,-0.825804,
-0.819882,5.28855e-07,0.572532,
5.52663e-07,1,-1.32282e-07,
-0.572532,2.07961e-07,-0.819882,
-0.813872,5.2718e-07,0.581044,
5.53204e-07,1,-1.32421e-07,
-0.581044,2.13662e-07,-0.813872,
-0.807774,5.25437e-07,0.589493,
5.53743e-07,1,-1.32551e-07,
-0.589493,2.19357e-07,-0.807774,
-0.801588,5.23627e-07,0.597877,
5.54281e-07,1,-1.32672e-07,
-0.597877,2.25044e-07,-0.801588,
-0.795314,5.21749e-07,0.606197,
5.54818e-07,1,-1.32785e-07,
-0.606197,2.30723e-07,-0.795314,
-0.788955,5.19803e-07,0.614451,
5.55353e-07,1,-1.3289e-07,
-0.614451,2.36393e-07,-0.788955,
-0.782509,5.1779e-07,0.622639,
5.55888e-07,1,-1.32986e-07,
-0.622639,2.42054e-07,-0.782509,
-0.775979,5.15709e-07,0.630758,
5.56422e-07,1,-1.33074e-07,
-0.630758,2.47705e-07,-0.775979,
-0.769365,5.13561e-07,0.63881,
5.56954e-07,1,-1.33154e-07,
-0.63881,2.53344e-07,-0.769365,
-0.762667,5.11345e-07,0.646792,
5.57486e-07,1,-1.33225e-07,
-0.646792,2.58971e-07,-0.762667,
-0.755886,5.09061e-07,0.654703,
5.58017e-07,1,-1.33287e-07,
-0.654703,2.64586e-07,-0.755886,
-0.749023,5.0671e-07,0.662544,
5.58548e-07,1,-1.33341e-07,
-0.662544,2.70187e-07,-0.749023,
-0.742079,5.04291e-07,0.670313,
5.59078e-07,1,-1.33387e-07,
-0.670313,2.75773e-07,-0.742079,
-0.735054,5.01805e-07,0.678009,
5.59608e-07,1,-1.33424e-07,
-0.678009,2.81345e-07,-0.735054,
-0.727949,4.99251e-07,0.685631,
5.60137e-07,1,-1.33453e-07,
-0.685631,2.869e-07,-0.727949,
-0.720766,4.96629e-07,0.693179,
5.60666e-07,1,-1.33473e-07,
-0.693179,2.92439e-07,-0.720766,
-0.713504,4.93941e-07,0.700651,
5.61195e-07,1,-1.33484e-07,
-0.700651,2.9796e-07,-0.713504,
-0.706165,4.91185e-07,0.708048,
5.61724e-07,1,-1.33488e-07,
-0.708048,3.03463e-07,-0.706165,
-0.698749,4.88362e-07,0.715367,
5.62253e-07,1,-1.33482e-07,
-0.715367,3.08947e-07,-0.698749,
-0.691257,4.85472e-07,0.722609,
5.62782e-07,1,-1.33468e-07,
-0.722609,3.1441e-07,-0.691257,
-0.68369,4.82515e-07,0.729773,
5.63311e-07,1,-1.33446e-07,
-0.729773,3.19853e-07,-0.68369,
-0.676049,4.79491e-07,0.736857,
5.6384e-07,1,-1.33415e-07,
-0.736857,3.25274e-07,-0.676049,
-0.668334,4.76401e-07,0.743861,
5.6437e-07,1,-1.33376e-07,
-0.743861,3.30673e-07,-0.668334,
-0.660547,4.73244e-07,0.750785,
5.649e-07,1,-1.33328e-07,
-0.750785,3.36049e-07,-0.660547,
-0.652688,4.7002e-07,0.757627,
5.65431e-07,1,-1.33272e-07,
-0.757627,3.414e-07,-0.652688,
-0.644758,4.66731e-07,0.764387,
5.65962e-07,1,-1.33207e-07,
-0.764387,3.46727e-07,-0.644758,
-0.636758,4.63375e-07,0.771063,
5.66494e-07,1,-1.33134e-07,
-0.771063,3.52029e-07,-0.636758,
-0.62869,4.59953e-07,0.777656,
5.67027e-07,1,-1.33053e-07,
-0.777656,3.57303e-07,-0.62869,
-0.620552,4.56466e-07,0.784165,
5.67561e-07,1,-1.32963e-07,
-0.784165,3.62551e-07,-0.620552,
-0.612348,4.52913e-07,0.790588,
5.68096e-07,1,-1.32864e-07,
-0.790588,3.67771e-07,-0.612348,
-0.604077,4.49295e-07,0.796926,
5.68632e-07,1,-1.32757e-07,
-0.796926,3.72962e-07,-0.604077,
-0.59574,4.45612e-07,0.803177,
5.69169e-07,1,-1.32642e-07,
-0.803177,3.78123e-07,-0.59574,
-0.587339,4.41864e-07,0.809341,
5.69707e-07,1,-1.32518e-07,
-0.809341,3.83254e-07,-0.587339,
-0.578874,4.38051e-07,0.815417,
5.70246e-07,1,-1.32386e-07,
-0.815417,3.88354e-07,-0.578874,
-0.570346,4.34174e-07,0.821404,
5.70787e-07,1,-1.32246e-07,
-0.821404,3.93421e-07,-0.570346,
-0.561756,4.30232e-07,0.827303,
5.7133e-07,1,-1.32097e-07,
-0.827303,3.98456e-07,-0.561756,
-0.553106,4.26227e-07,0.833111,
5.71874e-07,1,-1.3194e-07,
-0.833111,4.03458e-07,-0.553106,
-0.544395,4.22158e-07,0.838829,
5.7242e-07,1,-1.31774e-07,
-0.838829,4.08425e-07,-0.544395,
-0.535625,4.18026e-07,0.844456,
5.72967e-07,1,-1.316e-07,
-0.844456,4.13357e-07,-0.535625,
-0.526797,4.13831e-07,0.849991,
5.73517e-07,1,-1.31418e-07,
-0.849991,4.18253e-07,-0.526797,
-0.517911,4.09573e-07,0.855434,
5.74068e-07,1,-1.31228e-07,
-0.855434,4.23113e-07,-0.517911,
-0.50897,4.05253e-07,0.860784,
5.74621e-07,1,-1.31029e-07,
-0.860784,4.27935e-07,-0.50897,
-0.499973,4.00871e-07,0.866041,
5.75177e-07,1,-1.30823e-07,
-0.866041,4.32719e-07,-0.499973,
-0.490922,3.96427e-07,0.871204,
5.75735e-07,1,-1.30608e-07,
-0.871204,4.37464e-07,-0.490922,
-0.481818,3.91921e-07,0.876272,
5.76295e-07,1,-1.30384e-07,
-0.876272,4.42169e-07,-0.481818,
-0.472661,3.87354e-07,0.881244,
5.76857e-07,1,-1.30153e-07,
-0.881244,4.46834e-07,-0.472661,
-0.463453,3.82727e-07,0.886122,
5.77422e-07,1,-1.29914e-07,
-0.886122,4.51457e-07,-0.463453,
-0.454195,3.78039e-07,0.890903,
5.77989e-07,1,-1.29666e-07,
-0.890903,4.56038e-07,-0.454195,
-0.444887,3.73292e-07,0.895587,
5.78559e-07,1,-1.2941e-07,
-0.895587,4.60577e-07,-0.444887,
-0.435531,3.68484e-07,0.900174,
5.79132e-07,1,-1.29147e-07,
-0.900174,4.65072e-07,-0.435531,
-0.426128,3.63618e-07,0.904663,
5.79707e-07,1,-1.28875e-07,
-0.904663,4.69522e-07,-0.426128,
-0.416678,3.58692e-07,0.909054,
5.80285e-07,1,-1.28595e-07,
-0.909054,4.73928e-07,-0.416678,
-0.407183,3.53709e-07,0.913346,
5.80867e-07,1,-1.28308e-07,
-0.913346,4.78288e-07,-0.407183,
-0.397645,3.48667e-07,0.91754,
5.81451e-07,1,-1.28012e-07,
-0.91754,4.82601e-07,-0.397645,
-0.388062,3.43568e-07,0.921633,
5.82038e-07,1,-1.27709e-07,
-0.921633,4.86867e-07,-0.388062,
-0.378438,3.38411e-07,0.925627,
5.82629e-07,1,-1.27397e-07,
-0.925627,4.91085e-07,-0.378438,
-0.368773,3.33198e-07,0.92952,
5.83223e-07,1,-1.27078e-07,
-0.92952,4.95254e-07,-0.368773,
-0.359067,3.27929e-07,0.933312,
5.8382e-07,1,-1.26751e-07,
-0.933312,4.99374e-07,-0.359067,
-0.349323,3.22604e-07,0.937002,
5.84421e-07,1,-1.26416e-07,
-0.937002,5.03444e-07,-0.349323,
-0.339541,3.17224e-07,0.940591,
5.85025e-07,1,-1.26074e-07,
-0.940591,5.07463e-07,-0.339541,
-0.329721,3.11789e-07,0.944078,
5.85633e-07,1,-1.25724e-07,
-0.944078,5.1143e-07,-0.329721,
-0.319867,3.063e-07,0.947463,
5.86245e-07,1,-1.25366e-07,
-0.947463,5.15345e-07,-0.319867,
-0.309977,3.00757e-07,0.950744,
5.8686e-07,1,-1.25001e-07,
-0.950744,5.19206e-07,-0.309977,
-0.300053,2.9516e-07,0.953922,
5.87479e-07,1,-1.24628e-07,
-0.953922,5.23015e-07,-0.300053,
-0.290098,2.89511e-07,0.956997,
5.88102e-07,1,-1.24247e-07,
-0.956997,5.26768e-07,-0.290098,
-0.28011,2.8381e-07,0.959968,
5.88729e-07,1,-1.23859e-07,
-0.959968,5.30467e-07,-0.28011,
-0.270092,2.78057e-07,0.962834,
5.89361e-07,1,-1.23464e-07,
-0.962834,5.3411e-07,-0.270092,
-0.260045,2.72253e-07,0.965596,
5.89996e-07,1,-1.23061e-07,
-0.965596,5.37697e-07,-0.260045,
-0.24997,2.66398e-07,0.968254,
5.90636e-07,1,-1.22651e-07,
-0.968254,5.41226e-07,-0.24997,
-0.239867,2.60493e-07,0.970806,
5.91279e-07,1,-1.22233e-07,
-0.970806,5.44698e-07,-0.239867,
-0.229739,2.54539e-07,0.973252,
5.91928e-07,1,-1.21809e-07,
-0.973252,5.48111e-07,-0.229739,
-0.219585,2.48536e-07,0.975593,
5.9258e-07,1,-1.21377e-07,
-0.975593,5.51465e-07,-0.219585,
-0.209408,2.42485e-07,0.977828,
5.93238e-07,1,-1.20938e-07,
-0.977828,5.5476e-07,-0.209408,
-0.199208,2.36386e-07,0.979957,
