1,0,0,
0,1,0,
0,0,1,
1,1.33855e-09,-0.000113709,
-1.33964e-09,1,-9.58885e-09,
0.000113709,9.58901e-09,1,
1,2.67602e-09,-0.000227418,
-2.68038e-09,1,-1.91777e-08,
0.000227418,1.91783e-08,1,
1,4.01239e-09,-0.000341127,
-4.0222e-09,1,-2.87664e-08,
0.000341127,2.87678e-08,1,
1,5.34767e-09,-0.000454836,
-5.36511e-09,1,-3.83551e-08,
0.000454836,3.83576e-08,1,
1,6.68186e-09,-0.000568544,
-6.70912e-09,1,-4.79438e-08,
0.000568544,4.79476e-08,1,
1,8.01496e-09,-0.000682253,
-8.05421e-09,1,-5.75324e-08,
0.000682253,5.75379e-08,1,
1,9.34697e-09,-0.000795962,
-9.4004e-09,1,-6.7121e-08,
0.000795962,6.71285e-08,1,
1,1.06779e-08,-0.000909671,
-1.07477e-08,1,-7.67095e-08,
0.000909671,7.67193e-08,1,
0.999999,1.20077e-08,-0.00102338,
-1.2096e-08,1,-8.6298e-08,
0.00102338,8.63104e-08,0.999999,
0.999999,1.33365e-08,-0.00113709,
-1.34455e-08,1,-9.58865e-08,
0.00113709,9.59017e-08,0.999999,
0.999999,1.46641e-08,-0.0012508,
-1.4796e-08,1,-1.05475e-07,
0.0012508,1.05493e-07,0.999999,
0.999999,1.59907e-08,-0.00136451,
-1.61477e-08,1,-1.15063e-07,
0.00136451,1.15085e-07,0.999999,
0.999999,1.73161e-08,-0.00147822,
-1.75004e-08,1,-1.24651e-07,
0.00147822,1.24677e-07,0.999999,
0.999999,1.86405e-08,-0.00159192,
-1.88542e-08,1,-1.3424e-07,
0.00159192,1.3427e-07,0.999999,
0.999999,1.99638e-08,-0.00170563,
-2.02091e-08,1,-1.43828e-07,
0.00170563,1.43862e-07,0.999999,
0.999998,2.1286e-08,-0.00181934,
-2.15651e-08,1,-1.53416e-07,
0.00181934,1.53455e-07,0.999998,
0.999998,2.26071e-08,-0.00193305,
-2.29222e-08,1,-1.63004e-07,
0.00193305,1.63048e-07,0.999998,
0.999998,2.39271e-08,-0.00204676,
-2.42804e-08,1,-1.72592e-07,
0.00204676,1.72642e-07,0.999998,
0.999998,2.5246e-08,-0.00216047,
-2.56397e-08,1,-1.8218e-07,
0.00216047,1.82235e-07,0.999998,
0.999997,2.65638e-08,-0.00227418,
-2.7e-08,1,-1.91768e-07,
0.00227418,1.91829e-07,0.999997,
0.999997,2.78806e-08,-0.00238788,
-2.83615e-08,1,-2.01356e-07,
0.00238788,2.01423e-07,0.999997,
0.999997,2.91962e-08,-0.00250159,
-2.9724e-08,1,-2.10944e-07,
0.00250159,2.11018e-07,0.999997,
0.999997,3.05108e-08,-0.0026153,
-3.10876e-08,1,-2.20532e-07,
0.0026153,2.20612e-07,0.999997,
0.999996,3.18242e-08,-0.00272901,
-3.24524e-08,1,-2.3012e-07,
0.00272901,2.30207e-07,0.999996,
0.999996,3.31366e-08,-0.00284272,
-3.38182e-08,1,-2.39707e-07,
0.00284272,2.39802e-07,0.999996,
0.999996,3.44479e-08,-0.00295643,
-3.51851e-08,1,-2.49295e-07,
0.00295643,2.49398e-07,0.999996,
0.999995,3.57581e-08,-0.00307014,
-3.65531e-08,1,-2.58883e-07,
0.00307014,2.58994e-07,0.999995,
0.999995,3.70672e-08,-0.00318384,
-3.79221e-08,1,-2.6847e-07,
0.00318384,2.6859e-07,0.999995,
0.999995,3.83752e-08,-0.00329755,
-3.92923e-08,1,-2.78058e-07,
0.00329755,2.78186e-07,0.999995,
0.999994,3.96821e-08,-0.00341126,
-4.06636e-08,1,-2.87645e-07,
0.00341126,2.87782e-07,0.999994,
0.999994,4.09879e-08,-0.00352497,
-4.20359e-08,1,-2.97233e-07,
0.00352497,2.97379e-07,0.999994,
0.999993,4.22927e-08,-0.00363868,
-4.34094e-08,1,-3.0682e-07,
0.00363868,3.06976e-07,0.999993,
0.999993,4.35963e-08,-0.00375238,
-4.47839e-08,1,-3.16407e-07,
0.00375238,3.16573e-07,0.999993,
0.999993,4.48989e-08,-0.00386609,
-4.61595e-08,1,-3.25995e-07,
0.00386609,3.26171e-07,0.999993,
0.999992,4.62003e-08,-0.0039798,
-4.75362e-08,1,-3.35582e-07,
0.0039798,3.35768e-07,0.999992,
0.999992,4.75007e-08,-0.00409351,
-4.8914e-08,1,-3.45169e-07,
0.00409351,3.45366e-07,0.999992,
0.999991,4.88e-08,-0.00420722,
-5.02929e-08,1,-3.54756e-07,
0.00420722,3.54965e-07,0.999991,
0.999991,5.00981e-08,-0.00432092,
-5.16729e-08,1,-3.64343e-07,
0.00432092,3.64563e-07,0.999991,
0.99999,5.13952e-08,-0.00443463,
-5.3054e-08,1,-3.7393e-07,
0.00443463,3.74162e-07,0.99999,
0.99999,5.26912e-08,-0.00454834,
-5.44361e-08,1,-3.83517e-07,
0.00454834,3.83761e-07,0.99999,
0.999989,5.39861e-08,-0.00466205,
-5.58194e-08,1,-3.93104e-07,
0.00466205,3.9336e-07,0.999989,
0.999989,5.52799e-08,-0.00477576,
-5.72037e-08,1,-4.02691e-07,
0.00477576,4.0296e-07,0.999989,
0.999988,5.65727e-08,-0.00488946,
-5.85892e-08,1,-4.12278e-07,
0.00488946,4.12559e-07,0.999988,
0.999987,5.78643e-08,-0.00500317,
-5.99757e-08,1,-4.21865e-07,
0.00500317,4.22159e-07,0.999987,
0.999987,5.91548e-08,-0.00511688,
-6.13633e-08,1,-4.31451e-07,
0.00511688,4.3176e-07,0.999987,
0.999986,6.04443e-08,-0.00523059,
-6.2752e-08,1,-4.41038e-07,
0.00523059,4.4136e-07,0.999986,
0.999986,6.17326e-08,-0.00534429,
-6.41418e-08,1,-4.50625e-07,
0.00534429,4.50961e-07,0.999986,
0.999985,6.30199e-08,-0.005458,
-6.55327e-08,1,-4.60211e-07,
0.005458,4.60562e-07,0.999985,
0.999984,6.43061e-08,-0.00557171,
-6.69247e-08,1,-4.69798e-07,
0.00557171,4.70163e-07,0.999984,
0.999984,6.55911e-08,-0.00568541,
-6.83177e-08,1,-4.79384e-07,
0.00568541,4.79765e-07,0.999984,
0.999983,6.68751e-08,-0.00579912,
-6.97119e-08,1,-4.88971e-07,
0.00579912,4.89367e-07,0.999983,
0.999983,6.8158e-08,-0.00591283,
-7.11071e-08,1,-4.98557e-07,
0.00591283,4.98969e-07,0.999983,
0.999982,6.94398e-08,-0.00602654,
-7.25035e-08,1,-5.08143e-07,
0.00602654,5.08571e-07,0.999982,
0.999981,7.07205e-08,-0.00614024,
-7.39009e-08,1,-5.17729e-07,
0.00614024,5.18173e-07,0.999981,
0.99998,7.20001e-08,-0.00625395,
-7.52994e-08,1,-5.27316e-07,
0.00625395,5.27776e-07,0.99998,
0.99998,7.32787e-08,-0.00636766,
-7.6699e-08,1,-5.36902e-07,
0.00636766,5.37379e-07,0.99998,
0.999979,7.45561e-08,-0.00648136,
-7.80997e-08,1,-5.46488e-07,
0.00648136,5.46983e-07,0.999979,
0.999978,7.58324e-08,-0.00659507,
-7.95015e-08,1,-5.56074e-07,
0.00659507,5.56586e-07,0.999978,
0.999977,7.71077e-08,-0.00670877,
-8.09044e-08,1,-5.6566e-07,
0.00670877,5.6619e-07,0.999977,
0.999977,7.83818e-08,-0.00682248,
-8.23083e-08,1,-5.75246e-07,
0.00682248,5.75794e-07,0.999977,
0.999976,7.96549e-08,-0.00693619,
-8.37134e-08,1,-5.84832e-07,
0.00693619,5.85398e-07,0.999976,
0.999975,8.09268e-08,-0.00704989,
-8.51195e-08,1,-5.94418e-07,
0.00704989,5.95003e-07,0.999975,
0.999974,8.21977e-08,-0.0071636,
-8.65268e-08,1,-6.04003e-07,
0.0071636,6.04608e-07,0.999974,
0.999974,8.34675e-08,-0.00727731,
-8.79351e-08,1,-6.13589e-07,
0.00727731,6.14213e-07,0.999974,
0.999973,8.47362e-08,-0.00739101,
-8.93445e-08,1,-6.23175e-07,
0.00739101,6.23818e-07,0.999973,
0.999972,8.60038e-08,-0.00750472,
-9.0755e-08,1,-6.3276e-07,
0.00750472,6.33424e-07,0.999972,
0.999971,8.72703e-08,-0.00761842,
-9.21666e-08,1,-6.42346e-07,
0.00761842,6.43029e-07,0.999971,
0.99997,8.85357e-08,-0.00773213,
-9.35793e-08,1,-6.51931e-07,
0.00773213,6.52636e-07,0.99997,
0.999969,8.98e-08,-0.00784583,
-9.49931e-08,1,-6.61517e-07,
0.00784583,6.62242e-07,0.999969,
0.999968,9.10632e-08,-0.00795954,
-9.64079e-08,1,-6.71102e-07,
0.00795954,6.71848e-07,0.999968,
0.999967,9.23253e-08,-0.00807324,
-9.78239e-08,1,-6.80688e-07,
0.00807324,6.81455e-07,0.999967,
0.999966,9.35864e-08,-0.00818695,
-9.92409e-08,1,-6.90273e-07,
0.00818695,6.91062e-07,0.999966,
0.999966,9.48463e-08,-0.00830065,
-1.00659e-07,1,-6.99858e-07,
0.00830065,7.0067e-07,0.999966,
0.999965,9.61052e-08,-0.00841436,
-1.02078e-07,1,-7.09443e-07,
0.00841436,7.10277e-07,0.999965,
0.999964,9.73629e-08,-0.00852806,
-1.03499e-07,1,-7.19028e-07,
0.00852806,7.19885e-07,0.999964,
0.999963,9.86196e-08,-0.00864177,
-1.0492e-07,1,-7.28614e-07,
0.00864177,7.29493e-07,0.999963,
0.999962,9.98751e-08,-0.00875547,
-1.06343e-07,1,-7.38199e-07,
0.00875547,7.39101e-07,0.999962,
0.999961,1.0113e-07,-0.00886918,
-1.07766e-07,1,-7.47784e-07,
0.00886918,7.4871e-07,0.999961,
0.99996,1.02383e-07,-0.00898288,
-1.09191e-07,1,-7.57368e-07,
0.00898288,7.58319e-07,0.99996,
0.999959,1.03635e-07,-0.00909659,
-1.10617e-07,1,-7.66953e-07,
0.00909659,7.67928e-07,0.999959,
0.999958,1.04886e-07,-0.00921029,
-1.12043e-07,1,-7.76538e-07,
0.00921029,7.77537e-07,0.999958,
0.999957,1.06137e-07,-0.00932399,
-1.13471e-07,1,-7.86123e-07,
0.00932399,7.87147e-07,0.999957,
0.999955,1.07386e-07,-0.0094377,
-1.149e-07,1,-7.95708e-07,
0.0094377,7.96756e-07,0.999955,
0.999954,1.08634e-07,-0.0095514,
-1.1633e-07,1,-8.05292e-07,
0.0095514,8.06367e-07,0.999954,
0.999953,1.0988e-07,-0.00966511,
-1.17762e-07,1,-8.14877e-07,
0.00966511,8.15977e-07,0.999953,
0.999952,1.11126e-07,-0.00977881,
-1.19194e-07,1,-8.24461e-07,
0.00977881,8.25587e-07,0.999952,
0.999951,1.12371e-07,-0.00989251,
-1.20627e-07,1,-8.34046e-07,
0.00989251,8.35198e-07,0.999951,
0.99995,1.13614e-07,-0.0100062,
-1.22062e-07,1,-8.4363e-07,
0.0100062,8.44809e-07,0.99995,
0.999949,1.14857e-07,-0.0101199,
-1.23497e-07,1,-8.53214e-07,
0.0101199,8.54421e-07,0.999949,
0.999948,1.16098e-07,-0.0102336,
-1.24934e-07,1,-8.62799e-07,
0.0102336,8.64032e-07,0.999948,
0.999946,1.17338e-07,-0.0103473,
-1.26372e-07,1,-8.72383e-07,
0.0103473,8.73644e-07,0.999946,
0.999945,1.18577e-07,-0.010461,
-1.27811e-07,1,-8.81967e-07,
0.010461,8.83256e-07,0.999945,
0.999944,1.19815e-07,-0.0105747,
-1.29251e-07,1,-8.91551e-07,
0.0105747,8.92868e-07,0.999944,
0.999943,1.21052e-07,-0.0106884,
-1.30692e-07,1,-9.01135e-07,
0.0106884,9.02481e-07,0.999943,
0.999942,1.22288e-07,-0.0108021,
-1.32134e-07,1,-9.10719e-07,
0.0108021,9.12094e-07,0.999942,
0.99994,1.23523e-07,-0.0109158,
-1.33577e-07,1,-9.20303e-07,
0.0109158,9.21707e-07,0.99994,
0.999939,1.24757e-07,-0.0110295,
-1.35021e-07,1,-9.29887e-07,
0.0110295,9.3132e-07,0.999939,
0.999938,1.25989e-07,-0.0111432,
-1.36467e-07,1,-9.39471e-07,
0.0111432,9.40933e-07,0.999938,
0.999937,1.27221e-07,-0.0112569,
-1.37913e-07,1,-9.49055e-07,
0.0112569,9.50547e-07,0.999937,
0.999935,1.28451e-07,-0.0113706,
-1.39361e-07,1,-9.58638e-07,
0.0113706,9.60161e-07,0.999935,
0.999934,1.29681e-07,-0.0114843,
-1.40809e-07,1,-9.68222e-07,
0.0114843,9.69775e-07,0.999934,
0.999933,1.30909e-07,-0.011598,
-1.42259e-07,1,-9.77806e-07,
0.011598,9.7939e-07,0.999933,
0.999931,1.32136e-07,-0.0117117,
-1.4371e-07,1,-9.87389e-07,
0.0117117,9.89005e-07,0.999931,
0.99993,1.33362e-07,-0.0118254,
-1.45162e-07,1,-9.96973e-07,
0.0118254,9.9862e-07,0.99993,
0.999929,1.34587e-07,-0.0119392,
-1.46615e-07,1,-1.00656e-06,
0.0119392,1.00823e-06,0.999929,
0.999927,1.35811e-07,-0.0120529,
-1.48069e-07,1,-1.01614e-06,
0.0120529,1.01785e-06,0.999927,
0.999926,1.37034e-07,-0.0121666,
-1.49524e-07,1,-1.02572e-06,
0.0121666,1.02747e-06,0.999926,
0.999925,1.38255e-07,-0.0122803,
-1.5098e-07,1,-1.03531e-06,
0.0122803,1.03708e-06,0.999925,
0.999923,1.39476e-07,-0.012394,
-1.52438e-07,1,-1.04489e-06,
0.012394,1.0467e-06,0.999923,
0.999922,1.40695e-07,-0.0125077,
-1.53896e-07,1,-1.05447e-06,
0.0125077,1.05631e-06,0.999922,
0.99992,1.41914e-07,-0.0126214,
-1.55356e-07,1,-1.06406e-06,
0.0126214,1.06593e-06,0.99992,
0.999919,1.43131e-07,-0.0127351,
-1.56816e-07,1,-1.07364e-06,
0.0127351,1.07555e-06,0.999919,
0.999917,1.44347e-07,-0.0128488,
-1.58278e-07,1,-1.08322e-06,
0.0128488,1.08517e-06,0.999917,
0.999916,1.45562e-07,-0.0129625,
-1.59741e-07,1,-1.0928e-06,
0.0129625,1.09478e-06,0.999916,
0.999915,1.46776e-07,-0.0130762,
-1.61205e-07,1,-1.10239e-06,
0.0130762,1.1044e-06,0.999915,
0.999913,1.47989e-07,-0.0131898,
-1.6267e-07,1,-1.11197e-06,
0.0131898,1.11402e-06,0.999913,
0.999912,1.49201e-07,-0.0133035,
-1.64136e-07,1,-1.12155e-06,
0.0133035,1.12364e-06,0.999912,
0.99991,1.50411e-07,-0.0134172,
-1.65603e-07,1,-1.13114e-06,
0.0134172,1.13326e-06,0.99991,
0.999908,1.51621e-07,-0.0135309,
-1.67071e-07,1,-1.14072e-06,
0.0135309,1.14287e-06,0.999908,
0.999907,1.5283e-07,-0.0136446,
-1.68541e-07,1,-1.1503e-06,
0.0136446,1.15249e-06,0.999907,
0.999905,1.54037e-07,-0.0137583,
-1.70011e-07,1,-1.15988e-06,
0.0137583,1.16211e-06,0.999905,
0.999904,1.55243e-07,-0.013872,
-1.71483e-07,1,-1.16947e-06,
0.013872,1.17173e-06,0.999904,
0.999902,1.56449e-07,-0.0139857,
-1.72955e-07,1,-1.17905e-06,
0.0139857,1.18135e-06,0.999902,
0.999901,1.57653e-07,-0.0140994,
-1.74429e-07,1,-1.18863e-06,
0.0140994,1.19097e-06,0.999901,
0.999899,1.58856e-07,-0.0142131,
-1.75904e-07,1,-1.19821e-06,
0.0142131,1.20059e-06,0.999899,
0.999897,1.60058e-07,-0.0143268,
-1.7738e-07,1,-1.20779e-06,
0.0143268,1.21021e-06,0.999897,
0.999896,1.61259e-07,-0.0144405,
-1.78857e-07,1,-1.21738e-06,
0.0144405,1.21983e-06,0.999896,
0.999894,1.62458e-07,-0.0145542,
-1.80335e-07,1,-1.22696e-06,
0.0145542,1.22945e-06,0.999894,
0.999892,1.63657e-07,-0.0146679,
-1.81814e-07,1,-1.23654e-06,
0.0146679,1.23907e-06,0.999892,
0.999891,1.64854e-07,-0.0147816,
-1.83294e-07,1,-1.24612e-06,
0.0147816,1.2487e-06,0.999891,
0.999889,1.66051e-07,-0.0148953,
-1.84776e-07,1,-1.2557e-06,
0.0148953,1.25832e-06,0.999889,
0.999887,1.67246e-07,-0.015009,
-1.86258e-07,1,-1.26529e-06,
0.015009,1.26794e-06,0.999887,
0.999886,1.68441e-07,-0.0151227,
-1.87742e-07,1,-1.27487e-06,
0.0151227,1.27756e-06,0.999886,
0.999884,1.69634e-07,-0.0152364,
-1.89226e-07,1,-1.28445e-06,
0.0152364,1.28718e-06,0.999884,
0.999882,1.70826e-07,-0.0153501,
-1.90712e-07,1,-1.29403e-06,
0.0153501,1.29681e-06,0.999882,
0.99988,1.72017e-07,-0.0154638,
-1.92199e-07,1,-1.30361e-06,
0.0154638,1.30643e-06,0.99988,
0.999879,1.73207e-07,-0.0155775,
-1.93686e-07,1,-1.31319e-06,
0.0155775,1.31605e-06,0.999879,
0.999877,1.74396e-07,-0.0156912,
-1.95175e-07,1,-1.32278e-06,
0.0156912,1.32568e-06,0.999877,
0.999875,1.75583e-07,-0.0158049,
-1.96666e-07,1,-1.33236e-06,
0.0158049,1.3353e-06,0.999875,
0.999873,1.7677e-07,-0.0159186,
-1.98157e-07,1,-1.34194e-06,
0.0159186,1.34492e-06,0.999873,
0.999871,1.77955e-07,-0.0160323,
-1.99649e-07,1,-1.35152e-06,
0.0160323,1.35455e-06,0.999871,
0.99987,1.7914e-07,-0.016146,
-2.01142e-07,1,-1.3611e-06,
0.016146,1.36417e-06,0.99987,
0.999868,1.80323e-07,-0.0162597,
-2.02637e-07,1,-1.37068e-06,
0.0162597,1.3738e-06,0.999868,
0.999866,1.81505e-07,-0.0163733,
-2.04132e-07,1,-1.38026e-06,
0.0163733,1.38342e-06,0.999866,
0.999864,1.82686e-07,-0.016487,
-2.05629e-07,1,-1.38984e-06,
0.016487,1.39304e-06,0.999864,
0.999862,1.83866e-07,-0.0166007,
-2.07126e-07,1,-1.39942e-06,
0.0166007,1.40267e-06,0.999862,
0.99986,1.85045e-07,-0.0167144,
-2.08625e-07,1,-1.40901e-06,
0.0167144,1.4123e-06,0.99986,
0.999858,1.86223e-07,-0.0168281,
-2.10125e-07,1,-1.41859e-06,
0.0168281,1.42192e-06,0.999858,
0.999856,1.874e-07,-0.0169418,
-2.11626e-07,1,-1.42817e-06,
0.0169418,1.43155e-06,0.999856,
0.999855,1.88576e-07,-0.0170555,
-2.13128e-07,1,-1.43775e-06,
0.0170555,1.44117e-06,0.999855,
0.999853,1.8975e-07,-0.0171692,
-2.14631e-07,1,-1.44733e-06,
0.0171692,1.4508e-06,0.999853,
0.999851,1.90924e-07,-0.0172829,
-2.16135e-07,1,-1.45691e-06,
0.0172829,1.46043e-06,0.999851,
0.999849,1.92096e-07,-0.0173966,
-2.17641e-07,1,-1.46649e-06,
0.0173966,1.47005e-06,0.999849,
0.999847,1.93267e-07,-0.0175103,
-2.19147e-07,1,-1.47607e-06,
0.0175103,1.47968e-06,0.999847,
0.999845,1.94437e-07,-0.017624,
-2.20655e-07,1,-1.48565e-06,
0.017624,1.48931e-06,0.999845,
0.999843,1.95606e-07,-0.0177377,
-2.22163e-07,1,-1.49523e-06,
0.0177377,1.49894e-06,0.999843,
0.999841,1.96774e-07,-0.0178513,
-2.23673e-07,1,-1.50481e-06,
0.0178513,1.50856e-06,0.999841,
0.999839,1.97941e-07,-0.017965,
-2.25184e-07,1,-1.51439e-06,
0.017965,1.51819e-06,0.999839,
0.999837,1.99107e-07,-0.0180787,
-2.26695e-07,1,-1.52397e-06,
0.0180787,1.52782e-06,0.999837,
0.999835,2.00272e-07,-0.0181924,
-2.28208e-07,1,-1.53355e-06,
0.0181924,1.53745e-06,0.999835,
0.999832,2.01435e-07,-0.0183061,
-2.29722e-07,1,-1.54313e-06,
0.0183061,1.54708e-06,0.999832,
0.99983,2.02598e-07,-0.0184198,
-2.31237e-07,1,-1.55271e-06,
0.0184198,1.55671e-06,0.99983,
0.999828,2.03759e-07,-0.0185335,
-2.32754e-07,1,-1.56229e-06,
0.0185335,1.56634e-06,0.999828,
0.999826,2.04919e-07,-0.0186472,
-2.34271e-07,1,-1.57187e-06,
0.0186472,1.57597e-06,0.999826,
0.999824,2.06079e-07,-0.0187609,
-2.35789e-07,1,-1.58145e-06,
0.0187609,1.58559e-06,0.999824,
0.999822,2.07237e-07,-0.0188746,
-2.37309e-07,1,-1.59103e-06,
0.0188746,1.59522e-06,0.999822,
0.99982,2.08394e-07,-0.0189882,
-2.38829e-07,1,-1.60061e-06,
0.0189882,1.60486e-06,0.99982,
0.999818,2.09549e-07,-0.0191019,
-2.40351e-07,1,-1.61019e-06,
0.0191019,1.61449e-06,0.999818,
0.999815,2.10704e-07,-0.0192156,
-2.41874e-07,1,-1.61977e-06,
0.0192156,1.62412e-06,0.999815,
0.999813,2.11858e-07,-0.0193293,
-2.43398e-07,1,-1.62935e-06,
0.0193293,1.63375e-06,0.999813,
0.999811,2.13011e-07,-0.019443,
-2.44923e-07,1,-1.63893e-06,
0.019443,1.64338e-06,0.999811,
0.999809,2.14162e-07,-0.0195567,
-2.46449e-07,1,-1.64851e-06,
0.0195567,1.65301e-06,0.999809,
0.999807,2.15313e-07,-0.0196704,
-2.47976e-07,1,-1.65808e-06,
0.0196704,1.66264e-06,0.999807,
0.999804,2.16462e-07,-0.0197841,
-2.49504e-07,1,-1.66766e-06,
0.0197841,1.67227e-06,0.999804,
0.999802,2.1761e-07,-0.0198977,
-2.51033e-07,1,-1.67724e-06,
0.0198977,1.68191e-06,0.999802,
0.9998,2.18757e-07,-0.0200114,
-2.52563e-07,1,-1.68682e-06,
0.0200114,1.69154e-06,0.9998,
0.999797,2.19903e-07,-0.0201251,
-2.54095e-07,1,-1.6964e-06,
0.0201251,1.70117e-06,0.999797,
0.999795,2.21048e-07,-0.0202388,
-2.55627e-07,1,-1.70598e-06,
0.0202388,1.7108e-06,0.999795,
0.999793,2.22192e-07,-0.0203525,
-2.57161e-07,1,-1.71556e-06,
0.0203525,1.72044e-06,0.999793,
0.999791,2.23335e-07,-0.0204662,
-2.58696e-07,1,-1.72514e-06,
0.0204662,1.73007e-06,0.999791,
0.999788,2.24476e-07,-0.0205799,
-2.60232e-07,1,-1.73472e-06,
0.0205799,1.7397e-06,0.999788,
0.999786,2.25617e-07,-0.0206935,
-2.61769e-07,1,-1.74429e-06,
0.0206935,1.74934e-06,0.999786,
0.999784,2.26756e-07,-0.0208072,
-2.63307e-07,1,-1.75387e-06,
0.0208072,1.75897e-06,0.999784,
0.999781,2.27895e-07,-0.0209209,
-2.64846e-07,1,-1.76345e-06,
0.0209209,1.76861e-06,0.999781,
0.999779,2.29032e-07,-0.0210346,
-2.66386e-07,1,-1.77303e-06,
0.0210346,1.77824e-06,0.999779,
0.999776,2.30168e-07,-0.0211483,
-2.67927e-07,1,-1.78261e-06,
0.0211483,1.78788e-06,0.999776,
0.999774,2.31303e-07,-0.021262,
-2.69469e-07,1,-1.79219e-06,
0.021262,1.79751e-06,0.999774,
0.999772,2.32437e-07,-0.0213756,
-2.71013e-07,1,-1.80176e-06,
0.0213756,1.80715e-06,0.999772,
0.999769,2.3357e-07,-0.0214893,
-2.72557e-07,1,-1.81134e-06,
0.0214893,1.81678e-06,0.999769,
0.999767,2.34702e-07,-0.021603,
-2.74103e-07,1,-1.82092e-06,
0.021603,1.82642e-06,0.999767,
0.999764,2.35832e-07,-0.0217167,
-2.7565e-07,1,-1.8305e-06,
0.0217167,1.83605e-06,0.999764,
0.999762,2.36962e-07,-0.0218304,
-2.77197e-07,1,-1.84008e-06,
0.0218304,1.84569e-06,0.999762,
0.999759,2.3809e-07,-0.0219441,
-2.78746e-07,1,-1.84965e-06,
0.0219441,1.85532e-06,0.999759,
0.999757,2.39218e-07,-0.0220577,
-2.80296e-07,1,-1.85923e-06,
0.0220577,1.86496e-06,0.999757,
0.999754,2.40344e-07,-0.0221714,
-2.81847e-07,1,-1.86881e-06,
0.0221714,1.8746e-06,0.999754,
0.999752,2.41469e-07,-0.0222851,
-2.83399e-07,1,-1.87839e-06,
0.0222851,1.88424e-06,0.999752,
0.999749,2.42593e-07,-0.0223988,
-2.84953e-07,1,-1.88796e-06,
0.0223988,1.89387e-06,0.999749,
0.999747,2.43716e-07,-0.0225125,
-2.86507e-07,1,-1.89754e-06,
0.0225125,1.90351e-06,0.999747,
0.999744,2.44838e-07,-0.0226261,
-2.88062e-07,1,-1.90712e-06,
0.0226261,1.91315e-06,0.999744,
0.999741,2.45959e-07,-0.0227398,
-2.89619e-07,1,-1.9167e-06,
0.0227398,1.92279e-06,0.999741,
0.999739,2.47078e-07,-0.0228535,
-2.91177e-07,1,-1.92627e-06,
0.0228535,1.93242e-06,0.999739,
0.999736,2.48197e-07,-0.0229672,
-2.92735e-07,1,-1.93585e-06,
0.0229672,1.94206e-06,0.999736,
0.999734,2.49314e-07,-0.0230809,
-2.94295e-07,1,-1.94543e-06,
0.0230809,1.9517e-06,0.999734,
0.999731,2.50431e-07,-0.0231945,
-2.95856e-07,1,-1.955e-06,
0.0231945,1.96134e-06,0.999731,
0.999728,2.51546e-07,-0.0233082,
-2.97418e-07,1,-1.96458e-06,
0.0233082,1.97098e-06,0.999728,
0.999726,2.5266e-07,-0.0234219,
-2.98981e-07,1,-1.97416e-06,
0.0234219,1.98062e-06,0.999726,
0.999723,2.53773e-07,-0.0235356,
-3.00545e-07,1,-1.98374e-06,
0.0235356,1.99026e-06,0.999723,
0.99972,2.54885e-07,-0.0236492,
-3.0211e-07,1,-1.99331e-06,
0.0236492,1.9999e-06,0.99972,
0.999718,2.55996e-07,-0.0237629,
-3.03676e-07,1,-2.00289e-06,
0.0237629,2.00954e-06,0.999718,
0.999715,2.57106e-07,-0.0238766,
-3.05244e-07,1,-2.01247e-06,
0.0238766,2.01918e-06,0.999715,
0.999712,2.58215e-07,-0.0239903,
-3.06812e-07,1,-2.02204e-06,
0.0239903,2.02882e-06,0.999712,
0.999709,2.59322e-07,-0.024104,
-3.08382e-07,1,-2.03162e-06,
0.024104,2.03846e-06,0.999709,
0.999707,2.60429e-07,-0.0242176,
-3.09953e-07,1,-2.04119e-06,
0.0242176,2.0481e-06,0.999707,
0.999704,2.61534e-07,-0.0243313,
-3.11524e-07,1,-2.05077e-06,
0.0243313,2.05774e-06,0.999704,
0.999701,2.62638e-07,-0.024445,
-3.13097e-07,1,-2.06035e-06,
0.024445,2.06738e-06,0.999701,
0.999698,2.63742e-07,-0.0245587,
-3.14671e-07,1,-2.06992e-06,
0.0245587,2.07703e-06,0.999698,
0.999696,2.64844e-07,-0.0246723,
-3.16246e-07,1,-2.0795e-06,
0.0246723,2.08667e-06,0.999696,
0.999693,2.65945e-07,-0.024786,
-3.17822e-07,1,-2.08908e-06,
0.024786,2.09631e-06,0.999693,
0.99969,2.67045e-07,-0.0248997,
-3.19399e-07,1,-2.09865e-06,
0.0248997,2.10595e-06,0.99969,
0.999687,2.68143e-07,-0.0250133,
-3.20978e-07,1,-2.10823e-06,
0.0250133,2.1156e-06,0.999687,
0.999684,2.69241e-07,-0.025127,
-3.22557e-07,1,-2.1178e-06,
0.025127,2.12524e-06,0.999684,
0.999681,2.70338e-07,-0.0252407,
-3.24138e-07,1,-2.12738e-06,
0.0252407,2.13488e-06,0.999681,
0.999679,2.71433e-07,-0.0253544,
-3.25719e-07,1,-2.13695e-06,
0.0253544,2.14453e-06,0.999679,
0.999676,2.72528e-07,-0.025468,
-3.27302e-07,1,-2.14653e-06,
0.025468,2.15417e-06,0.999676,
0.999673,2.73621e-07,-0.0255817,
-3.28885e-07,1,-2.15611e-06,
0.0255817,2.16381e-06,0.999673,
0.99967,2.74713e-07,-0.0256954,
-3.3047e-07,1,-2.16568e-06,
0.0256954,2.17346e-06,0.99967,
0.999667,2.75804e-07,-0.0258091,
-3.32056e-07,1,-2.17526e-06,
0.0258091,2.1831e-06,0.999667,
0.999664,2.76894e-07,-0.0259227,
-3.33643e-07,1,-2.18483e-06,
0.0259227,2.19275e-06,0.999664,
0.999661,2.77983e-07,-0.0260364,
-3.35231e-07,1,-2.19441e-06,
0.0260364,2.20239e-06,0.999661,
0.999658,2.79071e-07,-0.0261501,
-3.3682e-07,1,-2.20398e-06,
0.0261501,2.21204e-06,0.999658,
0.999655,2.80158e-07,-0.0262637,
-3.38411e-07,1,-2.21356e-06,
0.0262637,2.22168e-06,0.999655,
0.999652,2.81243e-07,-0.0263774,
-3.40002e-07,1,-2.22313e-06,
0.0263774,2.23133e-06,0.999652,
0.999649,2.82328e-07,-0.0264911,
-3.41594e-07,1,-2.23271e-06,
0.0264911,2.24097e-06,0.999649,
0.999646,2.83411e-07,-0.0266047,
-3.43188e-07,1,-2.24228e-06,
0.0266047,2.25062e-06,0.999646,
0.999643,2.84493e-07,-0.0267184,
-3.44783e-07,1,-2.25186e-06,
0.0267184,2.26026e-06,0.999643,
0.99964,2.85575e-07,-0.0268321,
-3.46378e-07,1,-2.26143e-06,
0.0268321,2.26991e-06,0.99964,
0.999637,2.86655e-07,-0.0269457,
-3.47975e-07,1,-2.27101e-06,
0.0269457,2.27956e-06,0.999637,
0.999634,2.87734e-07,-0.0270594,
-3.49573e-07,1,-2.28058e-06,
0.0270594,2.2892e-06,0.999634,
0.999631,2.88812e-07,-0.0271731,
-3.51172e-07,1,-2.29015e-06,
0.0271731,2.29885e-06,0.999631,
0.999628,2.89889e-07,-0.0272867,
-3.52772e-07,1,-2.29973e-06,
0.0272867,2.3085e-06,0.999628,
0.999625,2.90964e-07,-0.0274004,
-3.54373e-07,1,-2.3093e-06,
0.0274004,2.31815e-06,0.999625,
0.999621,2.92039e-07,-0.0275141,
-3.55975e-07,1,-2.31888e-06,
0.0275141,2.32779e-06,0.999621,
0.999618,2.93112e-07,-0.0276277,
-3.57579e-07,1,-2.32845e-06,
0.0276277,2.33744e-06,0.999618,
0.999615,2.94185e-07,-0.0277414,
-3.59183e-07,1,-2.33803e-06,
0.0277414,2.34709e-06,0.999615,
0.999612,2.95256e-07,-0.0278551,
-3.60789e-07,1,-2.3476e-06,
0.0278551,2.35674e-06,0.999612,
0.999609,2.96326e-07,-0.0279687,
-3.62395e-07,1,-2.35717e-06,
0.0279687,2.36639e-06,0.999609,
0.999606,2.97395e-07,-0.0280824,
-3.64003e-07,1,-2.36675e-06,
0.0280824,2.37604e-06,0.999606,
0.999602,2.98463e-07,-0.0281961,
-3.65612e-07,1,-2.37632e-06,
0.0281961,2.38568e-06,0.999602,
0.999599,2.9953e-07,-0.0283097,
-3.67221e-07,1,-2.38589e-06,
0.0283097,2.39533e-06,0.999599,
0.999596,3.00596e-07,-0.0284234,
-3.68832e-07,1,-2.39547e-06,
0.0284234,2.40498e-06,0.999596,
0.999593,3.01661e-07,-0.0285371,
-3.70444e-07,1,-2.40504e-06,
0.0285371,2.41463e-06,0.999593,
0.999589,3.02724e-07,-0.0286507,
-3.72058e-07,1,-2.41462e-06,
0.0286507,2.42428e-06,0.999589,
0.999586,3.03787e-07,-0.0287644,
-3.73672e-07,1,-2.42419e-06,
0.0287644,2.43393e-06,0.999586,
0.999583,3.04848e-07,-0.028878,
-3.75287e-07,1,-2.43376e-06,
0.028878,2.44358e-06,0.999583,
0.99958,3.05909e-07,-0.0289917,
-3.76903e-07,1,-2.44334e-06,
0.0289917,2.45324e-06,0.99958,
0.999576,3.06968e-07,-0.0291054,
-3.78521e-07,1,-2.45291e-06,
0.0291054,2.46289e-06,0.999576,
0.999573,3.08026e-07,-0.029219,
-3.8014e-07,1,-2.46248e-06,
0.029219,2.47254e-06,0.999573,
0.99957,3.09083e-07,-0.0293327,
-3.81759e-07,1,-2.47205e-06,
0.0293327,2.48219e-06,0.99957,
0.999566,3.10139e-07,-0.0294463,
-3.8338e-07,1,-2.48163e-06,
0.0294463,2.49184e-06,0.999566,
0.999563,3.11194e-07,-0.02956,
-3.85002e-07,1,-2.4912e-06,
0.02956,2.50149e-06,0.999563,
0.99956,3.12247e-07,-0.0296737,
-3.86625e-07,1,-2.50077e-06,
0.0296737,2.51114e-06,0.99956,
0.999556,3.133e-07,-0.0297873,
-3.88249e-07,1,-2.51035e-06,
0.0297873,2.5208e-06,0.999556,
0.999553,3.14351e-07,-0.029901,
-3.89874e-07,1,-2.51992e-06,
0.029901,2.53045e-06,0.999553,
0.999549,3.15402e-07,-0.0300146,
-3.915e-07,1,-2.52949e-06,
0.0300146,2.5401e-06,0.999549,
0.999546,3.16451e-07,-0.0301283,
-3.93127e-07,1,-2.53906e-06,
0.0301283,2.54975e-06,0.999546,
0.999543,3.17499e-07,-0.030242,
-3.94756e-07,1,-2.54864e-06,
0.030242,2.55941e-06,0.999543,
0.999539,3.18546e-07,-0.0303556,
-3.96385e-07,1,-2.55821e-06,
0.0303556,2.56906e-06,0.999539,
0.999536,3.19592e-07,-0.0304693,
-3.98016e-07,1,-2.56778e-06,
0.0304693,2.57872e-06,0.999536,
0.999532,3.20637e-07,-0.0305829,
-3.99647e-07,1,-2.57735e-06,
0.0305829,2.58837e-06,0.999532,
0.999529,3.21681e-07,-0.0306966,
-4.0128e-07,1,-2.58692e-06,
0.0306966,2.59802e-06,0.999529,
0.999525,3.22724e-07,-0.0308102,
-4.02914e-07,1,-2.5965e-06,
0.0308102,2.60768e-06,0.999525,
0.999522,3.23765e-07,-0.0309239,
-4.04549e-07,1,-2.60607e-06,
0.0309239,2.61733e-06,0.999522,
0.999518,3.24806e-07,-0.0310375,
-4.06185e-07,1,-2.61564e-06,
0.0310375,2.62699e-06,0.999518,
0.999515,3.25845e-07,-0.0311512,
-4.07822e-07,1,-2.62521e-06,
0.0311512,2.63664e-06,0.999515,
0.999511,3.26884e-07,-0.0312649,
-4.0946e-07,1,-2.63478e-06,
0.0312649,2.6463e-06,0.999511,
0.999508,3.27921e-07,-0.0313785,
-4.11099e-07,1,-2.64435e-06,
0.0313785,2.65595e-06,0.999508,
0.999504,3.28957e-07,-0.0314922,
-4.12739e-07,1,-2.65393e-06,
0.0314922,2.66561e-06,0.999504,
0.9995,3.29992e-07,-0.0316058,
-4.14381e-07,1,-2.6635e-06,
0.0316058,2.67526e-06,0.9995,
0.999497,3.31026e-07,-0.0317195,
-4.16023e-07,1,-2.67307e-06,
0.0317195,2.68492e-06,0.999497,
0.999493,3.32058e-07,-0.0318331,
-4.17667e-07,1,-2.68264e-06,
0.0318331,2.69458e-06,0.999493,
0.99949,3.3309e-07,-0.0319468,
-4.19312e-07,1,-2.69221e-06,
0.0319468,2.70423e-06,0.99949,
0.999486,3.34121e-07,-0.0320604,
-4.20957e-07,1,-2.70178e-06,
0.0320604,2.71389e-06,0.999486,
0.999482,3.3515e-07,-0.0321741,
-4.22604e-07,1,-2.71135e-06,
0.0321741,2.72355e-06,0.999482,
0.999479,3.36179e-07,-0.0322877,
-4.24252e-07,1,-2.72092e-06,
0.0322877,2.7332e-06,0.999479,
0.999475,3.37206e-07,-0.0324014,
-4.25901e-07,1,-2.7305e-06,
0.0324014,2.74286e-06,0.999475,
0.999471,3.38232e-07,-0.032515,
-4.27551e-07,1,-2.74007e-06,
0.032515,2.75252e-06,0.999471,
0.999468,3.39257e-07,-0.0326287,
-4.29203e-07,1,-2.74964e-06,
0.0326287,2.76218e-06,0.999468,
0.999464,3.40281e-07,-0.0327423,
-4.30855e-07,1,-2.75921e-06,
0.0327423,2.77184e-06,0.999464,
0.99946,3.41304e-07,-0.032856,
-4.32508e-07,1,-2.76878e-06,
0.032856,2.78149e-06,0.99946,
0.999456,3.42326e-07,-0.0329696,
-4.34163e-07,1,-2.77835e-06,
0.0329696,2.79115e-06,0.999456,
0.999453,3.43346e-07,-0.0330833,
-4.35818e-07,1,-2.78792e-06,
0.0330833,2.80081e-06,0.999453,
0.999449,3.44366e-07,-0.0331969,
-4.37475e-07,1,-2.79749e-06,
0.0331969,2.81047e-06,0.999449,
0.999445,3.45384e-07,-0.0333105,
-4.39133e-07,1,-2.80706e-06,
0.0333105,2.82013e-06,0.999445,
0.999441,3.46402e-07,-0.0334242,
-4.40792e-07,1,-2.81663e-06,
0.0334242,2.82979e-06,0.999441,
0.999437,3.47418e-07,-0.0335378,
-4.42452e-07,1,-2.8262e-06,
0.0335378,2.83945e-06,0.999437,
0.999434,3.48433e-07,-0.0336515,
-4.44113e-07,1,-2.83577e-06,
0.0336515,2.84911e-06,0.999434,
0.99943,3.49447e-07,-0.0337651,
-4.45775e-07,1,-2.84534e-06,
0.0337651,2.85877e-06,0.99943,
0.999426,3.5046e-07,-0.0338788,
-4.47438e-07,1,-2.85491e-06,
0.0338788,2.86843e-06,0.999426,
0.999422,3.51472e-07,-0.0339924,
-4.49102e-07,1,-2.86448e-06,
0.0339924,2.87809e-06,0.999422,
0.999418,3.52483e-07,-0.0341061,
-4.50767e-07,1,-2.87405e-06,
0.0341061,2.88775e-06,0.999418,
0.999414,3.53492e-07,-0.0342197,
-4.52434e-07,1,-2.88362e-06,
0.0342197,2.89741e-06,0.999414,
0.99941,3.54501e-07,-0.0343333,
-4.54101e-07,1,-2.89319e-06,
0.0343333,2.90707e-06,0.99941,
0.999407,3.55508e-07,-0.034447,
-4.5577e-07,1,-2.90276e-06,
0.034447,2.91673e-06,0.999407,
0.999403,3.56515e-07,-0.0345606,
-4.5744e-07,1,-2.91233e-06,
0.0345606,2.9264e-06,0.999403,
0.999399,3.5752e-07,-0.0346743,
-4.59111e-07,1,-2.9219e-06,
0.0346743,2.93606e-06,0.999399,
0.999395,3.58524e-07,-0.0347879,
-4.60783e-07,1,-2.93146e-06,
0.0347879,2.94572e-06,0.999395,
0.999391,3.59527e-07,-0.0349015,
-4.62456e-07,1,-2.94103e-06,
0.0349015,2.95538e-06,0.999391,
0.999387,3.60529e-07,-0.0350152,
-4.6413e-07,1,-2.9506e-06,
0.0350152,2.96505e-06,0.999387,
0.999383,3.6153e-07,-0.0351288,
-4.65805e-07,1,-2.96017e-06,
0.0351288,2.97471e-06,0.999383,
0.999379,3.6253e-07,-0.0352425,
-4.67481e-07,1,-2.96974e-06,
0.0352425,2.98437e-06,0.999379,
0.999375,3.63528e-07,-0.0353561,
-4.69158e-07,1,-2.97931e-06,
0.0353561,2.99403e-06,0.999375,
0.999371,3.64526e-07,-0.0354697,
-4.70837e-07,1,-2.98888e-06,
0.0354697,3.0037e-06,0.999371,
0.999367,3.65522e-07,-0.0355834,
-4.72516e-07,1,-2.99845e-06,
0.0355834,3.01336e-06,0.999367,
0.999363,3.66517e-07,-0.035697,
-4.74197e-07,1,-3.00801e-06,
0.035697,3.02303e-06,0.999363,
0.999359,3.67512e-07,-0.0358106,
-4.75879e-07,1,-3.01758e-06,
0.0358106,3.03269e-06,0.999359,
0.999355,3.68505e-07,-0.0359243,
-4.77561e-07,1,-3.02715e-06,
0.0359243,3.04235e-06,0.999355,
0.99935,3.69497e-07,-0.0360379,
-4.79245e-07,1,-3.03672e-06,
0.0360379,3.05202e-06,0.99935,
0.999346,3.70488e-07,-0.0361515,
-4.8093e-07,1,-3.04629e-06,
0.0361515,3.06168e-06,0.999346,
0.999342,3.71478e-07,-0.0362652,
-4.82616e-07,1,-3.05586e-06,
0.0362652,3.07135e-06,0.999342,
0.999338,3.72466e-07,-0.0363788,
-4.84303e-07,1,-3.06542e-06,
0.0363788,3.08101e-06,0.999338,
0.999334,3.73454e-07,-0.0364925,
-4.85991e-07,1,-3.07499e-06,
0.0364925,3.09068e-06,0.999334,
0.99933,3.7444e-07,-0.0366061,
-4.87681e-07,1,-3.08456e-06,
0.0366061,3.10034e-06,0.99933,
0.999326,3.75426e-07,-0.0367197,
-4.89371e-07,1,-3.09413e-06,
0.0367197,3.11001e-06,0.999326,
0.999321,3.7641e-07,-0.0368333,
-4.91063e-07,1,-3.10369e-06,
0.0368333,3.11968e-06,0.999321,
0.999317,3.77393e-07,-0.036947,
-4.92755e-07,1,-3.11326e-06,
0.036947,3.12934e-06,0.999317,
0.999313,3.78375e-07,-0.0370606,
-4.94449e-07,1,-3.12283e-06,
0.0370606,3.13901e-06,0.999313,
0.999309,3.79356e-07,-0.0371742,
-4.96144e-07,1,-3.1324e-06,
0.0371742,3.14868e-06,0.999309,
0.999305,3.80336e-07,-0.0372879,
-4.97839e-07,1,-3.14196e-06,
0.0372879,3.15834e-06,0.999305,
0.9993,3.81315e-07,-0.0374015,
-4.99536e-07,1,-3.15153e-06,
0.0374015,3.16801e-06,0.9993,
0.999296,3.82293e-07,-0.0375151,
-5.01234e-07,1,-3.1611e-06,
0.0375151,3.17768e-06,0.999296,
0.999292,3.83269e-07,-0.0376288,
-5.02933e-07,1,-3.17067e-06,
0.0376288,3.18734e-06,0.999292,
0.999288,3.84245e-07,-0.0377424,
-5.04634e-07,1,-3.18023e-06,
0.0377424,3.19701e-06,0.999288,
0.999283,3.85219e-07,-0.037856,
-5.06335e-07,1,-3.1898e-06,
0.037856,3.20668e-06,0.999283,
0.999279,3.86192e-07,-0.0379696,
-5.08037e-07,1,-3.19937e-06,
0.0379696,3.21635e-06,0.999279,
0.999275,3.87164e-07,-0.0380833,
-5.09741e-07,1,-3.20893e-06,
0.0380833,3.22602e-06,0.999275,
0.99927,3.88135e-07,-0.0381969,
-5.11445e-07,1,-3.2185e-06,
0.0381969,3.23569e-06,0.99927,
0.999266,3.89105e-07,-0.0383105,
-5.13151e-07,1,-3.22807e-06,
0.0383105,3.24536e-06,0.999266,
0.999262,3.90074e-07,-0.0384241,
-5.14858e-07,1,-3.23763e-06,
0.0384241,3.25502e-06,0.999262,
0.999257,3.91042e-07,-0.0385378,
-5.16565e-07,1,-3.2472e-06,
0.0385378,3.26469e-06,0.999257,
0.999253,3.92008e-07,-0.0386514,
-5.18274e-07,1,-3.25676e-06,
0.0386514,3.27436e-06,0.999253,
0.999248,3.92974e-07,-0.038765,
-5.19984e-07,1,-3.26633e-06,
0.038765,3.28403e-06,0.999248,
0.999244,3.93938e-07,-0.0388786,
-5.21695e-07,1,-3.2759e-06,
0.0388786,3.2937e-06,0.999244,
0.99924,3.94902e-07,-0.0389923,
-5.23407e-07,1,-3.28546e-06,
0.0389923,3.30337e-06,0.99924,
0.999235,3.95864e-07,-0.0391059,
-5.25121e-07,1,-3.29503e-06,
0.0391059,3.31304e-06,0.999235,
0.999231,3.96825e-07,-0.0392195,
-5.26835e-07,1,-3.30459e-06,
0.0392195,3.32271e-06,0.999231,
0.999226,3.97785e-07,-0.0393331,
-5.2855e-07,1,-3.31416e-06,
0.0393331,3.33239e-06,0.999226,
0.999222,3.98744e-07,-0.0394467,
-5.30267e-07,1,-3.32373e-06,
0.0394467,3.34206e-06,0.999222,
0.999217,3.99702e-07,-0.0395604,
-5.31985e-07,1,-3.33329e-06,
0.0395604,3.35173e-06,0.999217,
0.999213,4.00659e-07,-0.039674,
-5.33703e-07,1,-3.34286e-06,
0.039674,3.3614e-06,0.999213,
0.999208,4.01614e-07,-0.0397876,
-5.35423e-07,1,-3.35242e-06,
0.0397876,3.37107e-06,0.999208,
0.999204,4.02569e-07,-0.0399012,
-5.37144e-07,1,-3.36199e-06,
0.0399012,3.38074e-06,0.999204,
0.999199,4.03522e-07,-0.0400148,
-5.38866e-07,1,-3.37155e-06,
0.0400148,3.39041e-06,0.999199,
0.999195,4.04474e-07,-0.0401285,
-5.40589e-07,1,-3.38112e-06,
0.0401285,3.40009e-06,0.999195,
0.99919,4.05425e-07,-0.0402421,
-5.42313e-07,1,-3.39068e-06,
0.0402421,3.40976e-06,0.99919,
0.999185,4.06376e-07,-0.0403557,
-5.44038e-07,1,-3.40025e-06,
0.0403557,3.41943e-06,0.999185,
0.999181,4.07324e-07,-0.0404693,
-5.45764e-07,1,-3.40981e-06,
0.0404693,3.42911e-06,0.999181,
0.999176,4.08272e-07,-0.0405829,
-5.47492e-07,1,-3.41938e-06,
0.0405829,3.43878e-06,0.999176,
0.999172,4.09219e-07,-0.0406965,
-5.4922e-07,1,-3.42894e-06,
0.0406965,3.44845e-06,0.999172,
0.999167,4.10165e-07,-0.0408102,
-5.5095e-07,1,-3.43851e-06,
0.0408102,3.45813e-06,0.999167,
0.999162,4.11109e-07,-0.0409238,
-5.5268e-07,1,-3.44807e-06,
0.0409238,3.4678e-06,0.999162,
0.999158,4.12053e-07,-0.0410374,
-5.54412e-07,1,-3.45763e-06,
0.0410374,3.47747e-06,0.999158,
0.999153,4.12995e-07,-0.041151,
-5.56145e-07,1,-3.4672e-06,
0.041151,3.48715e-06,0.999153,
0.999148,4.13936e-07,-0.0412646,
-5.57879e-07,1,-3.47676e-06,
0.0412646,3.49682e-06,0.999148,
0.999144,4.14876e-07,-0.0413782,
-5.59614e-07,1,-3.48633e-06,
0.0413782,3.5065e-06,0.999144,
0.999139,4.15816e-07,-0.0414918,
-5.6135e-07,1,-3.49589e-06,
0.0414918,3.51617e-06,0.999139,
0.999134,4.16753e-07,-0.0416054,
-5.63087e-07,1,-3.50546e-06,
0.0416054,3.52585e-06,0.999134,
0.999129,4.1769e-07,-0.0417191,
-5.64825e-07,1,-3.51502e-06,
0.0417191,3.53552e-06,0.999129,
0.999125,4.18626e-07,-0.0418327,
-5.66565e-07,1,-3.52458e-06,
0.0418327,3.5452e-06,0.999125,
0.99912,4.19561e-07,-0.0419463,
-5.68305e-07,1,-3.53415e-06,
0.0419463,3.55487e-06,0.99912,
0.999115,4.20494e-07,-0.0420599,
-5.70047e-07,1,-3.54371e-06,
0.0420599,3.56455e-06,0.999115,
0.99911,4.21427e-07,-0.0421735,
-5.71789e-07,1,-3.55327e-06,
0.0421735,3.57423e-06,0.99911,
0.999106,4.22358e-07,-0.0422871,
-5.73533e-07,1,-3.56284e-06,
0.0422871,3.5839e-06,0.999106,
0.999101,4.23288e-07,-0.0424007,
-5.75278e-07,1,-3.5724e-06,
0.0424007,3.59358e-06,0.999101,
0.999096,4.24217e-07,-0.0425143,
-5.77023e-07,1,-3.58196e-06,
0.0425143,3.60326e-06,0.999096,
0.999091,4.25145e-07,-0.0426279,
-5.7877e-07,1,-3.59153e-06,
0.0426279,3.61293e-06,0.999091,
0.999086,4.26072e-07,-0.0427415,
-5.80518e-07,1,-3.60109e-06,
0.0427415,3.62261e-06,0.999086,
0.999081,4.26998e-07,-0.0428551,
-5.82268e-07,1,-3.61065e-06,
0.0428551,3.63229e-06,0.999081,
0.999076,4.27922e-07,-0.0429687,
-5.84018e-07,1,-3.62021e-06,
0.0429687,3.64197e-06,0.999076,
0.999072,4.28846e-07,-0.0430823,
-5.85769e-07,1,-3.62978e-06,
0.0430823,3.65164e-06,0.999072,
0.999067,4.29768e-07,-0.0431959,
-5.87522e-07,1,-3.63934e-06,
0.0431959,3.66132e-06,0.999067,
0.999062,4.3069e-07,-0.0433095,
-5.89275e-07,1,-3.6489e-06,
0.0433095,3.671e-06,0.999062,
0.999057,4.3161e-07,-0.0434231,
-5.9103e-07,1,-3.65847e-06,
0.0434231,3.68068e-06,0.999057,
0.999052,4.32529e-07,-0.0435367,
-5.92785e-07,1,-3.66803e-06,
0.0435367,3.69036e-06,0.999052,
0.999047,4.33447e-07,-0.0436503,
-5.94542e-07,1,-3.67759e-06,
0.0436503,3.70004e-06,0.999047,
0.999042,4.34364e-07,-0.0437639,
-5.963e-07,1,-3.68715e-06,
0.0437639,3.70972e-06,0.999042,
0.999037,4.3528e-07,-0.0438775,
-5.98059e-07,1,-3.69671e-06,
0.0438775,3.7194e-06,0.999037,
0.999032,4.36195e-07,-0.0439911,
-5.99819e-07,1,-3.70628e-06,
0.0439911,3.72907e-06,0.999032,
0.999027,4.37108e-07,-0.0441047,
-6.0158e-07,1,-3.71584e-06,
0.0441047,3.73875e-06,0.999027,
0.999022,4.38021e-07,-0.0442183,
-6.03342e-07,1,-3.7254e-06,
0.0442183,3.74843e-06,0.999022,
0.999017,4.38932e-07,-0.0443319,
-6.05105e-07,1,-3.73496e-06,
0.0443319,3.75811e-06,0.999017,
0.999012,4.39843e-07,-0.0444455,
-6.0687e-07,1,-3.74452e-06,
0.0444455,3.7678e-06,0.999012,
0.999007,4.40752e-07,-0.0445591,
-6.08635e-07,1,-3.75408e-06,
0.0445591,3.77748e-06,0.999007,
0.999002,4.4166e-07,-0.0446727,
-6.10401e-07,1,-3.76365e-06,
0.0446727,3.78716e-06,0.999002,
0.998997,4.42567e-07,-0.0447863,
-6.12169e-07,1,-3.77321e-06,
0.0447863,3.79684e-06,0.998997,
0.998991,4.43473e-07,-0.0448999,
-6.13938e-07,1,-3.78277e-06,
0.0448999,3.80652e-06,0.998991,
0.998986,4.44377e-07,-0.0450135,
-6.15708e-07,1,-3.79233e-06,
0.0450135,3.8162e-06,0.998986,
0.998981,4.45281e-07,-0.0451271,
-6.17478e-07,1,-3.80189e-06,
0.0451271,3.82588e-06,0.998981,
0.998976,4.46184e-07,-0.0452407,
-6.1925e-07,1,-3.81145e-06,
0.0452407,3.83556e-06,0.998976,
0.998971,4.47085e-07,-0.0453543,
-6.21023e-07,1,-3.82101e-06,
0.0453543,3.84525e-06,0.998971,
0.998966,4.47985e-07,-0.0454679,
-6.22798e-07,1,-3.83057e-06,
0.0454679,3.85493e-06,0.998966,
0.998961,4.48885e-07,-0.0455815,
-6.24573e-07,1,-3.84013e-06,
0.0455815,3.86461e-06,0.998961,
0.998955,4.49783e-07,-0.0456951,
-6.26349e-07,1,-3.84969e-06,
0.0456951,3.87429e-06,0.998955,
0.99895,4.5068e-07,-0.0458086,
-6.28127e-07,1,-3.85925e-06,
0.0458086,3.88398e-06,0.99895,
0.998945,4.51576e-07,-0.0459222,
-6.29905e-07,1,-3.86881e-06,
0.0459222,3.89366e-06,0.998945,
0.99894,4.52471e-07,-0.0460358,
-6.31685e-07,1,-3.87838e-06,
0.0460358,3.90334e-06,0.99894,
0.998935,4.53364e-07,-0.0461494,
-6.33465e-07,1,-3.88794e-06,
0.0461494,3.91303e-06,0.998935,
0.998929,4.54257e-07,-0.046263,
-6.35247e-07,1,-3.8975e-06,
0.046263,3.92271e-06,0.998929,
0.998924,4.55148e-07,-0.0463766,
-6.3703e-07,1,-3.90706e-06,
0.0463766,3.93239e-06,0.998924,
0.998919,4.56039e-07,-0.0464902,
-6.38814e-07,1,-3.91662e-06,
0.0464902,3.94208e-06,0.998919,
0.998913,4.56928e-07,-0.0466038,
-6.40599e-07,1,-3.92617e-06,
0.0466038,3.95176e-06,0.998913,
0.998908,4.57816e-07,-0.0467173,
-6.42385e-07,1,-3.93573e-06,
0.0467173,3.96145e-06,0.998908,
0.998903,4.58703e-07,-0.0468309,
-6.44172e-07,1,-3.94529e-06,
0.0468309,3.97113e-06,0.998903,
0.998897,4.59589e-07,-0.0469445,
-6.4596e-07,1,-3.95485e-06,
0.0469445,3.98082e-06,0.998897,
0.998892,4.60474e-07,-0.0470581,
-6.4775e-07,1,-3.96441e-06,
0.0470581,3.9905e-06,0.998892,
0.998887,4.61358e-07,-0.0471717,
-6.4954e-07,1,-3.97397e-06,
0.0471717,4.00019e-06,0.998887,
0.998881,4.62241e-07,-0.0472853,
-6.51332e-07,1,-3.98353e-06,
0.0472853,4.00987e-06,0.998881,
0.998876,4.63122e-07,-0.0473988,
-6.53124e-07,1,-3.99309e-06,
0.0473988,4.01956e-06,0.998876,
0.998871,4.64003e-07,-0.0475124,
-6.54918e-07,1,-4.00265e-06,
0.0475124,4.02925e-06,0.998871,
0.998865,4.64882e-07,-0.047626,
-6.56713e-07,1,-4.01221e-06,
0.047626,4.03893e-06,0.998865,
0.99886,4.6576e-07,-0.0477396,
-6.58509e-07,1,-4.02177e-06,
0.0477396,4.04862e-06,0.99886,
0.998854,4.66637e-07,-0.0478532,
-6.60305e-07,1,-4.03133e-06,
0.0478532,4.05831e-06,0.998854,
0.998849,4.67513e-07,-0.0479667,
-6.62104e-07,1,-4.04088e-06,
0.0479667,4.06799e-06,0.998849,
0.998843,4.68388e-07,-0.0480803,
-6.63903e-07,1,-4.05044e-06,
0.0480803,4.07768e-06,0.998843,
0.998838,4.69262e-07,-0.0481939,
-6.65703e-07,1,-4.06e-06,
0.0481939,4.08737e-06,0.998838,
0.998833,4.70135e-07,-0.0483075,
-6.67504e-07,1,-4.06956e-06,
0.0483075,4.09705e-06,0.998833,
0.998827,4.71006e-07,-0.048421,
-6.69307e-07,1,-4.07912e-06,
0.048421,4.10674e-06,0.998827,
0.998822,4.71877e-07,-0.0485346,
-6.7111e-07,1,-4.08868e-06,
0.0485346,4.11643e-06,0.998822,
0.998816,4.72746e-07,-0.0486482,
-6.72915e-07,1,-4.09823e-06,
0.0486482,4.12612e-06,0.998816,
