0.99998,-0.00628319,0,
0.00628319,0.99998,0,
0,0,1,
0.999921,-0.0125661,0,
0.0125661,0.999921,0,
0,0,1,
0.999822,-0.0188486,0,
0.0188486,0.999822,0,
0,0,1,
0.999684,-0.0251303,0,
0.0251303,0.999684,0,
0,0,1,
0.999507,-0.031411,0,
0.031411,0.999507,0,
0,0,1,
0.999289,-0.0376904,0,
0.0376904,0.999289,0,
0,0,1,
0.999033,-0.0439684,0,
0.0439684,0.999033,0,
0,0,1,
0.998737,-0.0502446,0,
0.0502446,0.998737,0,
0,0,1,
0.998402,-0.0565189,0,
0.0565189,0.998402,0,
0,0,1,
0.998027,-0.0627909,0,
0.0627909,0.998027,0,
0,0,1,
0.997612,-0.0690605,0,
0.0690605,0.997612,0,
0,0,1,
0.997159,-0.0753273,0,
0.0753273,0.997159,0,
0,0,1,
0.996666,-0.0815911,0,
0.0815911,0.996666,0,
0,0,1,
0.996134,-0.0878518,0,
0.0878518,0.996134,0,
0,0,1,
0.995562,-0.0941089,0,
0.0941089,0.995562,0,
0,0,1,
0.994951,-0.100362,0,
0.100362,0.994951,0,
0,0,1,
0.994301,-0.106612,0,
0.106612,0.994301,0,
0,0,1,
0.993611,-0.112857,0,
0.112857,0.993611,0,
0,0,1,
0.992883,-0.119098,0,
0.119098,0.992883,0,
0,0,1,
0.992115,-0.125334,0,
0.125334,0.992115,0,
0,0,1,
0.991308,-0.131565,0,
0.131565,0.991308,0,
0,0,1,
0.990461,-0.137791,0,
0.137791,0.990461,0,
0,0,1,
0.989576,-0.144012,0,
0.144012,0.989576,0,
0,0,1,
0.988652,-0.150227,0,
0.150227,0.988652,0,
0,0,1,
0.987688,-0.156435,0,
0.156435,0.987688,0,
0,0,1,
0.986686,-0.162638,0,
0.162638,0.986686,0,
0,0,1,
0.985644,-0.168835,0,
0.168835,0.985644,0,
0,0,1,
0.984564,-0.175024,0,
0.175024,0.984564,0,
0,0,1,
0.983445,-0.181207,0,
0.181207,0.983445,0,
0,0,1,
0.982287,-0.187383,0,
0.187383,0.982287,0,
0,0,1,
0.98109,-0.193551,0,
0.193551,0.98109,0,
0,0,1,
0.979855,-0.199711,0,
0.199711,0.979855,0,
0,0,1,
0.978581,-0.205864,0,
0.205864,0.978581,0,
0,0,1,
0.977268,-0.212008,0,
0.212008,0.977268,0,
0,0,1,
0.975916,-0.218145,0,
0.218145,0.975916,0,
0,0,1,
0.974527,-0.224272,0,
0.224272,0.974527,0,
0,0,1,
0.973098,-0.230391,0,
0.230391,0.973098,0,
0,0,1,
0.971631,-0.236501,0,
0.236501,0.971631,0,
0,0,1,
0.970126,-0.242601,0,
0.242601,0.970126,0,
0,0,1,
0.968583,-0.248691,0,
0.248691,0.968583,0,
0,0,1,
0.967001,-0.254772,0,
0.254772,0.967001,0,
0,0,1,
0.965381,-0.260843,0,
0.260843,0.965381,0,
0,0,1,
0.963723,-0.266904,0,
0.266904,0.963723,0,
0,0,1,
0.962027,-0.272954,0,
0.272954,0.962027,0,
0,0,1,
0.960293,-0.278993,0,
0.278993,0.960293,0,
0,0,1,
0.958521,-0.285021,0,
0.285021,0.958521,0,
0,0,1,
0.956711,-0.291038,0,
0.291038,0.956711,0,
0,0,1,
0.954864,-0.297043,0,
0.297043,0.954864,0,
0,0,1,
0.952979,-0.303037,0,
0.303037,0.952979,0,
0,0,1,
0.951056,-0.309019,0,
0.309019,0.951056,0,
0,0,1,
0.949095,-0.314989,0,
0.314989,0.949095,0,
0,0,1,
0.947098,-0.320946,0,
0.320946,0.947098,0,
0,0,1,
0.945062,-0.32689,0,
0.32689,0.945062,0,
0,0,1,
0.94299,-0.332822,0,
0.332822,0.94299,0,
0,0,1,
0.94088,-0.33874,0,
0.33874,0.94088,0,
0,0,1,
0.938733,-0.344645,0,
0.344645,0.938733,0,
0,0,1,
0.936549,-0.350537,0,
0.350537,0.936549,0,
0,0,1,
0.934328,-0.356414,0,
0.356414,0.934328,0,
0,0,1,
0.93207,-0.362278,0,
0.362278,0.93207,0,
0,0,1,
0.929776,-0.368127,0,
0.368127,0.929776,0,
0,0,1,
0.927444,-0.373962,0,
0.373962,0.927444,0,
0,0,1,
0.925076,-0.379781,0,
0.379781,0.925076,0,
0,0,1,
0.922672,-0.385586,0,
0.385586,0.922672,0,
0,0,1,
0.920231,-0.391376,0,
0.391376,0.920231,0,
0,0,1,
0.917754,-0.39715,0,
0.39715,0.917754,0,
0,0,1,
0.91524,-0.402909,0,
0.402909,0.91524,0,
0,0,1,
0.91269,-0.408652,0,
0.408652,0.91269,0,
0,0,1,
0.910105,-0.414378,0,
0.414378,0.910105,0,
0,0,1,
0.907483,-0.420088,0,
0.420088,0.907483,0,
0,0,1,
0.904826,-0.425782,0,
0.425782,0.904826,0,
0,0,1,
0.902133,-0.431459,0,
0.431459,0.902133,0,
0,0,1,
0.899404,-0.437118,0,
0.437118,0.899404,0,
0,0,1,
0.89664,-0.442761,0,
0.442761,0.89664,0,
0,0,1,
0.89384,-0.448386,0,
0.448386,0.89384,0,
0,0,1,
0.891005,-0.453993,0,
0.453993,0.891005,0,
0,0,1,
0.888135,-0.459583,0,
0.459583,0.888135,0,
0,0,1,
0.88523,-0.465154,0,
0.465154,0.88523,0,
0,0,1,
0.88229,-0.470707,0,
0.470707,0.88229,0,
0,0,1,
0.879315,-0.476241,0,
0.476241,0.879315,0,
0,0,1,
0.876305,-0.481757,0,
0.481757,0.876305,0,
0,0,1,
0.873261,-0.487253,0,
0.487253,0.873261,0,
0,0,1,
0.870182,-0.49273,0,
0.49273,0.870182,0,
0,0,1,
0.867069,-0.498188,0,
0.498188,0.867069,0,
0,0,1,
0.863922,-0.503626,0,
0.503626,0.863922,0,
0,0,1,
0.86074,-0.509044,0,
0.509044,0.86074,0,
0,0,1,
0.857525,-0.514443,0,
0.514443,0.857525,0,
0,0,1,
0.854276,-0.51982,0,
0.51982,0.854276,0,
0,0,1,
0.850993,-0.525178,0,
0.525178,0.850993,0,
0,0,1,
0.847676,-0.530514,0,
0.530514,0.847676,0,
0,0,1,
0.844326,-0.53583,0,
0.53583,0.844326,0,
0,0,1,
0.840943,-0.541124,0,
0.541124,0.840943,0,
0,0,1,
0.837526,-0.546398,0,
0.546398,0.837526,0,
0,0,1,
0.834076,-0.551649,0,
0.551649,0.834076,0,
0,0,1,
0.830594,-0.556879,0,
0.556879,0.830594,0,
0,0,1,
0.827078,-0.562087,0,
0.562087,0.827078,0,
0,0,1,
0.82353,-0.567272,0,
0.567272,0.82353,0,
0,0,1,
0.81995,-0.572435,0,
0.572435,0.81995,0,
0,0,1,
0.816337,-0.577576,0,
0.577576,0.816337,0,
0,0,1,
0.812692,-0.582694,0,
0.582694,0.812692,0,
0,0,1,
0.809015,-0.587789,0,
0.587789,0.809015,0,
0,0,1,
0.805305,-0.59286,0,
0.59286,0.805305,0,
0,0,1,
0.801564,-0.597908,0,
0.597908,0.801564,0,
0,0,1,
0.797792,-0.602933,0,
0.602933,0.797792,0,
0,0,1,
0.793988,-0.607934,0,
0.607934,0.793988,0,
0,0,1,
0.790152,-0.61291,0,
0.61291,0.790152,0,
0,0,1,
0.786286,-0.617863,0,
0.617863,0.786286,0,
0,0,1,
0.782388,-0.622791,0,
0.622791,0.782388,0,
0,0,1,
0.778459,-0.627695,0,
0.627695,0.778459,0,
0,0,1,
0.7745,-0.632574,0,
0.632574,0.7745,0,
0,0,1,
0.77051,-0.637427,0,
0.637427,0.77051,0,
0,0,1,
0.76649,-0.642256,0,
0.642256,0.76649,0,
0,0,1,
0.76244,-0.647059,0,
0.647059,0.76244,0,
0,0,1,
0.758359,-0.651837,0,
0.651837,0.758359,0,
0,0,1,
0.754248,-0.656589,0,
0.656589,0.754248,0,
0,0,1,
0.750108,-0.661315,0,
0.661315,0.750108,0,
0,0,1,
0.745938,-0.666015,0,
0.666015,0.745938,0,
0,0,1,
0.741739,-0.670689,0,
0.670689,0.741739,0,
0,0,1,
0.73751,-0.675336,0,
0.675336,0.73751,0,
0,0,1,
0.733252,-0.679957,0,
0.679957,0.733252,0,
0,0,1,
0.728965,-0.684551,0,
0.684551,0.728965,0,
0,0,1,
0.72465,-0.689117,0,
0.689117,0.72465,0,
0,0,1,
0.720306,-0.693657,0,
0.693657,0.720306,0,
0,0,1,
0.715933,-0.698169,0,
0.698169,0.715933,0,
0,0,1,
0.711532,-0.702654,0,
0.702654,0.711532,0,
0,0,1,
0.707103,-0.70711,0,
0.70711,0.707103,0,
0,0,1,
0.702646,-0.711539,0,
0.711539,0.702646,0,
0,0,1,
0.698162,-0.71594,0,
0.71594,0.698162,0,
0,0,1,
0.693649,-0.720313,0,
0.720313,0.693649,0,
0,0,1,
0.68911,-0.724657,0,
0.724657,0.68911,0,
0,0,1,
0.684543,-0.728972,0,
0.728972,0.684543,0,
0,0,1,
0.679949,-0.733259,0,
0.733259,0.679949,0,
0,0,1,
0.675329,-0.737517,0,
0.737517,0.675329,0,
0,0,1,
0.670681,-0.741745,0,
0.741745,0.670681,0,
0,0,1,
0.666008,-0.745945,0,
0.745945,0.666008,0,
0,0,1,
0.661308,-0.750115,0,
0.750115,0.661308,0,
0,0,1,
0.656582,-0.754255,0,
0.754255,0.656582,0,
0,0,1,
0.651829,-0.758366,0,
0.758366,0.651829,0,
0,0,1,
0.647052,-0.762446,0,
0.762446,0.647052,0,
0,0,1,
0.642248,-0.766497,0,
0.766497,0.642248,0,
0,0,1,
0.63742,-0.770517,0,
0.770517,0.63742,0,
0,0,1,
0.632566,-0.774507,0,
0.774507,0.632566,0,
0,0,1,
0.627687,-0.778466,0,
0.778466,0.627687,0,
0,0,1,
0.622783,-0.782394,0,
0.782394,0.622783,0,
0,0,1,
0.617855,-0.786292,0,
0.786292,0.617855,0,
0,0,1,
0.612902,-0.790159,0,
0.790159,0.612902,0,
0,0,1,
0.607926,-0.793994,0,
0.793994,0.607926,0,
0,0,1,
0.602925,-0.797798,0,
0.797798,0.602925,0,
0,0,1,
0.5979,-0.801571,0,
0.801571,0.5979,0,
0,0,1,
0.592852,-0.805312,0,
0.805312,0.592852,0,
0,0,1,
0.58778,-0.809021,0,
0.809021,0.58778,0,
0,0,1,
0.582685,-0.812698,0,
0.812698,0.582685,0,
0,0,1,
0.577568,-0.816343,0,
0.816343,0.577568,0,
0,0,1,
0.572427,-0.819956,0,
0.819956,0.572427,0,
0,0,1,
0.567264,-0.823536,0,
0.823536,0.567264,0,
0,0,1,
0.562078,-0.827084,0,
0.827084,0.562078,0,
0,0,1,
0.55687,-0.830599,0,
0.830599,0.55687,0,
0,0,1,
0.55164,-0.834082,0,
0.834082,0.55164,0,
0,0,1,
0.546389,-0.837532,0,
0.837532,0.546389,0,
0,0,1,
0.541116,-0.840948,0,
0.840948,0.541116,0,
0,0,1,
0.535821,-0.844331,0,
0.844331,0.535821,0,
0,0,1,
0.530506,-0.847681,0,
0.847681,0.530506,0,
0,0,1,
0.525169,-0.850998,0,
0.850998,0.525169,0,
0,0,1,
0.519812,-0.854281,0,
0.854281,0.519812,0,
0,0,1,
0.514434,-0.85753,0,
0.85753,0.514434,0,
0,0,1,
0.509036,-0.860745,0,
0.860745,0.509036,0,
0,0,1,
0.503617,-0.863927,0,
0.863927,0.503617,0,
0,0,1,
0.498179,-0.867074,0,
0.867074,0.498179,0,
0,0,1,
0.492721,-0.870187,0,
0.870187,0.492721,0,
0,0,1,
0.487244,-0.873266,0,
0.873266,0.487244,0,
0,0,1,
0.481748,-0.87631,0,
0.87631,0.481748,0,
0,0,1,
0.476232,-0.87932,0,
0.87932,0.476232,0,
0,0,1,
0.470698,-0.882295,0,
0.882295,0.470698,0,
0,0,1,
0.465145,-0.885235,0,
0.885235,0.465145,0,
0,0,1,
0.459573,-0.88814,0,
0.88814,0.459573,0,
0,0,1,
0.453984,-0.89101,0,
0.89101,0.453984,0,
0,0,1,
0.448377,-0.893845,0,
0.893845,0.448377,0,
0,0,1,
0.442752,-0.896644,0,
0.896644,0.442752,0,
0,0,1,
0.437109,-0.899408,0,
0.899408,0.437109,0,
0,0,1,
0.431449,-0.902137,0,
0.902137,0.431449,0,
0,0,1,
0.425773,-0.90483,0,
0.90483,0.425773,0,
0,0,1,
0.420079,-0.907488,0,
0.907488,0.420079,0,
0,0,1,
0.414369,-0.910109,0,
0.910109,0.414369,0,
0,0,1,
0.408642,-0.912695,0,
0.912695,0.408642,0,
0,0,1,
0.402899,-0.915244,0,
0.915244,0.402899,0,
0,0,1,
0.397141,-0.917758,0,
0.917758,0.397141,0,
0,0,1,
0.391367,-0.920235,0,
0.920235,0.391367,0,
0,0,1,
0.385577,-0.922676,0,
0.922676,0.385577,0,
0,0,1,
0.379772,-0.92508,0,
0.92508,0.379772,0,
0,0,1,
0.373952,-0.927448,0,
0.927448,0.373952,0,
0,0,1,
0.368117,-0.929779,0,
0.929779,0.368117,0,
0,0,1,
0.362268,-0.932074,0,
0.932074,0.362268,0,
0,0,1,
0.356404,-0.934332,0,
0.934332,0.356404,0,
0,0,1,
0.350527,-0.936553,0,
0.936553,0.350527,0,
0,0,1,
0.344635,-0.938737,0,
0.938737,0.344635,0,
0,0,1,
0.33873,-0.940883,0,
0.940883,0.33873,0,
0,0,1,
0.332812,-0.942993,0,
0.942993,0.332812,0,
0,0,1,
0.32688,-0.945066,0,
0.945066,0.32688,0,
0,0,1,
0.320936,-0.947101,0,
0.947101,0.320936,0,
0,0,1,
0.314979,-0.949099,0,
0.949099,0.314979,0,
0,0,1,
0.309009,-0.951059,0,
0.951059,0.309009,0,
0,0,1,
0.303027,-0.952982,0,
0.952982,0.303027,0,
0,0,1,
0.297034,-0.954867,0,
0.954867,0.297034,0,
0,0,1,
0.291028,-0.956714,0,
0.956714,0.291028,0,
0,0,1,
0.285011,-0.958524,0,
0.958524,0.285011,0,
0,0,1,
0.278983,-0.960296,0,
0.960296,0.278983,0,
0,0,1,
0.272944,-0.96203,0,
0.96203,0.272944,0,
0,0,1,
0.266894,-0.963726,0,
0.963726,0.266894,0,
0,0,1,
0.260833,-0.965384,0,
0.965384,0.260833,0,
0,0,1,
0.254762,-0.967004,0,
0.967004,0.254762,0,
0,0,1,
0.248681,-0.968585,0,
0.968585,0.248681,0,
0,0,1,
0.242591,-0.970129,0,
0.970129,0.242591,0,
0,0,1,
0.23649,-0.971634,0,
0.971634,0.23649,0,
0,0,1,
0.230381,-0.973101,0,
0.973101,0.230381,0,
0,0,1,
0.224262,-0.974529,0,
0.974529,0.224262,0,
0,0,1,
0.218135,-0.975919,0,
0.975919,0.218135,0,
0,0,1,
0.211998,-0.97727,0,
0.97727,0.211998,0,
0,0,1,
0.205854,-0.978583,0,
0.978583,0.205854,0,
0,0,1,
0.199701,-0.979857,0,
0.979857,0.199701,0,
0,0,1,
0.193541,-0.981092,0,
0.981092,0.193541,0,
0,0,1,
0.187372,-0.982289,0,
0.982289,0.187372,0,
0,0,1,
0.181197,-0.983447,0,
0.983447,0.181197,0,
0,0,1,
0.175014,-0.984566,0,
0.984566,0.175014,0,
0,0,1,
0.168824,-0.985646,0,
0.985646,0.168824,0,
0,0,1,
0.162628,-0.986687,0,
0.986687,0.162628,0,
0,0,1,
0.156425,-0.98769,0,
0.98769,0.156425,0,
0,0,1,
0.150216,-0.988653,0,
0.988653,0.150216,0,
0,0,1,
0.144001,-0.989577,0,
0.989577,0.144001,0,
0,0,1,
0.137781,-0.990463,0,
0.990463,0.137781,0,
0,0,1,
0.131555,-0.991309,0,
0.991309,0.131555,0,
0,0,1,
0.125324,-0.992116,0,
0.992116,0.125324,0,
0,0,1,
0.119088,-0.992884,0,
0.992884,0.119088,0,
0,0,1,
0.112847,-0.993612,0,
0.993612,0.112847,0,
0,0,1,
0.106602,-0.994302,0,
0.994302,0.106602,0,
0,0,1,
0.100352,-0.994952,0,
0.994952,0.100352,0,
0,0,1,
0.0940986,-0.995563,0,
0.995563,0.0940986,0,
0,0,1,
0.0878415,-0.996134,0,
0.996134,0.0878415,0,
0,0,1,
0.0815808,-0.996667,0,
0.996667,0.0815808,0,
0,0,1,
0.075317,-0.99716,0,
0.99716,0.075317,0,
0,0,1,
0.0690502,-0.997613,0,
0.997613,0.0690502,0,
0,0,1,
0.0627806,-0.998027,0,
0.998027,0.0627806,0,
0,0,1,
0.0565086,-0.998402,0,
0.998402,0.0565086,0,
0,0,1,
0.0502343,-0.998737,0,
0.998737,0.0502343,0,
0,0,1,
0.0439581,-0.999033,0,
0.999033,0.0439581,0,
0,0,1,
0.0376801,-0.99929,0,
0.99929,0.0376801,0,
0,0,1,
0.0314006,-0.999507,0,
0.999507,0.0314006,0,
0,0,1,
0.0251199,-0.999684,0,
0.999684,0.0251199,0,
0,0,1,
0.0188382,-0.999823,0,
0.999823,0.0188382,0,
0,0,1,
0.0125558,-0.999921,0,
0.999921,0.0125558,0,
0,0,1,
0.00627285,-0.99998,0,
0.99998,0.00627285,0,
0,0,1,
-1.03356e-05,-1,0,
1,-1.03356e-05,0,
0,0,1,
-0.00629352,-0.99998,0,
0.99998,-0.00629352,0,
0,0,1,
-0.0125765,-0.999921,0,
0.999921,-0.0125765,0,
0,0,1,
-0.0188589,-0.999822,0,
0.999822,-0.0188589,0,
0,0,1,
-0.0251406,-0.999684,0,
0.999684,-0.0251406,0,
0,0,1,
-0.0314213,-0.999506,0,
0.999506,-0.0314213,0,
0,0,1,
-0.0377008,-0.999289,0,
0.999289,-0.0377008,0,
0,0,1,
-0.0439787,-0.999032,0,
0.999032,-0.0439787,0,
0,0,1,
-0.050255,-0.998736,0,
0.998736,-0.050255,0,
0,0,1,
-0.0565292,-0.998401,0,
0.998401,-0.0565292,0,
0,0,1,
-0.0628012,-0.998026,0,
0.998026,-0.0628012,0,
0,0,1,
-0.0690708,-0.997612,0,
0.997612,-0.0690708,0,
0,0,1,
-0.0753376,-0.997158,0,
0.997158,-0.0753376,0,
0,0,1,
-0.0816014,-0.996665,0,
0.996665,-0.0816014,0,
0,0,1,
-0.0878621,-0.996133,0,
0.996133,-0.0878621,0,
0,0,1,
-0.0941192,-0.995561,0,
0.995561,-0.0941192,0,
0,0,1,
-0.100373,-0.99495,0,
0.99495,-0.100373,0,
0,0,1,
-0.106622,-0.9943,0,
0.9943,-0.106622,0,
0,0,1,
-0.112867,-0.99361,0,
0.99361,-0.112867,0,
0,0,1,
-0.119108,-0.992881,0,
0.992881,-0.119108,0,
0,0,1,
-0.125344,-0.992113,0,
0.992113,-0.125344,0,
0,0,1,
-0.131575,-0.991306,0,
0.991306,-0.131575,0,
0,0,1,
-0.137801,-0.99046,0,
0.99046,-0.137801,0,
0,0,1,
-0.144022,-0.989574,0,
0.989574,-0.144022,0,
0,0,1,
-0.150237,-0.98865,0,
0.98865,-0.150237,0,
0,0,1,
-0.156446,-0.987687,0,
0.987687,-0.156446,0,
0,0,1,
-0.162648,-0.986684,0,
0.986684,-0.162648,0,
0,0,1,
-0.168845,-0.985643,0,
0.985643,-0.168845,0,
0,0,1,
-0.175034,-0.984562,0,
0.984562,-0.175034,0,
0,0,1,
-0.181217,-0.983443,0,
0.983443,-0.181217,0,
0,0,1,
-0.187393,-0.982285,0,
0.982285,-0.187393,0,
0,0,1,
-0.193561,-0.981088,0,
0.981088,-0.193561,0,
0,0,1,
-0.199721,-0.979853,0,
0.979853,-0.199721,0,
0,0,1,
-0.205874,-0.978578,0,
0.978578,-0.205874,0,
0,0,1,
-0.212019,-0.977266,0,
0.977266,-0.212019,0,
0,0,1,
-0.218155,-0.975914,0,
0.975914,-0.218155,0,
0,0,1,
-0.224282,-0.974524,0,
0.974524,-0.224282,0,
0,0,1,
-0.230401,-0.973096,0,
0.973096,-0.230401,0,
0,0,1,
-0.236511,-0.971629,0,
0.971629,-0.236511,0,
0,0,1,
-0.242611,-0.970124,0,
0.970124,-0.242611,0,
0,0,1,
-0.248701,-0.96858,0,
0.96858,-0.248701,0,
0,0,1,
-0.254782,-0.966998,0,
0.966998,-0.254782,0,
0,0,1,
-0.260853,-0.965378,0,
0.965378,-0.260853,0,
0,0,1,
-0.266914,-0.96372,0,
0.96372,-0.266914,0,
0,0,1,
-0.272964,-0.962024,0,
0.962024,-0.272964,0,
0,0,1,
-0.279003,-0.96029,0,
0.96029,-0.279003,0,
0,0,1,
-0.285031,-0.958518,0,
0.958518,-0.285031,0,
0,0,1,
-0.291048,-0.956708,0,
0.956708,-0.291048,0,
0,0,1,
-0.297053,-0.954861,0,
0.954861,-0.297053,0,
0,0,1,
-0.303047,-0.952976,0,
0.952976,-0.303047,0,
0,0,1,
-0.309029,-0.951053,0,
0.951053,-0.309029,0,
0,0,1,
-0.314998,-0.949092,0,
0.949092,-0.314998,0,
0,0,1,
-0.320955,-0.947094,0,
0.947094,-0.320955,0,
0,0,1,
-0.3269,-0.945059,0,
0.945059,-0.3269,0,
0,0,1,
-0.332831,-0.942986,0,
0.942986,-0.332831,0,
0,0,1,
-0.33875,-0.940876,0,
0.940876,-0.33875,0,
0,0,1,
-0.344655,-0.938729,0,
0.938729,-0.344655,0,
0,0,1,
-0.350546,-0.936545,0,
0.936545,-0.350546,0,
0,0,1,
-0.356424,-0.934324,0,
0.934324,-0.356424,0,
0,0,1,
-0.362287,-0.932066,0,
0.932066,-0.362287,0,
0,0,1,
-0.368136,-0.929772,0,
0.929772,-0.368136,0,
0,0,1,
-0.373971,-0.92744,0,
0.92744,-0.373971,0,
0,0,1,
-0.379791,-0.925072,0,
0.925072,-0.379791,0,
0,0,1,
-0.385596,-0.922668,0,
0.922668,-0.385596,0,
0,0,1,
-0.391386,-0.920227,0,
0.920227,-0.391386,0,
0,0,1,
-0.39716,-0.917749,0,
0.917749,-0.39716,0,
0,0,1,
-0.402918,-0.915236,0,
0.915236,-0.402918,0,
0,0,1,
-0.408661,-0.912686,0,
0.912686,-0.408661,0,
0,0,1,
-0.414388,-0.910101,0,
0.910101,-0.414388,0,
0,0,1,
-0.420098,-0.907479,0,
0.907479,-0.420098,0,
0,0,1,
-0.425791,-0.904821,0,
0.904821,-0.425791,0,
0,0,1,
-0.431468,-0.902128,0,
0.902128,-0.431468,0,
0,0,1,
-0.437128,-0.899399,0,
0.899399,-0.437128,0,
0,0,1,
-0.44277,-0.896635,0,
0.896635,-0.44277,0,
0,0,1,
-0.448395,-0.893835,0,
0.893835,-0.448395,0,
0,0,1,
-0.454002,-0.891,0,
0.891,-0.454002,0,
0,0,1,
-0.459592,-0.88813,0,
0.88813,-0.459592,0,
0,0,1,
-0.465163,-0.885225,0,
0.885225,-0.465163,0,
0,0,1,
-0.470716,-0.882285,0,
0.882285,-0.470716,0,
0,0,1,
-0.47625,-0.87931,0,
0.87931,-0.47625,0,
0,0,1,
-0.481766,-0.8763,0,
0.8763,-0.481766,0,
0,0,1,
-0.487262,-0.873256,0,
0.873256,-0.487262,0,
0,0,1,
-0.492739,-0.870177,0,
0.870177,-0.492739,0,
0,0,1,
-0.498197,-0.867064,0,
0.867064,-0.498197,0,
0,0,1,
-0.503635,-0.863916,0,
0.863916,-0.503635,0,
0,0,1,
-0.509053,-0.860735,0,
0.860735,-0.509053,0,
0,0,1,
-0.514451,-0.85752,0,
0.85752,-0.514451,0,
0,0,1,
-0.519829,-0.85427,0,
0.85427,-0.519829,0,
0,0,1,
-0.525187,-0.850987,0,
0.850987,-0.525187,0,
0,0,1,
-0.530523,-0.847671,0,
0.847671,-0.530523,0,
0,0,1,
-0.535839,-0.84432,0,
0.84432,-0.535839,0,
0,0,1,
-0.541133,-0.840937,0,
0.840937,-0.541133,0,
0,0,1,
-0.546406,-0.83752,0,
0.83752,-0.546406,0,
0,0,1,
-0.551658,-0.834071,0,
0.834071,-0.551658,0,
0,0,1,
-0.556887,-0.830588,0,
0.830588,-0.556887,0,
0,0,1,
-0.562095,-0.827073,0,
0.827073,-0.562095,0,
0,0,1,
-0.567281,-0.823524,0,
0.823524,-0.567281,0,
0,0,1,
-0.572444,-0.819944,0,
0.819944,-0.572444,0,
0,0,1,
-0.577584,-0.816331,0,
0.816331,-0.577584,0,
0,0,1,
-0.582702,-0.812686,0,
0.812686,-0.582702,0,
0,0,1,
-0.587797,-0.809008,0,
0.809008,-0.587797,0,
0,0,1,
-0.592869,-0.805299,0,
0.805299,-0.592869,0,
0,0,1,
-0.597917,-0.801558,0,
0.801558,-0.597917,0,
0,0,1,
-0.602941,-0.797786,0,
0.797786,-0.602941,0,
0,0,1,
-0.607942,-0.793982,0,
0.793982,-0.607942,0,
0,0,1,
-0.612919,-0.790146,0,
0.790146,-0.612919,0,
0,0,1,
-0.617871,-0.786279,0,
0.786279,-0.617871,0,
0,0,1,
-0.622799,-0.782382,0,
0.782382,-0.622799,0,
0,0,1,
-0.627703,-0.778453,0,
0.778453,-0.627703,0,
0,0,1,
-0.632582,-0.774494,0,
0.774494,-0.632582,0,
0,0,1,
-0.637435,-0.770504,0,
0.770504,-0.637435,0,
0,0,1,
-0.642264,-0.766483,0,
0.766483,-0.642264,0,
0,0,1,
-0.647067,-0.762433,0,
0.762433,-0.647067,0,
0,0,1,
-0.651845,-0.758352,0,
0.758352,-0.651845,0,
0,0,1,
-0.656597,-0.754241,0,
0.754241,-0.656597,0,
0,0,1,
-0.661323,-0.750101,0,
0.750101,-0.661323,0,
0,0,1,
-0.666023,-0.745931,0,
0.745931,-0.666023,0,
0,0,1,
-0.670697,-0.741732,0,
0.741732,-0.670697,0,
0,0,1,
-0.675344,-0.737503,0,
0.737503,-0.675344,0,
0,0,1,
-0.679965,-0.733245,0,
0.733245,-0.679965,0,
0,0,1,
-0.684558,-0.728958,0,
0.728958,-0.684558,0,
0,0,1,
-0.689125,-0.724643,0,
0.724643,-0.689125,0,
0,0,1,
-0.693664,-0.720298,0,
0.720298,-0.693664,0,
0,0,1,
-0.698176,-0.715926,0,
0.715926,-0.698176,0,
0,0,1,
-0.702661,-0.711525,0,
0.711525,-0.702661,0,
0,0,1,
-0.707118,-0.707096,0,
0.707096,-0.707118,0,
0,0,1,
-0.711547,-0.702639,0,
0.702639,-0.711547,0,
0,0,1,
-0.715947,-0.698154,0,
0.698154,-0.715947,0,
0,0,1,
-0.72032,-0.693642,0,
0.693642,-0.72032,0,
0,0,1,
-0.724664,-0.689102,0,
0.689102,-0.724664,0,
0,0,1,
-0.728979,-0.684536,0,
0.684536,-0.728979,0,
0,0,1,
-0.733266,-0.679942,0,
0.679942,-0.733266,0,
0,0,1,
-0.737524,-0.675321,0,
0.675321,-0.737524,0,
0,0,1,
-0.741752,-0.670674,0,
0.670674,-0.741752,0,
0,0,1,
-0.745952,-0.666,0,
0.666,-0.745952,0,
0,0,1,
-0.750122,-0.6613,0,
0.6613,-0.750122,0,
0,0,1,
-0.754262,-0.656574,0,
0.656574,-0.754262,0,
0,0,1,
-0.758372,-0.651822,0,
0.651822,-0.758372,0,
0,0,1,
-0.762453,-0.647044,0,
0.647044,-0.762453,0,
0,0,1,
-0.766503,-0.64224,0,
0.64224,-0.766503,0,
0,0,1,
-0.770524,-0.637412,0,
0.637412,-0.770524,0,
0,0,1,
-0.774513,-0.632558,0,
0.632558,-0.774513,0,
0,0,1,
-0.778472,-0.627679,0,
0.627679,-0.778472,0,
0,0,1,
-0.782401,-0.622775,0,
0.622775,-0.782401,0,
0,0,1,
-0.786298,-0.617847,0,
0.617847,-0.786298,0,
0,0,1,
-0.790165,-0.612894,0,
0.612894,-0.790165,0,
0,0,1,
-0.794,-0.607917,0,
0.607917,-0.794,0,
0,0,1,
-0.797804,-0.602916,0,
0.602916,-0.797804,0,
0,0,1,
-0.801577,-0.597892,0,
0.597892,-0.801577,0,
0,0,1,
-0.805318,-0.592844,0,
0.592844,-0.805318,0,
0,0,1,
-0.809027,-0.587772,0,
0.587772,-0.809027,0,
0,0,1,
-0.812704,-0.582677,0,
0.582677,-0.812704,0,
0,0,1,
-0.816349,-0.577559,0,
0.577559,-0.816349,0,
0,0,1,
-0.819962,-0.572418,0,
0.572418,-0.819962,0,
0,0,1,
-0.823542,-0.567255,0,
0.567255,-0.823542,0,
0,0,1,
-0.82709,-0.56207,0,
0.56207,-0.82709,0,
0,0,1,
-0.830605,-0.556862,0,
0.556862,-0.830605,0,
0,0,1,
-0.834088,-0.551632,0,
0.551632,-0.834088,0,
0,0,1,
-0.837537,-0.54638,0,
0.54638,-0.837537,0,
0,0,1,
-0.840954,-0.541107,0,
0.541107,-0.840954,0,
0,0,1,
-0.844337,-0.535812,0,
0.535812,-0.844337,0,
0,0,1,
-0.847687,-0.530497,0,
0.530497,-0.847687,0,
0,0,1,
-0.851003,-0.52516,0,
0.52516,-0.851003,0,
0,0,1,
-0.854286,-0.519803,0,
0.519803,-0.854286,0,
0,0,1,
-0.857535,-0.514425,0,
0.514425,-0.857535,0,
0,0,1,
-0.860751,-0.509027,0,
0.509027,-0.860751,0,
0,0,1,
-0.863932,-0.503608,0,
0.503608,-0.863932,0,
0,0,1,
-0.867079,-0.49817,0,
0.49817,-0.867079,0,
0,0,1,
-0.870192,-0.492712,0,
0.492712,-0.870192,0,
0,0,1,
-0.873271,-0.487235,0,
0.487235,-0.873271,0,
0,0,1,
-0.876315,-0.481738,0,
0.481738,-0.876315,0,
0,0,1,
-0.879325,-0.476223,0,
0.476223,-0.879325,0,
0,0,1,
-0.882299,-0.470689,0,
0.470689,-0.882299,0,
0,0,1,
-0.885239,-0.465136,0,
0.465136,-0.885239,0,
0,0,1,
-0.888145,-0.459564,0,
0.459564,-0.888145,0,
0,0,1,
-0.891015,-0.453975,0,
0.453975,-0.891015,0,
0,0,1,
-0.893849,-0.448367,0,
0.448367,-0.893849,0,
0,0,1,
-0.896649,-0.442742,0,
0.442742,-0.896649,0,
0,0,1,
-0.899413,-0.4371,0,
0.4371,-0.899413,0,
0,0,1,
-0.902142,-0.43144,0,
0.43144,-0.902142,0,
0,0,1,
-0.904835,-0.425763,0,
0.425763,-0.904835,0,
0,0,1,
-0.907492,-0.42007,0,
0.42007,-0.907492,0,
0,0,1,
-0.910113,-0.414359,0,
0.414359,-0.910113,0,
0,0,1,
-0.912699,-0.408633,0,
0.408633,-0.912699,0,
0,0,1,
-0.915248,-0.40289,0,
0.40289,-0.915248,0,
0,0,1,
-0.917762,-0.397131,0,
0.397131,-0.917762,0,
0,0,1,
-0.920239,-0.391357,0,
0.391357,-0.920239,0,
0,0,1,
-0.92268,-0.385567,0,
0.385567,-0.92268,0,
0,0,1,
-0.925084,-0.379762,0,
0.379762,-0.925084,0,
0,0,1,
-0.927452,-0.373942,0,
0.373942,-0.927452,0,
0,0,1,
-0.929783,-0.368108,0,
0.368108,-0.929783,0,
0,0,1,
-0.932078,-0.362258,0,
0.362258,-0.932078,0,
0,0,1,
-0.934335,-0.356395,0,
0.356395,-0.934335,0,
0,0,1,
-0.936556,-0.350517,0,
0.350517,-0.936556,0,
0,0,1,
-0.93874,-0.344626,0,
0.344626,-0.93874,0,
0,0,1,
-0.940887,-0.338721,0,
0.338721,-0.940887,0,
0,0,1,
-0.942997,-0.332802,0,
0.332802,-0.942997,0,
0,0,1,
-0.945069,-0.326871,0,
0.326871,-0.945069,0,
0,0,1,
-0.947104,-0.320926,0,
0.320926,-0.947104,0,
0,0,1,
-0.949102,-0.314969,0,
0.314969,-0.949102,0,
0,0,1,
-0.951062,-0.308999,0,
0.308999,-0.951062,0,
0,0,1,
-0.952985,-0.303018,0,
0.303018,-0.952985,0,
0,0,1,
-0.95487,-0.297024,0,
0.297024,-0.95487,0,
0,0,1,
-0.956718,-0.291018,0,
0.291018,-0.956718,0,
0,0,1,
-0.958527,-0.285001,0,
0.285001,-0.958527,0,
0,0,1,
-0.960299,-0.278973,0,
0.278973,-0.960299,0,
0,0,1,
-0.962033,-0.272934,0,
0.272934,-0.962033,0,
0,0,1,
-0.963729,-0.266884,0,
0.266884,-0.963729,0,
0,0,1,
-0.965387,-0.260823,0,
0.260823,-0.965387,0,
0,0,1,
-0.967006,-0.254752,0,
0.254752,-0.967006,0,
0,0,1,
-0.968588,-0.248671,0,
0.248671,-0.968588,0,
0,0,1,
-0.970131,-0.242581,0,
0.242581,-0.970131,0,
0,0,1,
-0.971636,-0.23648,0,
0.23648,-0.971636,0,
0,0,1,
-0.973103,-0.230371,0,
0.230371,-0.973103,0,
0,0,1,
-0.974531,-0.224252,0,
0.224252,-0.974531,0,
0,0,1,
-0.975921,-0.218124,0,
0.218124,-0.975921,0,
0,0,1,
-0.977272,-0.211988,0,
0.211988,-0.977272,0,
0,0,1,
-0.978585,-0.205844,0,
0.205844,-0.978585,0,
0,0,1,
-0.979859,-0.199691,0,
0.199691,-0.979859,0,
0,0,1,
-0.981094,-0.19353,0,
0.19353,-0.981094,0,
0,0,1,
-0.982291,-0.187362,0,
0.187362,-0.982291,0,
0,0,1,
-0.983449,-0.181187,0,
0.181187,-0.983449,0,
0,0,1,
-0.984568,-0.175004,0,
0.175004,-0.984568,0,
0,0,1,
-0.985648,-0.168814,0,
0.168814,-0.985648,0,
0,0,1,
-0.986689,-0.162618,0,
0.162618,-0.986689,0,
0,0,1,
-0.987691,-0.156415,0,
0.156415,-0.987691,0,
0,0,1,
-0.988655,-0.150206,0,
0.150206,-0.988655,0,
0,0,1,
-0.989579,-0.143991,0,
0.143991,-0.989579,0,
0,0,1,
-0.990464,-0.137771,0,
0.137771,-0.990464,0,
0,0,1,
-0.99131,-0.131545,0,
0.131545,-0.99131,0,
0,0,1,
-0.992117,-0.125314,0,
0.125314,-0.992117,0,
0,0,1,
-0.992885,-0.119077,0,
0.119077,-0.992885,0,
0,0,1,
-0.993614,-0.112837,0,
0.112837,-0.993614,0,
0,0,1,
-0.994303,-0.106591,0,
0.106591,-0.994303,0,
0,0,1,
-0.994953,-0.100342,0,
0.100342,-0.994953,0,
0,0,1,
-0.995564,-0.0940884,0,
0.0940884,-0.995564,0,
0,0,1,
-0.996135,-0.0878312,0,
0.0878312,-0.996135,0,
0,0,1,
-0.996668,-0.0815705,0,
0.0815705,-0.996668,0,
0,0,1,
-0.99716,-0.0753067,0,
0.0753067,-0.99716,0,
0,0,1,
-0.997614,-0.0690399,0,
0.0690399,-0.997614,0,
0,0,1,
-0.998028,-0.0627703,0,
0.0627703,-0.998028,0,
0,0,1,
-0.998403,-0.0564983,0,
0.0564983,-0.998403,0,
0,0,1,
-0.998738,-0.050224,0,
0.050224,-0.998738,0,
0,0,1,
-0.999034,-0.0439478,0,
0.0439478,-0.999034,0,
0,0,1,
-0.99929,-0.0376698,0,
0.0376698,-0.99929,0,
0,0,1,
-0.999507,-0.0313903,0,
0.0313903,-0.999507,0,
0,0,1,
-0.999685,-0.0251096,0,
0.0251096,-0.999685,0,
0,0,1,
-0.999823,-0.0188279,0,
0.0188279,-0.999823,0,
0,0,1,
-0.999921,-0.0125455,0,
0.0125455,-0.999921,0,
0,0,1,
-0.99998,-0.00626251,0,
0.00626251,-0.99998,0,
0,0,1,
-1,2.06712e-05,0,
-2.06712e-05,-1,0,
0,0,1,
-0.99998,0.00630386,0,
-0.00630386,-0.99998,0,
0,0,1,
-0.999921,0.0125868,0,
-0.0125868,-0.999921,0,
0,0,1,
-0.999822,0.0188692,0,
-0.0188692,-0.999822,0,
0,0,1,
-0.999684,0.0251509,0,
-0.0251509,-0.999684,0,
0,0,1,
-0.999506,0.0314316,0,
-0.0314316,-0.999506,0,
0,0,1,
-0.999289,0.0377111,0,
-0.0377111,-0.999289,0,
0,0,1,
-0.999032,0.0439891,0,
-0.0439891,-0.999032,0,
0,0,1,
-0.998736,0.0502653,0,
-0.0502653,-0.998736,0,
0,0,1,
-0.9984,0.0565395,0,
-0.0565395,-0.9984,0,
0,0,1,
-0.998025,0.0628116,0,
-0.0628116,-0.998025,0,
0,0,1,
-0.997611,0.0690811,0,
-0.0690811,-0.997611,0,
0,0,1,
-0.997157,0.0753479,0,
-0.0753479,-0.997157,0,
0,0,1,
-0.996664,0.0816117,0,
-0.0816117,-0.996664,0,
0,0,1,
-0.996132,0.0878724,0,
-0.0878724,-0.996132,0,
0,0,1,
-0.99556,0.0941295,0,
-0.0941295,-0.99556,0,
0,0,1,
-0.994949,0.100383,0,
-0.100383,-0.994949,0,
0,0,1,
-0.994299,0.106632,0,
-0.106632,-0.994299,0,
0,0,1,
-0.993609,0.112878,0,
-0.112878,-0.993609,0,
0,0,1,
-0.99288,0.119118,0,
-0.119118,-0.99288,0,
0,0,1,
-0.992112,0.125355,0,
-0.125355,-0.992112,0,
0,0,1,
-0.991305,0.131586,0,
-0.131586,-0.991305,0,
0,0,1,
-0.990458,0.137812,0,
-0.137812,-0.990458,0,
0,0,1,
-0.989573,0.144032,0,
-0.144032,-0.989573,0,
0,0,1,
-0.988648,0.150247,0,
-0.150247,-0.988648,0,
0,0,1,
-0.987685,0.156456,0,
-0.156456,-0.987685,0,
0,0,1,
-0.986682,0.162659,0,
-0.162659,-0.986682,0,
0,0,1,
-0.985641,0.168855,0,
-0.168855,-0.985641,0,
0,0,1,
-0.984561,0.175045,0,
-0.175045,-0.984561,0,
0,0,1,
-0.983441,0.181227,0,
-0.181227,-0.983441,0,
0,0,1,
-0.982283,0.187403,0,
-0.187403,-0.982283,0,
0,0,1,
-0.981086,0.193571,0,
-0.193571,-0.981086,0,
0,0,1,
-0.979851,0.199732,0,
-0.199732,-0.979851,0,
0,0,1,
-0.978576,0.205884,0,
-0.205884,-0.978576,0,
0,0,1,
-0.977263,0.212029,0,
-0.212029,-0.977263,0,
0,0,1,
-0.975912,0.218165,0,
-0.218165,-0.975912,0,
0,0,1,
-0.974522,0.224292,0,
-0.224292,-0.974522,0,
0,0,1,
-0.973093,0.230411,0,
-0.230411,-0.973093,0,
0,0,1,
-0.971626,0.236521,0,
-0.236521,-0.971626,0,
0,0,1,
-0.970121,0.242621,0,
-0.242621,-0.970121,0,
0,0,1,
-0.968578,0.248712,0,
-0.248712,-0.968578,0,
0,0,1,
-0.966996,0.254792,0,
-0.254792,-0.966996,0,
0,0,1,
-0.965376,0.260863,0,
-0.260863,-0.965376,0,
0,0,1,
-0.963718,0.266924,0,
-0.266924,-0.963718,0,
0,0,1,
-0.962022,0.272974,0,
-0.272974,-0.962022,0,
0,0,1,
-0.960287,0.279013,0,
-0.279013,-0.960287,0,
0,0,1,
-0.958515,0.285041,0,
-0.285041,-0.958515,0,
0,0,1,
-0.956705,0.291058,0,
-0.291058,-0.956705,0,
0,0,1,
-0.954858,0.297063,0,
-0.297063,-0.954858,0,
0,0,1,
-0.952972,0.303057,0,
-0.303057,-0.952972,0,
0,0,1,
-0.951049,0.309039,0,
-0.309039,-0.951049,0,
0,0,1,
-0.949089,0.315008,0,
-0.315008,-0.949089,0,
0,0,1,
-0.947091,0.320965,0,
-0.320965,-0.947091,0,
0,0,1,
-0.945056,0.32691,0,
-0.32691,-0.945056,0,
0,0,1,
-0.942983,0.332841,0,
-0.332841,-0.942983,0,
0,0,1,
-0.940873,0.33876,0,
-0.33876,-0.940873,0,
0,0,1,
-0.938726,0.344665,0,
-0.344665,-0.938726,0,
0,0,1,
-0.936542,0.350556,0,
-0.350556,-0.936542,0,
0,0,1,
-0.934321,0.356433,0,
-0.356433,-0.934321,0,
0,0,1,
-0.932063,0.362297,0,
-0.362297,-0.932063,0,
0,0,1,
-0.929768,0.368146,0,
-0.368146,-0.929768,0,
0,0,1,
-0.927436,0.373981,0,
-0.373981,-0.927436,0,
0,0,1,
-0.925068,0.379801,0,
-0.379801,-0.925068,0,
0,0,1,
-0.922664,0.385605,0,
-0.385605,-0.922664,0,
0,0,1,
-0.920223,0.391395,0,
-0.391395,-0.920223,0,
0,0,1,
-0.917745,0.397169,0,
-0.397169,-0.917745,0,
0,0,1,
-0.915232,0.402928,0,
-0.402928,-0.915232,0,
0,0,1,
-0.912682,0.40867,0,
-0.40867,-0.912682,0,
0,0,1,
-0.910096,0.414397,0,
-0.414397,-0.910096,0,
0,0,1,
-0.907475,0.420107,0,
-0.420107,-0.907475,0,
0,0,1,
-0.904817,0.425801,0,
-0.425801,-0.904817,0,
0,0,1,
-0.902124,0.431477,0,
-0.431477,-0.902124,0,
0,0,1,
-0.899395,0.437137,0,
-0.437137,-0.899395,0,
0,0,1,
-0.896631,0.442779,0,
-0.442779,-0.896631,0,
0,0,1,
-0.893831,0.448404,0,
-0.448404,-0.893831,0,
0,0,1,
-0.890996,0.454012,0,
-0.454012,-0.890996,0,
0,0,1,
-0.888126,0.459601,0,
-0.459601,-0.888126,0,
0,0,1,
-0.88522,0.465172,0,
-0.465172,-0.88522,0,
0,0,1,
-0.88228,0.470725,0,
-0.470725,-0.88228,0,
0,0,1,
-0.879305,0.476259,0,
-0.476259,-0.879305,0,
0,0,1,
-0.876295,0.481775,0,
-0.481775,-0.876295,0,
0,0,1,
-0.873251,0.487271,0,
-0.487271,-0.873251,0,
0,0,1,
-0.870172,0.492748,0,
-0.492748,-0.870172,0,
0,0,1,
-0.867059,0.498206,0,
-0.498206,-0.867059,0,
0,0,1,
-0.863911,0.503644,0,
-0.503644,-0.863911,0,
0,0,1,
-0.86073,0.509062,0,
-0.509062,-0.86073,0,
0,0,1,
-0.857514,0.51446,0,
-0.51446,-0.857514,0,
0,0,1,
-0.854265,0.519838,0,
-0.519838,-0.854265,0,
0,0,1,
-0.850982,0.525195,0,
-0.525195,-0.850982,0,
0,0,1,
-0.847665,0.530532,0,
-0.530532,-0.847665,0,
0,0,1,
-0.844315,0.535847,0,
-0.535847,-0.844315,0,
0,0,1,
-0.840931,0.541142,0,
-0.541142,-0.840931,0,
0,0,1,
-0.837515,0.546415,0,
-0.546415,-0.837515,0,
0,0,1,
-0.834065,0.551666,0,
-0.551666,-0.834065,0,
0,0,1,
-0.830582,0.556896,0,
-0.556896,-0.830582,0,
0,0,1,
-0.827067,0.562104,0,
-0.562104,-0.827067,0,
0,0,1,
-0.823519,0.567289,0,
-0.567289,-0.823519,0,
0,0,1,
-0.819938,0.572452,0,
-0.572452,-0.819938,0,
0,0,1,
-0.816325,0.577593,0,
-0.577593,-0.816325,0,
0,0,1,
-0.81268,0.582711,0,
-0.582711,-0.81268,0,
0,0,1,
-0.809002,0.587805,0,
-0.587805,-0.809002,0,
0,0,1,
-0.805293,0.592877,0,
-0.592877,-0.805293,0,
0,0,1,
-0.801552,0.597925,0,
-0.597925,-0.801552,0,
0,0,1,
-0.797779,0.602949,0,
-0.602949,-0.797779,0,
0,0,1,
-0.793975,0.60795,0,
-0.60795,-0.793975,0,
0,0,1,
-0.79014,0.612927,0,
-0.612927,-0.79014,0,
0,0,1,
-0.786273,0.617879,0,
-0.617879,-0.786273,0,
0,0,1,
-0.782375,0.622807,0,
-0.622807,-0.782375,0,
0,0,1,
-0.778447,0.627711,0,
-0.627711,-0.778447,0,
0,0,1,
-0.774487,0.63259,0,
-0.63259,-0.774487,0,
0,0,1,
-0.770497,0.637443,0,
-0.637443,-0.770497,0,
0,0,1,
-0.766477,0.642272,0,
-0.642272,-0.766477,0,
0,0,1,
-0.762426,0.647075,0,
-0.647075,-0.762426,0,
0,0,1,
-0.758345,0.651853,0,
-0.651853,-0.758345,0,
0,0,1,
-0.754235,0.656605,0,
-0.656605,-0.754235,0,
0,0,1,
-0.750094,0.661331,0,
-0.661331,-0.750094,0,
0,0,1,
-0.745924,0.666031,0,
-0.666031,-0.745924,0,
0,0,1,
-0.741725,0.670704,0,
-0.670704,-0.741725,0,
0,0,1,
-0.737496,0.675352,0,
-0.675352,-0.737496,0,
0,0,1,
-0.733238,0.679972,0,
-0.679972,-0.733238,0,
0,0,1,
-0.728951,0.684566,0,
-0.684566,-0.728951,0,
0,0,1,
-0.724635,0.689132,0,
-0.689132,-0.724635,0,
0,0,1,
-0.720291,0.693672,0,
-0.693672,-0.720291,0,
0,0,1,
-0.715919,0.698184,0,
-0.698184,-0.715919,0,
0,0,1,
-0.711518,0.702668,0,
-0.702668,-0.711518,0,
0,0,1,
-0.707089,0.707125,0,
-0.707125,-0.707089,0,
0,0,1,
-0.702632,0.711554,0,
-0.711554,-0.702632,0,
0,0,1,
-0.698147,0.715955,0,
-0.715955,-0.698147,0,
0,0,1,
-0.693635,0.720327,0,
-0.720327,-0.693635,0,
0,0,1,
-0.689095,0.724671,0,
-0.724671,-0.689095,0,
0,0,1,
-0.684528,0.728986,0,
-0.728986,-0.684528,0,
0,0,1,
-0.679934,0.733273,0,
-0.733273,-0.679934,0,
0,0,1,
-0.675314,0.737531,0,
-0.737531,-0.675314,0,
0,0,1,
-0.670666,0.741759,0,
-0.741759,-0.670666,0,
0,0,1,
-0.665992,0.745959,0,
-0.745959,-0.665992,0,
0,0,1,
-0.661292,0.750128,0,
-0.750128,-0.661292,0,
0,0,1,
-0.656566,0.754269,0,
-0.754269,-0.656566,0,
0,0,1,
-0.651814,0.758379,0,
-0.758379,-0.651814,0,
0,0,1,
-0.647036,0.76246,0,
-0.76246,-0.647036,0,
0,0,1,
-0.642232,0.76651,0,
-0.76651,-0.642232,0,
0,0,1,
-0.637404,0.77053,0,
-0.77053,-0.637404,0,
0,0,1,
-0.63255,0.77452,0,
-0.77452,-0.63255,0,
0,0,1,
-0.627671,0.778479,0,
-0.778479,-0.627671,0,
0,0,1,
-0.622767,0.782407,0,
-0.782407,-0.622767,0,
0,0,1,
-0.617839,0.786305,0,
-0.786305,-0.617839,0,
0,0,1,
-0.612886,0.790171,0,
-0.790171,-0.612886,0,
0,0,1,
-0.607909,0.794007,0,
-0.794007,-0.607909,0,
0,0,1,
-0.602908,0.797811,0,
-0.797811,-0.602908,0,
0,0,1,
-0.597884,0.801583,0,
-0.801583,-0.597884,0,
0,0,1,
-0.592835,0.805324,0,
-0.805324,-0.592835,0,
0,0,1,
-0.587764,0.809033,0,
-0.809033,-0.587764,0,
0,0,1,
-0.582669,0.81271,0,
-0.81271,-0.582669,0,
0,0,1,
-0.577551,0.816355,0,
-0.816355,-0.577551,0,
0,0,1,
-0.57241,0.819968,0,
-0.819968,-0.57241,0,
0,0,1,
-0.567247,0.823548,0,
-0.823548,-0.567247,0,
0,0,1,
-0.562061,0.827096,0,
-0.827096,-0.562061,0,
0,0,1,
-0.556853,0.830611,0,
-0.830611,-0.556853,0,
0,0,1,
-0.551623,0.834093,0,
-0.834093,-0.551623,0,
0,0,1,
-0.546372,0.837543,0,
-0.837543,-0.546372,0,
0,0,1,
-0.541098,0.840959,0,
-0.840959,-0.541098,0,
0,0,1,
-0.535804,0.844343,0,
-0.844343,-0.535804,0,
0,0,1,
-0.530488,0.847692,0,
-0.847692,-0.530488,0,
0,0,1,
-0.525151,0.851009,0,
-0.851009,-0.525151,0,
0,0,1,
-0.519794,0.854292,0,
-0.854292,-0.519794,0,
0,0,1,
-0.514416,0.857541,0,
-0.857541,-0.514416,0,
0,0,1,
-0.509018,0.860756,0,
-0.860756,-0.509018,0,
0,0,1,
-0.503599,0.863937,0,
-0.863937,-0.503599,0,
0,0,1,
-0.498161,0.867084,0,
-0.867084,-0.498161,0,
0,0,1,
-0.492703,0.870197,0,
-0.870197,-0.492703,0,
0,0,1,
-0.487226,0.873276,0,
-0.873276,-0.487226,0,
0,0,1,
-0.481729,0.87632,0,
-0.87632,-0.481729,0,
0,0,1,
-0.476214,0.87933,0,
-0.87933,-0.476214,0,
0,0,1,
-0.470679,0.882304,0,
-0.882304,-0.470679,0,
0,0,1,
-0.465126,0.885244,0,
-0.885244,-0.465126,0,
0,0,1,
-0.459555,0.888149,0,
-0.888149,-0.459555,0,
0,0,1,
-0.453966,0.891019,0,
-0.891019,-0.453966,0,
0,0,1,
-0.448358,0.893854,0,
-0.893854,-0.448358,0,
0,0,1,
-0.442733,0.896653,0,
-0.896653,-0.442733,0,
0,0,1,
-0.437091,0.899418,0,
-0.899418,-0.437091,0,
0,0,1,
-0.431431,0.902146,0,
-0.902146,-0.431431,0,
0,0,1,
-0.425754,0.904839,0,
-0.904839,-0.425754,0,
0,0,1,
-0.42006,0.907496,0,
-0.907496,-0.42006,0,
0,0,1,
-0.41435,0.910118,0,
-0.910118,-0.41435,0,
0,0,1,
-0.408623,0.912703,0,
-0.912703,-0.408623,0,
0,0,1,
-0.402881,0.915253,0,
-0.915253,-0.402881,0,
0,0,1,
-0.397122,0.917766,0,
-0.917766,-0.397122,0,
0,0,1,
-0.391348,0.920243,0,
-0.920243,-0.391348,0,
0,0,1,
-0.385558,0.922684,0,
-0.922684,-0.385558,0,
0,0,1,
-0.379753,0.925088,0,
-0.925088,-0.379753,0,
0,0,1,
-0.373933,0.927456,0,
-0.927456,-0.373933,0,
0,0,1,
-0.368098,0.929787,0,
-0.929787,-0.368098,0,
0,0,1,
-0.362249,0.932081,0,
-0.932081,-0.362249,0,
0,0,1,
-0.356385,0.934339,0,
-0.934339,-0.356385,0,
0,0,1,
-0.350507,0.93656,0,
-0.93656,-0.350507,0,
0,0,1,
-0.344616,0.938744,0,
-0.938744,-0.344616,0,
0,0,1,
-0.338711,0.940891,0,
-0.940891,-0.338711,0,
0,0,1,
-0.332792,0.943,0,
-0.943,-0.332792,0,
0,0,1,
-0.326861,0.945072,0,
-0.945072,-0.326861,0,
0,0,1,
-0.320916,0.947108,0,
-0.947108,-0.320916,0,
0,0,1,
-0.314959,0.949105,0,
-0.949105,-0.314959,0,
0,0,1,
-0.308989,0.951065,0,
-0.951065,-0.308989,0,
0,0,1,
-0.303008,0.952988,0,
-0.952988,-0.303008,0,
0,0,1,
-0.297014,0.954873,0,
-0.954873,-0.297014,0,
0,0,1,
-0.291008,0.956721,0,
-0.956721,-0.291008,0,
0,0,1,
-0.284991,0.95853,0,
-0.95853,-0.284991,0,
0,0,1,
-0.278963,0.960302,0,
-0.960302,-0.278963,0,
0,0,1,
-0.272924,0.962036,0,
-0.962036,-0.272924,0,
0,0,1,
-0.266874,0.963731,0,
-0.963731,-0.266874,0,
0,0,1,
-0.260813,0.965389,0,
-0.965389,-0.260813,0,
0,0,1,
-0.254742,0.967009,0,
-0.967009,-0.254742,0,
0,0,1,
-0.248661,0.96859,0,
-0.96859,-0.248661,0,
0,0,1,
-0.242571,0.970134,0,
-0.970134,-0.242571,0,
0,0,1,
-0.23647,0.971639,0,
-0.971639,-0.23647,0,
0,0,1,
-0.230361,0.973105,0,
-0.973105,-0.230361,0,
0,0,1,
-0.224242,0.974533,0,
-0.974533,-0.224242,0,
0,0,1,
-0.218114,0.975923,0,
-0.975923,-0.218114,0,
0,0,1,
-0.211978,0.977274,0,
-0.977274,-0.211978,0,
0,0,1,
-0.205834,0.978587,0,
-0.978587,-0.205834,0,
0,0,1,
-0.199681,0.979861,0,
-0.979861,-0.199681,0,
0,0,1,
-0.19352,0.981096,0,
-0.981096,-0.19352,0,
0,0,1,
-0.187352,0.982293,0,
-0.982293,-0.187352,0,
0,0,1,
-0.181176,0.983451,0,
-0.983451,-0.181176,0,
0,0,1,
-0.174994,0.98457,0,
-0.98457,-0.174994,0,
0,0,1,
-0.168804,0.98565,0,
-0.98565,-0.168804,0,
0,0,1,
-0.162608,0.986691,0,
-0.986691,-0.162608,0,
0,0,1,
-0.156405,0.987693,0,
-0.987693,-0.156405,0,
0,0,1,
-0.150196,0.988656,0,
-0.988656,-0.150196,0,
0,0,1,
-0.143981,0.98958,0,
-0.98958,-0.143981,0,
0,0,1,
-0.13776,0.990466,0,
-0.990466,-0.13776,0,
0,0,1,
-0.131534,0.991312,0,
-0.991312,-0.131534,0,
0,0,1,
-0.125303,0.992118,0,
-0.992118,-0.125303,0,
0,0,1,
-0.119067,0.992886,0,
-0.992886,-0.119067,0,
0,0,1,
-0.112826,0.993615,0,
-0.993615,-0.112826,0,
0,0,1,
-0.106581,0.994304,0,
-0.994304,-0.106581,0,
0,0,1,
-0.100332,0.994954,0,
-0.994954,-0.100332,0,
0,0,1,
-0.0940781,0.995565,0,
-0.995565,-0.0940781,0,
0,0,1,
-0.0878209,0.996136,0,
-0.996136,-0.0878209,0,
0,0,1,
-0.0815602,0.996668,0,
-0.996668,-0.0815602,0,
0,0,1,
-0.0752964,0.997161,0,
-0.997161,-0.0752964,0,
0,0,1,
-0.0690295,0.997615,0,
-0.997615,-0.0690295,0,
0,0,1,
-0.06276,0.998029,0,
-0.998029,-0.06276,0,
0,0,1,
-0.0564879,0.998403,0,
-0.998403,-0.0564879,0,
0,0,1,
-0.0502137,0.998738,0,
-0.998738,-0.0502137,0,
0,0,1,
-0.0439374,0.999034,0,
-0.999034,-0.0439374,0,
0,0,1,
-0.0376594,0.999291,0,
-0.999291,-0.0376594,0,
0,0,1,
-0.03138,0.999508,0,
-0.999508,-0.03138,0,
0,0,1,
-0.0250993,0.999685,0,
-0.999685,-0.0250993,0,
0,0,1,
-0.0188176,0.999823,0,
-0.999823,-0.0188176,0,
0,0,1,
-0.0125351,0.999921,0,
-0.999921,-0.0125351,0,
0,0,1,
-0.00625218,0.99998,0,
-0.99998,-0.00625218,0,
0,0,1,
3.10068e-05,1,0,
-1,3.10068e-05,0,
0,0,1,
0.00631419,0.99998,0,
-0.99998,0.00631419,0,
0,0,1,
0.0125971,0.999921,0,
-0.999921,0.0125971,0,
0,0,1,
0.0188796,0.999822,0,
-0.999822,0.0188796,0,
0,0,1,
0.0251613,0.999683,0,
-0.999683,0.0251613,0,
0,0,1,
0.031442,0.999506,0,
-0.999506,0.031442,0,
0,0,1,
0.0377214,0.999288,0,
-0.999288,0.0377214,0,
0,0,1,
0.0439994,0.999032,0,
-0.999032,0.0439994,0,
0,0,1,
0.0502756,0.998735,0,
-0.998735,0.0502756,0,
0,0,1,
0.0565499,0.9984,0,
-0.9984,0.0565499,0,
0,0,1,
0.0628219,0.998025,0,
-0.998025,0.0628219,0,
0,0,1,
0.0690914,0.99761,0,
-0.99761,0.0690914,0,
0,0,1,
0.0753582,0.997157,0,
-0.997157,0.0753582,0,
0,0,1,
0.0816221,0.996663,0,
-0.996663,0.0816221,0,
0,0,1,
0.0878827,0.996131,0,
-0.996131,0.0878827,0,
0,0,1,
0.0941398,0.995559,0,
-0.995559,0.0941398,0,
0,0,1,
0.100393,0.994948,0,
-0.994948,0.100393,0,
0,0,1,
0.106643,0.994297,0,
-0.994297,0.106643,0,
0,0,1,
0.112888,0.993608,0,
-0.993608,0.112888,0,
0,0,1,
0.119129,0.992879,0,
-0.992879,0.119129,0,
0,0,1,
0.125365,0.992111,0,
-0.992111,0.125365,0,
0,0,1,
0.131596,0.991303,0,
-0.991303,0.131596,0,
0,0,1,
0.137822,0.990457,0,
-0.990457,0.137822,0,
0,0,1,
0.144042,0.989572,0,
-0.989572,0.144042,0,
0,0,1,
0.150257,0.988647,0,
-0.988647,0.150257,0,
0,0,1,
0.156466,0.987683,0,
-0.987683,0.156466,0,
0,0,1,
0.162669,0.986681,0,
-0.986681,0.162669,0,
0,0,1,
0.168865,0.985639,0,
-0.985639,0.168865,0,
0,0,1,
0.175055,0.984559,0,
-0.984559,0.175055,0,
0,0,1,
0.181237,0.983439,0,
-0.983439,0.181237,0,
0,0,1,
0.187413,0.982281,0,
-0.982281,0.187413,0,
0,0,1,
0.193581,0.981084,0,
-0.981084,0.193581,0,
0,0,1,
0.199742,0.979849,0,
-0.979849,0.199742,0,
0,0,1,
0.205894,0.978574,0,
