1,0,0,
0,1,0,
0,0,1,
1,0.0004745,0,
-0.0004745,1,0,
0,0,1,
0.999999,0.0014235,0,
-0.0014235,0.999999,0,
0,0,1,
0.999996,0.002847,0,
-0.002847,0.999996,0,
0,0,1,
0.999989,0.00474498,0,
-0.00474498,0.999989,0,
0,0,1,
0.999975,0.00711744,0,
-0.00711744,0.999975,0,
0,0,1,
0.99995,0.00996434,0,
-0.00996434,0.99995,0,
0,0,1,
0.999912,0.0132856,0,
-0.0132856,0.999912,0,
0,0,1,
0.999854,0.0170812,0,
-0.0170812,0.999854,0,
0,0,1,
0.999772,0.0213509,0,
-0.0213509,0.999772,0,
0,0,1,
0.999659,0.0260946,0,
-0.0260946,0.999659,0,
0,0,1,
0.99951,0.031312,0,
-0.031312,0.99951,0,
0,0,1,
0.999315,0.0370027,0,
-0.0370027,0.999315,0,
0,0,1,
0.999068,0.0431662,0,
-0.0431662,0.999068,0,
0,0,1,
0.998759,0.0498021,0,
-0.0498021,0.998759,0,
0,0,1,
0.998379,0.0569095,0,
-0.0569095,0.998379,0,
0,0,1,
0.997919,0.0644875,0,
-0.0644875,0.997919,0,
0,0,1,
0.997366,0.0725351,0,
-0.0725351,0.997366,0,
0,0,1,
0.99671,0.081051,0,
-0.081051,0.99671,0,
0,0,1,
0.995939,0.0900335,0,
-0.0900335,0.995939,0,
0,0,1,
0.995039,0.0994809,0,
-0.0994809,0.995039,0,
0,0,1,
0.993999,0.109391,0,
-0.109391,0.993999,0,
0,0,1,
0.992803,0.119761,0,
-0.119761,0.992803,0,
0,0,1,
0.991437,0.130589,0,
-0.130589,0.991437,0,
0,0,1,
0.989885,0.141871,0,
-0.141871,0.989885,0,
0,0,1,
0.988133,0.153604,0,
-0.153604,0.988133,0,
0,0,1,
0.986162,0.165783,0,
-0.165783,0.986162,0,
0,0,1,
0.983957,0.178403,0,
-0.178403,0.983957,0,
0,0,1,
0.9815,0.19146,0,
-0.19146,0.9815,0,
0,0,1,
0.978773,0.204948,0,
-0.204948,0.978773,0,
0,0,1,
0.975756,0.21886,0,
-0.21886,0.975756,0,
0,0,1,
0.972431,0.23319,0,
-0.23319,0.972431,0,
0,0,1,
0.969013,0.247008,0,
-0.247008,0.969013,0,
0,0,1,
0.965523,0.260319,0,
-0.260319,0.965523,0,
0,0,1,
0.961979,0.273124,0,
-0.273124,0.961979,0,
0,0,1,
0.958401,0.285426,0,
-0.285426,0.958401,0,
0,0,1,
0.954806,0.297228,0,
-0.297228,0.954806,0,
0,0,1,
0.951213,0.308534,0,
-0.308534,0.951213,0,
0,0,1,
0.947638,0.319346,0,
-0.319346,0.947638,0,
0,0,1,
0.944097,0.329669,0,
-0.329669,0.944097,0,
0,0,1,
0.940604,0.339507,0,
-0.339507,0.940604,0,
0,0,1,
0.937174,0.348862,0,
-0.348862,0.937174,0,
0,0,1,
0.933821,0.35774,0,
-0.35774,0.933821,0,
0,0,1,
0.930558,0.366145,0,
-0.366145,0.930558,0,
0,0,1,
0.927397,0.374079,0,
-0.374079,0.927397,0,
0,0,1,
0.924349,0.381548,0,
-0.381548,0.924349,0,
0,0,1,
0.921426,0.388555,0,
-0.388555,0.921426,0,
0,0,1,
0.918637,0.395103,0,
-0.395103,0.918637,0,
0,0,1,
0.915992,0.401197,0,
-0.401197,0.915992,0,
0,0,1,
0.9135,0.406839,0,
-0.406839,0.9135,0,
0,0,1,
0.911168,0.412034,0,
-0.412034,0.911168,0,
0,0,1,
0.909005,0.416785,0,
-0.416785,0.909005,0,
0,0,1,
0.907017,0.421093,0,
-0.421093,0.907017,0,
0,0,1,
0.905211,0.424963,0,
-0.424963,0.905211,0,
0,0,1,
0.903591,0.428396,0,
-0.428396,0.903591,0,
0,0,1,
0.902163,0.431395,0,
-0.431395,0.902163,0,
0,0,1,
0.900931,0.433961,0,
-0.433961,0.900931,0,
0,0,1,
0.899899,0.436098,0,
-0.436098,0.899899,0,
0,0,1,
0.89907,0.437805,0,
-0.437805,0.89907,0,
0,0,1,
0.898446,0.439084,0,
-0.439084,0.898446,0,
0,0,1,
0.898029,0.439937,0,
-0.439937,0.898029,0,
0,0,1,
0.89782,0.440363,0,
-0.440363,0.89782,0,
0,0,1,
0.897611,0.440789,0,
-0.440789,0.897611,0,
0,0,1,
0.897402,0.441215,0,
-0.441215,0.897402,0,
0,0,1,
0.897192,0.44164,0,
-0.44164,0.897192,0,
0,0,1,
0.896983,0.442066,0,
-0.442066,0.896983,0,
0,0,1,
0.896773,0.442492,0,
-0.442492,0.896773,0,
0,0,1,
0.896563,0.442917,0,
-0.442917,0.896563,0,
0,0,1,
0.896352,0.443342,0,
-0.443342,0.896352,0,
0,0,1,
0.896142,0.443768,0,
-0.443768,0.896142,0,
0,0,1,
0.895931,0.444193,0,
-0.444193,0.895931,0,
0,0,1,
0.89572,0.444618,0,
-0.444618,0.89572,0,
0,0,1,
0.895509,0.445043,0,
-0.445043,0.895509,0,
0,0,1,
0.895298,0.445468,0,
-0.445468,0.895298,0,
0,0,1,
0.895087,0.445893,0,
-0.445893,0.895087,0,
0,0,1,
0.894875,0.446317,0,
-0.446317,0.894875,0,
0,0,1,
0.894663,0.446742,0,
-0.446742,0.894663,0,
0,0,1,
0.894451,0.447166,0,
-0.447166,0.894451,0,
0,0,1,
0.894239,0.447591,0,
-0.447591,0.894239,0,
0,0,1,
0.894026,0.448015,0,
-0.448015,0.894026,0,
0,0,1,
0.893813,0.448439,0,
-0.448439,0.893813,0,
0,0,1,
0.893601,0.448863,0,
-0.448863,0.893601,0,
0,0,1,
0.893387,0.449287,0,
-0.449287,0.893387,0,
0,0,1,
0.893174,0.449711,0,
-0.449711,0.893174,0,
0,0,1,
0.892961,0.450135,0,
-0.450135,0.892961,0,
0,0,1,
0.892747,0.450558,0,
-0.450558,0.892747,0,
0,0,1,
0.892533,0.450982,0,
-0.450982,0.892533,0,
0,0,1,
0.892319,0.451405,0,
-0.451405,0.892319,0,
0,0,1,
0.892105,0.451829,0,
-0.451829,0.892105,0,
0,0,1,
0.89189,0.452252,0,
-0.452252,0.89189,0,
0,0,1,
0.891676,0.452675,0,
-0.452675,0.891676,0,
0,0,1,
0.891461,0.453098,0,
-0.453098,0.891461,0,
0,0,1,
0.891246,0.453521,0,
-0.453521,0.891246,0,
0,0,1,
0.89103,0.453944,0,
-0.453944,0.89103,0,
0,0,1,
0.890815,0.454367,0,
-0.454367,0.890815,0,
0,0,1,
0.890599,0.454789,0,
-0.454789,0.890599,0,
0,0,1,
0.890383,0.455212,0,
-0.455212,0.890383,0,
0,0,1,
0.890167,0.455634,0,
-0.455634,0.890167,0,
0,0,1,
0.889951,0.456057,0,
-0.456057,0.889951,0,
0,0,1,
0.889734,0.456479,0,
-0.456479,0.889734,0,
0,0,1,
0.889518,0.456901,0,
-0.456901,0.889518,0,
0,0,1,
0.889301,0.457323,0,
-0.457323,0.889301,0,
0,0,1,
0.889084,0.457745,0,
-0.457745,0.889084,0,
0,0,1,
0.888866,0.458167,0,
-0.458167,0.888866,0,
0,0,1,
0.888649,0.458588,0,
-0.458588,0.888649,0,
0,0,1,
0.888431,0.45901,0,
-0.45901,0.888431,0,
0,0,1,
0.888213,0.459432,0,
-0.459432,0.888213,0,
0,0,1,
0.887995,0.459853,0,
-0.459853,0.887995,0,
0,0,1,
0.887777,0.460274,0,
-0.460274,0.887777,0,
0,0,1,
0.887558,0.460695,0,
-0.460695,0.887558,0,
0,0,1,
0.88734,0.461117,0,
-0.461117,0.88734,0,
0,0,1,
0.887121,0.461538,0,
-0.461538,0.887121,0,
0,0,1,
0.886902,0.461958,0,
-0.461958,0.886902,0,
0,0,1,
0.886682,0.462379,0,
-0.462379,0.886682,0,
0,0,1,
0.886463,0.4628,0,
-0.4628,0.886463,0,
0,0,1,
0.886243,0.46322,0,
-0.46322,0.886243,0,
0,0,1,
0.886023,0.463641,0,
-0.463641,0.886023,0,
0,0,1,
0.885803,0.464061,0,
-0.464061,0.885803,0,
0,0,1,
0.885583,0.464482,0,
-0.464482,0.885583,0,
0,0,1,
0.885362,0.464902,0,
-0.464902,0.885362,0,
0,0,1,
0.885142,0.465322,0,
-0.465322,0.885142,0,
0,0,1,
0.884921,0.465742,0,
-0.465742,0.884921,0,
0,0,1,
0.8847,0.466162,0,
-0.466162,0.8847,0,
0,0,1,
0.884478,0.466581,0,
-0.466581,0.884478,0,
0,0,1,
0.884257,0.467001,0,
-0.467001,0.884257,0,
0,0,1,
0.884035,0.46742,0,
-0.46742,0.884035,0,
0,0,1,
0.883813,0.46784,0,
-0.46784,0.883813,0,
0,0,1,
0.883591,0.468259,0,
-0.468259,0.883591,0,
0,0,1,
0.883369,0.468678,0,
-0.468678,0.883369,0,
0,0,1,
0.883146,0.469098,0,
-0.469098,0.883146,0,
0,0,1,
0.882924,0.469517,0,
-0.469517,0.882924,0,
0,0,1,
0.882701,0.469935,0,
-0.469935,0.882701,0,
0,0,1,
0.882478,0.470354,0,
-0.470354,0.882478,0,
0,0,1,
0.882254,0.470773,0,
-0.470773,0.882254,0,
0,0,1,
0.882031,0.471191,0,
-0.471191,0.882031,0,
0,0,1,
0.881807,0.47161,0,
-0.47161,0.881807,0,
0,0,1,
0.881583,0.472028,0,
-0.472028,0.881583,0,
0,0,1,
0.881359,0.472447,0,
-0.472447,0.881359,0,
0,0,1,
0.881135,0.472865,0,
-0.472865,0.881135,0,
0,0,1,
0.880911,0.473283,0,
-0.473283,0.880911,0,
0,0,1,
0.880686,0.473701,0,
-0.473701,0.880686,0,
0,0,1,
0.880461,0.474119,0,
-0.474119,0.880461,0,
0,0,1,
0.880236,0.474536,0,
-0.474536,0.880236,0,
0,0,1,
0.880011,0.474954,0,
-0.474954,0.880011,0,
0,0,1,
0.879785,0.475371,0,
-0.475371,0.879785,0,
0,0,1,
0.87956,0.475789,0,
-0.475789,0.87956,0,
0,0,1,
0.879334,0.476206,0,
-0.476206,0.879334,0,
0,0,1,
0.879108,0.476623,0,
-0.476623,0.879108,0,
0,0,1,
0.878881,0.47704,0,
-0.47704,0.878881,0,
0,0,1,
0.878655,0.477457,0,
-0.477457,0.878655,0,
0,0,1,
0.878428,0.477874,0,
-0.477874,0.878428,0,
0,0,1,
0.878201,0.478291,0,
-0.478291,0.878201,0,
0,0,1,
0.877974,0.478708,0,
-0.478708,0.877974,0,
0,0,1,
0.877747,0.479124,0,
-0.479124,0.877747,0,
0,0,1,
0.87752,0.479541,0,
-0.479541,0.87752,0,
0,0,1,
0.877292,0.479957,0,
-0.479957,0.877292,0,
0,0,1,
0.877064,0.480373,0,
-0.480373,0.877064,0,
0,0,1,
0.876836,0.480789,0,
-0.480789,0.876836,0,
0,0,1,
0.876608,0.481205,0,
-0.481205,0.876608,0,
0,0,1,
0.87638,0.481621,0,
-0.481621,0.87638,0,
0,0,1,
0.876151,0.482037,0,
-0.482037,0.876151,0,
0,0,1,
0.875922,0.482453,0,
-0.482453,0.875922,0,
0,0,1,
0.875693,0.482868,0,
-0.482868,0.875693,0,
0,0,1,
0.875464,0.483284,0,
-0.483284,0.875464,0,
0,0,1,
0.875234,0.483699,0,
-0.483699,0.875234,0,
0,0,1,
0.875005,0.484114,0,
-0.484114,0.875005,0,
0,0,1,
0.874775,0.484529,0,
-0.484529,0.874775,0,
0,0,1,
0.874545,0.484944,0,
-0.484944,0.874545,0,
0,0,1,
0.874315,0.485359,0,
-0.485359,0.874315,0,
0,0,1,
0.874084,0.485774,0,
-0.485774,0.874084,0,
0,0,1,
0.873854,0.486189,0,
-0.486189,0.873854,0,
0,0,1,
0.873623,0.486603,0,
-0.486603,0.873623,0,
0,0,1,
0.873392,0.487018,0,
-0.487018,0.873392,0,
0,0,1,
0.873161,0.487432,0,
-0.487432,0.873161,0,
0,0,1,
0.872929,0.487847,0,
-0.487847,0.872929,0,
0,0,1,
0.872698,0.488261,0,
-0.488261,0.872698,0,
0,0,1,
0.872466,0.488675,0,
-0.488675,0.872466,0,
0,0,1,
0.872234,0.489089,0,
-0.489089,0.872234,0,
0,0,1,
0.872002,0.489502,0,
-0.489502,0.872002,0,
0,0,1,
0.87177,0.489916,0,
-0.489916,0.87177,0,
0,0,1,
0.871537,0.49033,0,
-0.49033,0.871537,0,
0,0,1,
0.871304,0.490743,0,
-0.490743,0.871304,0,
0,0,1,
0.871071,0.491157,0,
-0.491157,0.871071,0,
0,0,1,
0.870838,0.49157,0,
-0.49157,0.870838,0,
0,0,1,
0.870605,0.491983,0,
-0.491983,0.870605,0,
0,0,1,
0.870371,0.492396,0,
-0.492396,0.870371,0,
0,0,1,
0.870137,0.492809,0,
-0.492809,0.870137,0,
0,0,1,
0.869904,0.493222,0,
-0.493222,0.869904,0,
0,0,1,
0.869669,0.493635,0,
-0.493635,0.869669,0,
0,0,1,
0.869435,0.494047,0,
-0.494047,0.869435,0,
0,0,1,
0.869201,0.49446,0,
-0.49446,0.869201,0,
0,0,1,
0.868966,0.494872,0,
-0.494872,0.868966,0,
0,0,1,
0.868731,0.495284,0,
-0.495284,0.868731,0,
0,0,1,
0.868496,0.495697,0,
-0.495697,0.868496,0,
0,0,1,
0.868261,0.496109,0,
-0.496109,0.868261,0,
0,0,1,
0.868025,0.49652,0,
-0.49652,0.868025,0,
0,0,1,
0.867789,0.496932,0,
-0.496932,0.867789,0,
0,0,1,
0.867553,0.497344,0,
-0.497344,0.867553,0,
0,0,1,
0.867317,0.497756,0,
-0.497756,0.867317,0,
0,0,1,
0.867081,0.498167,0,
-0.498167,0.867081,0,
0,0,1,
