1,0,0,
0,1,0,
0,0,1,
1,0.0004745,0,
-0.0004745,1,0,
0,0,1,
0.999999,0.0014235,0,
-0.0014235,0.999999,0,
0,0,1,
0.999996,0.002847,0,
-0.002847,0.999996,0,
0,0,1,
0.999989,0.00474498,0,
-0.00474498,0.999989,0,
0,0,1,
0.999975,0.00711744,0,
-0.00711744,0.999975,0,
0,0,1,
0.99995,0.00996434,0,
-0.00996434,0.99995,0,
0,0,1,
0.999912,0.0132856,0,
-0.0132856,0.999912,0,
0,0,1,
0.999854,0.0170812,0,
-0.0170812,0.999854,0,
0,0,1,
0.999772,0.0213509,0,
-0.0213509,0.999772,0,
0,0,1,
0.999659,0.0260946,0,
-0.0260946,0.999659,0,
0,0,1,
0.99951,0.031312,0,
-0.031312,0.99951,0,
0,0,1,
0.999315,0.0370027,0,
-0.0370027,0.999315,0,
0,0,1,
0.999068,0.0431662,0,
-0.0431662,0.999068,0,
0,0,1,
0.998759,0.0498021,0,
-0.0498021,0.998759,0,
0,0,1,
0.998379,0.0569095,0,
-0.0569095,0.998379,0,
0,0,1,
0.997919,0.0644875,0,
-0.0644875,0.997919,0,
0,0,1,
0.997366,0.0725351,0,
-0.0725351,0.997366,0,
0,0,1,
0.99671,0.081051,0,
-0.081051,0.99671,0,
0,0,1,
0.995939,0.0900335,0,
-0.0900335,0.995939,0,
0,0,1,
0.995039,0.0994809,0,
-0.0994809,0.995039,0,
0,0,1,
0.993999,0.109391,0,
-0.109391,0.993999,0,
0,0,1,
0.992803,0.119761,0,
-0.119761,0.992803,0,
0,0,1,
0.991437,0.130589,0,
-0.130589,0.991437,0,
0,0,1,
0.989885,0.141871,0,
-0.141871,0.989885,0,
0,0,1,
0.988133,0.153604,0,
-0.153604,0.988133,0,
0,0,1,
0.986162,0.165783,0,
-0.165783,0.986162,0,
0,0,1,
0.983957,0.178403,0,
-0.178403,0.983957,0,
0,0,1,
0.9815,0.19146,0,
-0.19146,0.9815,0,
0,0,1,
0.978773,0.204948,0,
-0.204948,0.978773,0,
0,0,1,
0.975756,0.21886,0,
-0.21886,0.975756,0,
0,0,1,
0.972431,0.23319,0,
-0.23319,0.972431,0,
0,0,1,
0.968778,0.247928,0,
-0.247928,0.968778,0,
0,0,1,
0.964778,0.263067,0,
-0.263067,0.964778,0,
0,0,1,
0.960408,0.278598,0,
-0.278598,0.960408,0,
0,0,1,
0.955649,0.294509,0,
-0.294509,0.955649,0,
0,0,1,
0.950478,0.310791,0,
-0.310791,0.950478,0,
0,0,1,
0.944875,0.32743,0,
-0.32743,0.944875,0,
0,0,1,
0.938818,0.344414,0,
-0.344414,0.938818,0,
0,0,1,
0.932284,0.361728,0,
-0.361728,0.932284,0,
0,0,1,
0.92525,0.379358,0,
-0.379358,0.92525,0,
0,0,1,
0.917695,0.397286,0,
-0.397286,0.917695,0,
0,0,1,
0.909595,0.415496,0,
-0.415496,0.909595,0,
0,0,1,
0.900928,0.433968,0,
-0.433968,0.900928,0,
0,0,1,
0.891671,0.452683,0,
-0.452683,0.891671,0,
0,0,1,
0.881802,0.47162,0,
-0.47162,0.881802,0,
0,0,1,
0.871298,0.490754,0,
-0.490754,0.871298,0,
0,0,1,
0.860137,0.510063,0,
-0.510063,0.860137,0,
0,0,1,
0.848296,0.529522,0,
-0.529522,0.848296,0,
0,0,1,
0.835755,0.549102,0,
-0.549102,0.835755,0,
0,0,1,
0.822493,0.568776,0,
-0.568776,0.822493,0,
0,0,1,
0.808488,0.588513,0,
-0.588513,0.808488,0,
0,0,1,
0.793721,0.608282,0,
-0.608282,0.793721,0,
0,0,1,
0.778172,0.628051,0,
-0.628051,0.778172,0,
0,0,1,
0.761824,0.647784,0,
-0.647784,0.761824,0,
0,0,1,
0.744659,0.667445,0,
-0.667445,0.744659,0,
0,0,1,
0.726661,0.686996,0,
-0.686996,0.726661,0,
0,0,1,
0.707814,0.706398,0,
-0.706398,0.707814,0,
0,0,1,
0.688105,0.725611,0,
-0.725611,0.688105,0,
0,0,1,
0.667522,0.74459,0,
-0.74459,0.667522,0,
0,0,1,
0.646053,0.763293,0,
-0.763293,0.646053,0,
0,0,1,
0.623689,0.781673,0,
-0.781673,0.623689,0,
0,0,1,
0.600423,0.799683,0,
-0.799683,0.600423,0,
0,0,1,
0.576249,0.817274,0,
-0.817274,0.576249,0,
0,0,1,
0.551165,0.834396,0,
-0.834396,0.551165,0,
0,0,1,
0.525168,0.850999,0,
-0.850999,0.525168,0,
0,0,1,
0.498259,0.867028,0,
-0.867028,0.498259,0,
0,0,1,
0.470443,0.88243,0,
-0.88243,0.470443,0,
0,0,1,
0.441726,0.89715,0,
-0.89715,0.441726,0,
0,0,1,
0.412116,0.911131,0,
-0.911131,0.412116,0,
0,0,1,
0.381625,0.924317,0,
-0.924317,0.381625,0,
0,0,1,
0.350269,0.936649,0,
-0.936649,0.350269,0,
0,0,1,
0.318065,0.948069,0,
-0.948069,0.318065,0,
0,0,1,
0.285034,0.958517,0,
-0.958517,0.285034,0,
0,0,1,
0.251202,0.967935,0,
-0.967935,0.251202,0,
0,0,1,
0.216597,0.976261,0,
-0.976261,0.216597,0,
0,0,1,
0.18125,0.983437,0,
-0.983437,0.18125,0,
0,0,1,
0.145197,0.989403,0,
-0.989403,0.145197,0,
0,0,1,
0.108479,0.994099,0,
-0.994099,0.108479,0,
0,0,1,
0.0711386,0.997466,0,
-0.997466,0.0711386,0,
0,0,1,
0.0332235,0.999448,0,
-0.999448,0.0332235,0,
0,0,1,
-0.00521429,0.999986,0,
-0.999986,-0.00521429,0,
0,0,1,
-0.0441188,0.999026,0,
-0.999026,-0.0441188,0,
0,0,1,
-0.0834297,0.996514,0,
-0.996514,-0.0834297,0,
0,0,1,
-0.123082,0.992396,0,
-0.992396,-0.123082,0,
0,0,1,
-0.163008,0.986625,0,
-0.986625,-0.163008,0,
0,0,1,
-0.203134,0.979151,0,
-0.979151,-0.203134,0,
0,0,1,
-0.243381,0.969931,0,
-0.969931,-0.243381,0,
0,0,1,
-0.283669,0.958922,0,
-0.958922,-0.283669,0,
0,0,1,
-0.323912,0.946087,0,
-0.946087,-0.323912,0,
0,0,1,
-0.364019,0.931391,0,
-0.931391,-0.364019,0,
0,0,1,
-0.403897,0.914805,0,
-0.914805,-0.403897,0,
0,0,1,
-0.443447,0.896301,0,
-0.896301,-0.443447,0,
0,0,1,
-0.482567,0.875859,0,
-0.875859,-0.482567,0,
0,0,1,
-0.521153,0.853463,0,
-0.853463,-0.521153,0,
0,0,1,
-0.559095,0.829104,0,
-0.829104,-0.559095,0,
0,0,1,
-0.596282,0.802775,0,
-0.802775,-0.596282,0,
0,0,1,
-0.632599,0.77448,0,
-0.77448,-0.632599,0,
0,0,1,
-0.667929,0.744225,0,
-0.744225,-0.667929,0,
0,0,1,
-0.702152,0.712028,0,
-0.712028,-0.702152,0,
0,0,1,
-0.735146,0.677908,0,
-0.677908,-0.735146,0,
0,0,1,
-0.76679,0.641898,0,
-0.641898,-0.76679,0,
0,0,1,
-0.796959,0.604034,0,
-0.604034,-0.796959,0,
0,0,1,
-0.825528,0.564362,0,
-0.564362,-0.825528,0,
0,0,1,
-0.852372,0.522936,0,
-0.522936,-0.852372,0,
0,0,1,
-0.877367,0.479819,0,
-0.479819,-0.877367,0,
0,0,1,
-0.90039,0.435083,0,
-0.435083,-0.90039,0,
0,0,1,
-0.921319,0.388808,0,
-0.388808,-0.921319,0,
0,0,1,
-0.940033,0.341083,0,
-0.341083,-0.940033,0,
0,0,1,
-0.956416,0.292008,0,
-0.292008,-0.956416,0,
0,0,1,
-0.970354,0.241689,0,
-0.241689,-0.970354,0,
0,0,1,
-0.981736,0.190246,0,
-0.190246,-0.981736,0,
0,0,1,
-0.99046,0.137804,0,
-0.137804,-0.99046,0,
0,0,1,
-0.996424,0.0844986,0,
-0.0844986,-0.996424,0,
0,0,1,
-0.999536,0.0304753,0,
-0.0304753,-0.999536,0,
0,0,1,
-0.999709,-0.0241122,0,
0.0241122,-0.999709,0,
0,0,1,
-0.996867,-0.0791016,0,
0.0791016,-0.996867,0,
0,0,1,
-0.990938,-0.134322,0,
0.134322,-0.990938,0,
0,0,1,
-0.981862,-0.189595,0,
0.189595,-0.981862,0,
0,0,1,
-0.96959,-0.244734,0,
0.244734,-0.96959,0,
0,0,1,
-0.954082,-0.299545,0,
0.299545,-0.954082,0,
0,0,1,
-0.93531,-0.353829,0,
0.353829,-0.93531,0,
0,0,1,
-0.913259,-0.40738,0,
0.40738,-0.913259,0,
0,0,1,
-0.887926,-0.459987,0,
0.459987,-0.887926,0,
0,0,1,
-0.859323,-0.511434,0,
0.511434,-0.859323,0,
0,0,1,
-0.827476,-0.561502,0,
0.561502,-0.827476,0,
0,0,1,
-0.792425,-0.60997,0,
0.60997,-0.792425,0,
0,0,1,
-0.754227,-0.656614,0,
0.656614,-0.754227,0,
0,0,1,
-0.712955,-0.70121,0,
0.70121,-0.712955,0,
0,0,1,
-0.668696,-0.743536,0,
0.743536,-0.668696,0,
0,0,1,
-0.621558,-0.783368,0,
0.783368,-0.621558,0,
0,0,1,
-0.571662,-0.820489,0,
0.820489,-0.571662,0,
0,0,1,
-0.519149,-0.854684,0,
0.854684,-0.519149,0,
0,0,1,
-0.464177,-0.885743,0,
0.885743,-0.464177,0,
0,0,1,
-0.406919,-0.913464,0,
0.913464,-0.406919,0,
0,0,1,
-0.347569,-0.937654,0,
0.937654,-0.347569,0,
0,0,1,
-0.286336,-0.958129,0,
0.958129,-0.286336,0,
0,0,1,
-0.223446,-0.974716,0,
0.974716,-0.223446,0,
0,0,1,
-0.159141,-0.987256,0,
0.987256,-0.159141,0,
0,0,1,
-0.0936795,-0.995602,0,
0.995602,-0.0936795,0,
0,0,1,
-0.0273347,-0.999626,0,
0.999626,-0.0273347,0,
0,0,1,
0.0396061,-0.999215,0,
0.999215,0.0396061,0,
0,0,1,
0.106842,-0.994276,0,
0.994276,0.106842,0,
0,0,1,
0.174061,-0.984735,0,
0.984735,0.174061,0,
0,0,1,
0.240939,-0.97054,0,
0.97054,0.240939,0,
0,0,1,
0.307144,-0.951663,0,
0.951663,0.307144,0,
0,0,1,
0.372334,-0.928099,0,
0.928099,0.372334,0,
0,0,1,
0.436164,-0.899867,0,
0.899867,0.436164,0,
0,0,1,
0.498281,-0.867016,0,
0.867016,0.498281,0,
0,0,1,
0.558332,-0.829617,0,
0.829617,0.558332,0,
0,0,1,
0.615964,-0.787774,0,
0.787774,0.615964,0,
0,0,1,
0.670825,-0.741616,0,
0.741616,0.670825,0,
0,0,1,
0.722566,-0.691302,0,
0.691302,0.722566,0,
0,0,1,
0.770847,-0.63702,0,
0.63702,0.770847,0,
0,0,1,
0.815335,-0.578989,0,
0.578989,0.815335,0,
0,0,1,
0.85571,-0.517455,0,
0.517455,0.85571,0,
0,0,1,
0.891666,-0.452694,0,
0.452694,0.891666,0,
0,0,1,
0.922912,-0.385011,0,
0.385011,0.922912,0,
0,0,1,
0.949179,-0.314735,0,
0.314735,0.949179,0,
0,0,1,
0.97022,-0.242227,0,
0.242227,0.97022,0,
0,0,1,
0.985809,-0.167869,0,
0.167869,0.985809,0,
0,0,1,
0.995753,-0.092068,0,
0.092068,0.995753,0,
0,0,1,
0.999884,-0.0152531,0,
0.0152531,0.999884,0,
0,0,1,
0.998068,0.0621271,0,
-0.0621271,0.998068,0,
0,0,1,
0.990207,0.139606,0,
-0.139606,0.990207,0,
0,0,1,
0.976237,0.216704,0,
-0.216704,0.976237,0,
0,0,1,
0.956135,0.292926,0,
-0.292926,0.956135,0,
0,0,1,
0.929917,0.36777,0,
-0.36777,0.929917,0,
0,0,1,
0.89764,0.440729,0,
-0.440729,0.89764,0,
0,0,1,
0.859407,0.511292,0,
-0.511292,0.859407,0,
0,0,1,
0.815363,0.57895,0,
-0.57895,0.815363,0,
0,0,1,
0.765699,0.643199,0,
-0.643199,0.765699,0,
0,0,1,
0.710651,0.703545,0,
-0.703545,0.710651,0,
0,0,1,
0.650499,0.759507,0,
-0.759507,0.650499,0,
0,0,1,
0.585571,0.810621,0,
-0.810621,0.585571,0,
0,0,1,
0.516237,0.856446,0,
-0.856446,0.516237,0,
0,0,1,
0.44291,0.896566,0,
-0.896566,0.44291,0,
0,0,1,
0.366046,0.930597,0,
-0.930597,0.366046,0,
0,0,1,
0.286139,0.958188,0,
-0.958188,0.286139,0,
0,0,1,
0.203721,0.979029,0,
-0.979029,0.203721,0,
0,0,1,
0.119358,0.992851,0,
-0.992851,0.119358,0,
0,0,1,
0.0336461,0.999434,0,
-0.999434,0.0336461,0,
0,0,1,
-0.0527897,0.998606,0,
-0.998606,-0.0527897,0,
0,0,1,
-0.139303,0.99025,0,
-0.99025,-0.139303,0,
0,0,1,
-0.225227,0.974306,0,
-0.974306,-0.225227,0,
0,0,1,
-0.309885,0.950774,0,
-0.950774,-0.309885,0,
0,0,1,
-0.392588,0.919714,0,
-0.919714,-0.392588,0,
0,0,1,
-0.472647,0.881252,0,
-0.881252,-0.472647,0,
0,0,1,
-0.549376,0.835575,0,
-0.835575,-0.549376,0,
0,0,1,
-0.622097,0.78294,0,
-0.78294,-0.622097,0,
0,0,1,
-0.69015,0.723667,0,
-0.723667,-0.69015,0,
0,0,1,
-0.752895,0.658141,0,
-0.658141,-0.752895,0,
0,0,1,
-0.809723,0.586812,0,
-0.586812,-0.809723,0,
0,0,1,
-0.86006,0.510193,0,
-0.510193,-0.86006,0,
0,0,1,
-0.903373,0.428856,0,
-0.428856,-0.903373,0,
0,0,1,
-0.939179,0.343429,0,
-0.343429,-0.939179,0,
0,0,1,
-0.967048,0.254595,0,
-0.254595,-0.967048,0,
0,0,1,
-0.986612,0.163084,0,
-0.163084,-0.986612,0,
0,0,1,
-0.99757,0.0696696,0,
-0.0696696,-0.99757,0,
0,0,1,
-0.999691,-0.0248377,0,
0.0248377,-0.999691,0,
0,0,1,
-0.992823,-0.119596,0,
0.119596,-0.992823,0,
0,0,1,
-0.97689,-0.213741,0,
0.213741,-0.97689,0,
0,0,1,
-0.951906,-0.306391,0,
0.306391,-0.951906,0,
0,0,1,
-0.917967,-0.396657,0,
0.396657,-0.917967,0,
0,0,1,
-0.87526,-0.483652,0,
0.483652,-0.87526,0,
0,0,1,
-0.824064,-0.566497,0,
0.566497,-0.824064,0,
0,0,1,
-0.764744,-0.644334,0,
0.644334,-0.764744,0,
0,0,1,
-0.697759,-0.716333,0,
0.716333,-0.697759,0,
0,0,1,
-0.623653,-0.781701,0,
0.781701,-0.623653,0,
0,0,1,
-0.543057,-0.839696,0,
0.839696,-0.543057,0,
0,0,1,
-0.456683,-0.88963,0,
0.88963,-0.456683,0,
0,0,1,
-0.365319,-0.930882,0,
0.930882,-0.365319,0,
0,0,1,
-0.269825,-0.962909,0,
0.962909,-0.269825,0,
0,0,1,
-0.171123,-0.98525,0,
0.98525,-0.171123,0,
0,0,1,
-0.0701936,-0.997533,0,
0.997533,-0.0701936,0,
0,0,1,
0.0319385,-0.99949,0,
0.99949,0.0319385,0,
0,0,1,
0.13421,-0.990953,0,
0.990953,0.13421,0,
0,0,1,
0.235532,-0.971867,0,
0.971867,0.235532,0,
0,0,1,
0.334799,-0.94229,0,
0.94229,0.334799,0,
0,0,1,
0.430905,-0.902397,0,
0.902397,0.430905,0,
0,0,1,
0.522752,-0.852485,0,
0.852485,0.522752,0,
0,0,1,
0.609265,-0.792967,0,
0.792967,0.609265,0,
0,0,1,
0.689406,-0.724376,0,
0.724376,0.689406,0,
0,0,1,
0.762184,-0.647361,0,
0.647361,0.762184,0,
0,0,1,
0.826673,-0.562682,0,
0.562682,0.826673,0,
0,0,1,
0.882022,-0.471209,0,
0.471209,0.882022,0,
0,0,1,
0.927466,-0.373906,0,
0.373906,0.927466,0,
0,0,1,
0.962345,-0.271832,0,
0.271832,0.962345,0,
0,0,1,
0.986105,-0.166124,0,
0.166124,0.986105,0,
0,0,1,
0.998317,-0.0579902,0,
0.0579902,0.998317,0,
0,0,1,
0.998683,0.0513075,0,
-0.0513075,0.998683,0,
0,0,1,
0.987042,0.160463,0,
-0.160463,0.987042,0,
0,0,1,
0.963378,0.268146,0,
-0.268146,0.963378,0,
0,0,1,
0.927827,0.373011,0,
-0.373011,0.927827,0,
0,0,1,
0.880673,0.473724,0,
-0.473724,0.880673,0,
0,0,1,
0.822357,0.568972,0,
-0.568972,0.822357,0,
0,0,1,
0.75347,0.657482,0,
-0.657482,0.75347,0,
0,0,1,
0.674752,0.738044,0,
-0.738044,0.674752,0,
0,0,1,
0.587088,0.809523,0,
-0.809523,0.587088,0,
0,0,1,
0.491496,0.87088,0,
-0.87088,0.491496,0,
0,0,1,
0.389123,0.921186,0,
-0.921186,0.389123,0,
0,0,1,
0.281229,0.959641,0,
-0.959641,0.281229,0,
0,0,1,
0.169174,0.985586,0,
-0.985586,0.169174,0,
0,0,1,
0.0544039,0.998519,0,
-0.998519,0.0544039,0,
0,0,1,
-0.0615685,0.998103,0,
-0.998103,-0.0615685,0,
0,0,1,
-0.177183,0.984178,0,
-0.984178,-0.177183,0,
0,0,1,
-0.290852,0.956768,0,
-0.956768,-0.290852,0,
0,0,1,
-0.400982,0.916086,0,
-0.916086,-0.400982,0,
0,0,1,
-0.505997,0.862535,0,
-0.862535,-0.505997,0,
0,0,1,
-0.604362,0.79671,0,
-0.79671,-0.604362,0,
0,0,1,
-0.694604,0.719392,0,
-0.719392,-0.694604,0,
0,0,1,
-0.77534,0.631544,0,
-0.631544,-0.77534,0,
0,0,1,
-0.845293,0.534303,0,
-0.534303,-0.845293,0,
0,0,1,
-0.903322,0.428963,0,
-0.428963,-0.903322,0,
0,0,1,
-0.948437,0.316965,0,
-0.316965,-0.948437,0,
0,0,1,
-0.979821,0.199877,0,
-0.199877,-0.979821,0,
0,0,1,
-0.996845,0.0793764,0,
-0.0793764,-0.996845,0,
0,0,1,
-0.999085,-0.0427777,0,
0.0427777,-0.999085,0,
0,0,1,
-0.986333,-0.164765,0,
0.164765,-0.986333,0,
0,0,1,
-0.958607,-0.284732,0,
0.284732,-0.958607,0,
0,0,1,
-0.916157,-0.40082,0,
0.40082,-0.916157,0,
0,0,1,
-0.859465,-0.511195,0,
0.511195,-0.859465,0,
0,0,1,
-0.789246,-0.614077,0,
0.614077,-0.789246,0,
0,0,1,
-0.706443,-0.70777,0,
0.70777,-0.706443,0,
0,0,1,
-0.612218,-0.790689,0,
0.790689,-0.612218,0,
0,0,1,
-0.507935,-0.861395,0,
0.861395,-0.507935,0,
0,0,1,
-0.395151,-0.918616,0,
0.918616,-0.395151,0,
0,0,1,
-0.275586,-0.961277,0,
0.961277,-0.275586,0,
0,0,1,
-0.151107,-0.988517,0,
0.988517,-0.151107,0,
0,0,1,
-0.0236958,-0.999719,0,
0.999719,-0.0236958,0,
0,0,1,
0.104579,-0.994517,0,
0.994517,0.104579,0,
0,0,1,
0.231595,-0.972812,0,
0.972812,0.231595,0,
0,0,1,
0.355213,-0.934786,0,
0.934786,0.355213,0,
0,0,1,
0.473311,-0.880896,0,
0.880896,0.473311,0,
0,0,1,
0.583821,-0.811882,0,
0.811882,0.583821,0,
0,0,1,
0.68477,-0.728759,0,
0.728759,0.68477,0,
0,0,1,
0.774312,-0.632804,0,
0.632804,0.774312,0,
0,0,1,
0.850768,-0.525541,0,
0.525541,0.850768,0,
0,0,1,
0.912658,-0.408723,0,
0.408723,0.912658,0,
0,0,1,
0.958734,-0.284303,0,
0.284303,0.958734,0,
0,0,1,
0.988008,-0.154405,0,
0.154405,0.988008,0,
0,0,1,
0.999773,-0.0212912,0,
0.0212912,0.999773,0,
0,0,1,
0.993631,0.112679,0,
-0.112679,0.993631,0,
0,0,1,
0.969501,0.245087,0,
-0.245087,0.969501,0,
0,0,1,
0.927631,0.373499,0,
-0.373499,0.927631,0,
0,0,1,
0.8686,0.495514,0,
-0.495514,0.8686,0,
0,0,1,
0.79332,0.608805,0,
-0.608805,0.79332,0,
0,0,1,
0.703021,0.711169,0,
-0.711169,0.703021,0,
0,0,1,
0.599241,0.800569,0,
-0.800569,0.599241,0,
0,0,1,
0.483797,0.87518,0,
-0.87518,0.483797,0,
0,0,1,
0.358766,0.933428,0,
-0.933428,0.358766,0,
0,0,1,
0.226442,0.974025,0,
-0.974025,0.226442,0,
0,0,1,
0.0893029,0.996005,0,
-0.996005,0.0893029,0,
0,0,1,
-0.0500374,0.998747,0,
-0.998747,-0.0500374,0,
0,0,1,
-0.188876,0.982001,0,
-0.982001,-0.188876,0,
0,0,1,
-0.324475,0.945894,0,
-0.945894,-0.324475,0,
0,0,1,
-0.454111,0.890945,0,
-0.890945,-0.454111,0,
0,0,1,
-0.575137,0.818057,0,
-0.818057,-0.575137,0,
0,0,1,
-0.685032,0.728513,0,
-0.728513,-0.685032,0,
0,0,1,
-0.781461,0.623954,0,
-0.623954,-0.781461,0,
0,0,1,
-0.862323,0.506359,0,
-0.506359,-0.862323,0,
0,0,1,
-0.925803,0.378007,0,
-0.378007,-0.925803,0,
0,0,1,
-0.970416,0.241439,0,
-0.241439,-0.970416,0,
0,0,1,
-0.995046,0.099411,0,
-0.099411,-0.995046,0,
0,0,1,
-0.99898,-0.0451621,0,
0.0451621,-0.99898,0,
0,0,1,
-0.981927,-0.189261,0,
0.189261,-0.981927,0,
0,0,1,
-0.944041,-0.329829,0,
0.329829,-0.944041,0,
0,0,1,
-0.885924,-0.46383,0,
0.46383,-0.885924,0,
0,0,1,
-0.808625,-0.588324,0,
0.588324,-0.808625,0,
0,0,1,
-0.713626,-0.700527,0,
0.700527,-0.713626,0,
0,0,1,
-0.602819,-0.797878,0,
0.797878,-0.602819,0,
0,0,1,
-0.478477,-0.8781,0,
0.8781,-0.478477,0,
0,0,1,
-0.343207,-0.93926,0,
0.93926,-0.343207,0,
0,0,1,
-0.199903,-0.979816,0,
0.979816,-0.199903,0,
0,0,1,
-0.0516865,-0.998663,0,
0.998663,-0.0516865,0,
0,0,1,
0.0981618,-0.99517,0,
0.99517,0.0981618,0,
0,0,1,
0.24627,-0.969201,0,
0.969201,0.24627,0,
0,0,1,
0.389252,-0.921131,0,
0.921131,0.389252,0,
0,0,1,
0.523785,-0.85185,0,
0.85185,0.523785,0,
0,0,1,
0.646691,-0.762752,0,
0.762752,0.646691,0,
0,0,1,
0.755009,-0.655714,0,
0.655714,0.755009,0,
0,0,1,
0.846074,-0.533065,0,
0.533065,0.846074,0,
0,0,1,
0.917587,-0.397535,0,
0.397535,0.917587,0,
0,0,1,
0.967674,-0.252206,0,
0.252206,0.967674,0,
0,0,1,
0.994943,-0.100439,0,
0.100439,0.994943,0,
0,0,1,
0.99853,0.0541947,0,
-0.0541947,0.99853,0,
0,0,1,
0.978128,0.208002,0,
-0.208002,0.978128,0,
0,0,1,
0.934008,0.357251,0,
-0.357251,0.934008,0,
0,0,1,
0.867026,0.498263,0,
-0.498263,0.867026,0,
0,0,1,
0.778612,0.627506,0,
-0.627506,0.778612,0,
0,0,1,
0.670749,0.741684,0,
-0.741684,0.670749,0,
0,0,1,
0.545936,0.837827,0,
-0.837827,0.545936,0,
0,0,1,
0.407133,0.913369,0,
-0.913369,0.407133,0,
0,0,1,
0.257699,0.966225,0,
-0.966225,0.257699,0,
0,0,1,
0.101312,0.994855,0,
-0.994855,0.101312,0,
0,0,1,
-0.058116,0.99831,0,
-0.99831,-0.058116,0,
0,0,1,
-0.216535,0.976275,0,
-0.976275,-0.216535,0,
0,0,1,
-0.369861,0.929087,0,
-0.929087,-0.369861,0,
0,0,1,
-0.514082,0.857741,0,
-0.857741,-0.514082,0,
0,0,1,
-0.64536,0.763879,0,
-0.763879,-0.64536,0,
0,0,1,
-0.760142,0.649757,0,
-0.649757,-0.760142,0,
0,0,1,
-0.855259,0.5182,0,
-0.5182,-0.855259,0,
0,0,1,
-0.928016,0.372541,0,
-0.372541,-0.928016,0,
0,0,1,
-0.976275,0.216536,0,
-0.216536,-0.976275,0,
0,0,1,
-0.998526,0.0542766,0,
-0.0542766,-0.998526,0,
0,0,1,
-0.993941,-0.109917,0,
0.109917,-0.993941,0,
0,0,1,
-0.962408,-0.271607,0,
0.271607,-0.962408,0,
0,0,1,
-0.904552,-0.426362,0,
0.426362,-0.904552,0,
0,0,1,
-0.821732,-0.569875,0,
0.569875,-0.821732,0,
0,0,1,
-0.716014,-0.698085,0,
0.698085,-0.716014,0,
0,0,1,
-0.590137,-0.807303,0,
0.807303,-0.590137,0,
0,0,1,
-0.447438,-0.894315,0,
0.894315,-0.447438,0,
0,0,1,
-0.291781,-0.956485,0,
0.956485,-0.291781,0,
0,0,1,
-0.127449,-0.991845,0,
0.991845,-0.127449,0,
0,0,1,
0.0409648,-0.999161,0,
0.999161,0.0409648,0,
0,0,1,
0.208686,-0.977983,0,
0.977983,0.208686,0,
0,0,1,
0.370889,-0.928677,0,
0.928677,0.370889,0,
0,0,1,
0.522844,-0.852428,0,
0.852428,0.522844,0,
0,0,1,
0.660048,-0.751224,0,
0.751224,0.660048,0,
0,0,1,
0.778368,-0.627808,0,
0.627808,0.778368,0,
0,0,1,
0.87417,-0.48562,0,
0.48562,0.87417,0,
0,0,1,
0.944434,-0.328702,0,
0.328702,0.944434,0,
0,0,1,
0.986858,-0.161592,0,
0.161592,0.986858,0,
0,0,1,
0.999942,0.0108032,0,
-0.0108032,0.999942,0,
0,0,1,
0.983048,0.183349,0,
-0.183349,0.983048,0,
0,0,1,
0.936438,0.350834,0,
-0.350834,0.936438,0,
0,0,1,
0.861279,0.508132,0,
-0.508132,0.861279,0,
0,0,1,
0.759633,0.650352,0,
-0.650352,0.759633,0,
0,0,1,
0.634401,0.773005,0,
-0.773005,0.634401,0,
0,0,1,
0.489255,0.872141,0,
-0.872141,0.489255,0,
0,0,1,
0.328538,0.944491,0,
-0.944491,0.328538,0,
0,0,1,
0.15714,0.987576,0,
-0.987576,0.15714,0,
0,0,1,
-0.0196485,0.999807,0,
-0.999807,-0.0196485,0,
0,0,1,
-0.196293,0.980545,0,
-0.980545,-0.196293,0,
0,0,1,
-0.367187,0.930147,0,
-0.930147,-0.367187,0,
0,0,1,
-0.526836,0.849967,0,
-0.849967,-0.526836,0,
0,0,1,
-0.670027,0.742336,0,
-0.742336,-0.670027,0,
0,0,1,
-0.792014,0.610503,0,
-0.610503,-0.792014,0,
0,0,1,
-0.88867,0.458547,0,
-0.458547,-0.88867,0,
0,0,1,
-0.956645,0.291256,0,
-0.291256,-0.956645,0,
0,0,1,
-0.993482,0.11399,0,
-0.11399,-0.993482,0,
0,0,1,
-0.99772,-0.0674943,0,
0.0674943,-0.99772,0,
0,0,1,
-0.968959,-0.247222,0,
0.247222,-0.968959,0,
0,0,1,
-0.907895,-0.419197,0,
0.419197,-0.907895,0,
0,0,1,
-0.816316,-0.577606,0,
0.577606,-0.816316,0,
0,0,1,
-0.69706,-0.717012,0,
0.717012,-0.69706,0,
0,0,1,
-0.553943,-0.832555,0,
0.832555,-0.553943,0,
0,0,1,
-0.39164,-0.920119,0,
0.920119,-0.39164,0,
0,0,1,
-0.215546,-0.976494,0,
0.976494,-0.215546,0,
0,0,1,
-0.0316009,-0.999501,0,
0.999501,-0.0316009,0,
0,0,1,
0.153907,-0.988085,0,
0.988085,0.153907,0,
0,0,1,
0.334554,-0.942376,0,
0.942376,0.334554,0,
0,0,1,
0.504002,-0.863703,0,
0.863703,0.504002,0,
0,0,1,
0.656223,-0.754567,0,
0.754567,0.656223,0,
0,0,1,
0.785722,-0.61858,0,
0.61858,0.785722,0,
0,0,1,
0.887736,-0.460352,0,
0.460352,0.887736,0,
0,0,1,
0.958425,-0.285345,0,
0.285345,0.958425,0,
0,0,1,
0.995018,-0.0996917,0,
0.0996917,0.995018,0,
0,0,1,
0.995941,0.0900123,0,
-0.0900123,0.995941,0,
0,0,1,
0.960887,0.276941,0,
-0.276941,0.960887,0,
0,0,1,
0.890857,0.454284,0,
-0.454284,0.890857,0,
0,0,1,
0.788143,0.615492,0,
-0.615492,0.788143,0,
0,0,1,
0.656268,0.754528,0,
-0.754528,0.656268,0,
0,0,1,
0.499874,0.866098,0,
-0.866098,0.499874,0,
0,0,1,
0.324574,0.94586,0,
-0.94586,0.324574,0,
0,0,1,
0.136756,0.990605,0,
-0.990605,0.136756,0,
0,0,1,
-0.0566427,0.998395,0,
-0.998395,-0.0566427,0,
0,0,1,
-0.248388,0.968661,0,
-0.968661,-0.248388,0,
0,0,1,
-0.431217,0.902248,0,
-0.902248,-0.431217,0,
0,0,1,
-0.598119,0.801408,0,
-0.801408,-0.598119,0,
0,0,1,
-0.742601,0.669735,0,
-0.669735,-0.742601,0,
0,0,1,
-0.858953,0.512054,0,
-0.512054,-0.858953,0,
0,0,1,
-0.942483,0.334253,0,
-0.334253,-0.942483,0,
0,0,1,
-0.989712,0.143075,0,
-0.143075,-0.989712,0,
0,0,1,
-0.998534,-0.0541344,0,
0.0541344,-0.998534,0,
0,0,1,
-0.968322,-0.249703,0,
0.249703,-0.968322,0,
0,0,1,
-0.899981,-0.435929,0,
0.435929,-0.899981,0,
0,0,1,
-0.795932,-0.605386,0,
0.605386,-0.795932,0,
0,0,1,
-0.660046,-0.751225,0,
0.751225,-0.660046,0,
0,0,1,
-0.497514,-0.867456,0,
0.867456,-0.497514,0,
0,0,1,
-0.314659,-0.949205,0,
0.949205,-0.314659,0,
0,0,1,
-0.1187,-0.99293,0,
0.99293,-0.1187,0,
0,0,1,
0.0825278,-0.996589,0,
0.996589,0.0825278,0,
0,0,1,
0.280877,-0.959744,0,
0.959744,0.280877,0,
0,0,1,
0.468223,-0.88361,0,
0.88361,0.468223,0,
0,0,1,
0.636794,-0.771034,0,
0.771034,0.636794,0,
0,0,1,
0.779503,-0.626398,0,
0.626398,0.779503,0,
0,0,1,
0.890251,-0.45547,0,
0.45547,0.890251,0,
0,0,1,
0.964199,-0.26518,0,
0.26518,0.964199,0,
0,0,1,
0.997991,-0.0633554,0,
0.0633554,0.997991,0,
0,0,1,
0.989924,0.141602,0,
-0.141602,0.989924,0,
0,0,1,
0.940042,0.341058,0,
-0.341058,0.940042,0,
0,0,1,
0.850169,0.52651,0,
-0.52651,0.850169,0,
0,0,1,
0.723856,0.689951,0,
-0.689951,0.723856,0,
0,0,1,
0.566257,0.824229,0,
-0.824229,0.566257,0,
0,0,1,
0.383936,0.92336,0,
-0.92336,0.383936,0,
0,0,1,
0.184604,0.982813,0,
-0.982813,0.184604,0,
0,0,1,
-0.0232012,0.999731,0,
-0.999731,-0.0232012,0,
0,0,1,
-0.23047,0.97308,0,
-0.97308,-0.23047,0,
0,0,1,
-0.428112,0.903726,0,
-0.903726,-0.428112,0,
0,0,1,
-0.607357,0.794429,0,
-0.794429,-0.607357,0,
0,0,1,
-0.760149,0.649749,0,
-0.649749,-0.760149,0,
0,0,1,
-0.879514,0.475873,0,
-0.475873,-0.879514,0,
0,0,1,
-0.959894,0.280364,0,
-0.280364,-0.959894,0,
0,0,1,
-0.997416,0.071843,0,
-0.071843,-0.997416,0,
0,0,1,
-0.990097,-0.140384,0,
0.140384,-0.990097,0,
0,0,1,
-0.937963,-0.346735,0,
0.346735,-0.937963,0,
0,0,1,
-0.843079,-0.53779,0,
0.53779,-0.843079,0,
0,0,1,
-0.709489,-0.704716,0,
0.704716,-0.709489,0,
0,0,1,
-0.54306,-0.839694,0,
0.839694,-0.54306,0,
0,0,1,
-0.35124,-0.936285,0,
0.936285,-0.35124,0,
0,0,1,
-0.142738,-0.98976,0,
0.98976,-0.142738,0,
0,0,1,
0.0728609,-0.997342,0,
0.997342,0.0728609,0,
0,0,1,
0.285535,-0.958368,0,
0.958368,0.285535,0,
0,0,1,
0.485285,-0.874356,0,
0.874356,0.485285,0,
0,0,1,
0.662612,-0.748963,0,
0.748963,0.662612,0,
0,0,1,
0.80897,-0.58785,0,
0.58785,0.80897,0,
0,0,1,
0.917194,-0.398441,0,
0.398441,0.917194,0,
0,0,1,
0.981863,-0.189593,0,
0.189593,0.981863,0,
0,0,1,
0.999585,0.0288039,0,
-0.0288039,0.999585,0,
0,0,1,
0.969196,0.246289,0,
-0.246289,0.969196,0,
0,0,1,
0.89185,0.452331,0,
-0.452331,0.89185,0,
0,0,1,
0.770997,0.636838,0,
-0.636838,0.770997,0,
0,0,1,
0.612252,0.790663,0,
-0.790663,0.612252,0,
0,0,1,
0.42315,0.90606,0,
-0.90606,0.42315,0,
0,0,1,
0.212806,0.977095,0,
-0.977095,0.212806,0,
0,0,1,
-0.00851389,0.999964,0,
-0.999964,-0.00851389,0,
0,0,1,
-0.229886,0.973218,0,
-0.973218,-0.229886,0,
0,0,1,
-0.440264,0.897868,0,
-0.897868,-0.440264,0,
0,0,1,
-0.629036,0.777376,0,
-0.777376,-0.629036,0,
0,0,1,
-0.78656,0.617514,0,
-0.617514,-0.78656,0,
0,0,1,
-0.904673,0.426106,0,
-0.426106,-0.904673,0,
0,0,1,
-0.977124,0.212668,0,
-0.212668,-0.977124,0,
0,0,1,
-0.999927,-0.0120617,0,
0.0120617,-0.999927,0,
0,0,1,
-0.971595,-0.236649,0,
0.236649,-0.971595,0,
0,0,1,
-0.893257,-0.449545,0,
0.449545,-0.893257,0,
0,0,1,
-0.76864,-0.639682,0,
0.639682,-0.76864,0,
0,0,1,
-0.60391,-0.797053,0,
0.797053,-0.60391,0,
0,0,1,
-0.407391,-0.913254,0,
0.913254,-0.407391,0,
0,0,1,
-0.189159,-0.981946,0,
0.981946,-0.189159,0,
0,0,1,
0.0394604,-0.999221,0,
0.999221,0.0394604,0,
0,0,1,
0.266476,-0.963842,0,
0.963842,0.266476,0,
0,0,1,
0.479852,-0.87735,0,
0.87735,0.479852,0,
0,0,1,
0.668154,-0.744023,0,
0.744023,0.668154,0,
0,0,1,
0.821166,-0.57069,0,
0.57069,0.821166,0,
0,0,1,
0.930459,-0.366395,0,
0.366395,0.930459,0,
0,0,1,
0.989874,-0.141949,0,
0.141949,0.989874,0,
0,0,1,
0.995884,0.0906341,0,
-0.0906341,0.995884,0,
0,0,1,
0.947831,0.318774,0,
-0.318774,0.947831,0,
0,0,1,
0.847998,0.53,0,
-0.53,0.847998,0,
0,0,1,
0.701531,0.712639,0,
-0.712639,0.701531,0,
0,0,1,
0.516196,0.85647,0,
-0.85647,0.516196,0,
0,0,1,
0.301986,0.953312,0,
-0.953312,0.301986,0,
0,0,1,
0.0706002,0.997505,0,
-0.997505,0.0706002,0,
0,0,1,
-0.165185,0.986263,0,
-0.986263,-0.165185,0,
0,0,1,
-0.392215,0.919874,0,
-0.919874,-0.392215,0,
0,0,1,
-0.597691,0.801726,0,
-0.801726,-0.597691,0,
0,0,1,
-0.769902,0.638162,0,
-0.638162,-0.769902,0,
0,0,1,
-0.898897,0.438161,0,
-0.438161,-0.898897,0,
0,0,1,
-0.977082,0.212865,0,
-0.212865,-0.977082,0,
0,0,1,
-0.999687,-0.0250253,0,
0.0250253,-0.999687,0,
0,0,1,
-0.965079,-0.261958,0,
0.261958,-0.965079,0,
0,0,1,
-0.874903,-0.484299,0,
0.484299,-0.874903,0,
0,0,1,
-0.734029,-0.679118,0,
0.679118,-0.734029,0,
0,0,1,
-0.55032,-0.834954,0,
0.834954,-0.55032,0,
0,0,1,
-0.334213,-0.942498,0,
0.942498,-0.334213,0,
0,0,1,
-0.0981461,-0.995172,0,
0.995172,-0.0981461,0,
0,0,1,
0.144146,-0.989556,0,
0.989556,0.144146,0,
0,0,1,
0.378424,-0.925632,0,
0.925632,0.378424,0,
0,0,1,
0.590781,-0.806832,0,
0.806832,0.590781,0,
0,0,1,
0.76847,-0.639885,0,
0.639885,0.76847,0,
0,0,1,
0.900691,-0.43446,0,
0.43446,0.900691,0,
0,0,1,
0.979256,-0.202626,0,
0.202626,0.979256,0,
0,0,1,
0.999124,0.0418376,0,
-0.0418376,0.999124,0,
0,0,1,
0.958749,0.284254,0,
-0.284254,0.958749,0,
0,0,1,
0.86022,0.509923,0,
-0.509923,0.86022,0,
0,0,1,
0.709187,0.70502,0,
-0.70502,0.709187,0,
0,0,1,
0.514563,0.857452,0,
-0.857452,0.514563,0,
0,0,1,
0.288024,0.957623,0,
-0.957623,0.288024,0,
0,0,1,
0.0433241,0.999061,0,
-0.999061,0.0433241,0,
0,0,1,
-0.204524,0.978862,0,
-0.978862,-0.204524,0,
0,0,1,
-0.440164,0.897917,0,
-0.897917,-0.440164,0,
0,0,1,
-0.648853,0.760914,0,
-0.760914,-0.648853,0,
0,0,1,
-0.817386,0.57609,0,
-0.57609,-0.817386,0,
0,0,1,
-0.934955,0.354765,0,
-0.354765,-0.934955,0,
0,0,1,
-0.993857,0.110672,0,
-0.110672,-0.993857,0,
0,0,1,
-0.990026,-0.140884,0,
0.140884,-0.990026,0,
0,0,1,
-0.923343,-0.383976,0,
0.383976,-0.923343,0,
0,0,1,
-0.797696,-0.60306,0,
0.60306,-0.797696,0,
0,0,1,
-0.620783,-0.783983,0,
0.783983,-0.620783,0,
0,0,1,
-0.403671,-0.914904,0,
0.914904,-0.403671,0,
0,0,1,
-0.160129,-0.987096,0,
0.987096,-0.160129,0,
0,0,1,
0.0942331,-0.99555,0,
0.99555,0.0942331,0,
0,0,1,
0.342953,-0.939353,0,
0.939353,0.342953,0,
0,0,1,
0.569777,-0.8218,0,
0.8218,0.569777,0,
0,0,1,
0.759732,-0.650237,0,
0.650237,0.759732,0,
0,0,1,
0.900125,-0.435631,0,
0.435631,0.900125,0,
0,0,1,
0.981416,-0.191894,0,
0.191894,0.981416,0,
0,0,1,
0.997885,0.0650009,0,
-0.0650009,0.997885,0,
0,0,1,
0.948073,0.318054,0,
-0.318054,0.948073,0,
0,0,1,
0.834927,0.55036,0,
-0.55036,0.834927,0,
0,0,1,
0.665669,0.746247,0,
-0.746247,0.665669,0,
0,0,1,
0.451359,0.892342,0,
-0.892342,0.451359,0,
0,0,1,
0.206205,0.978509,0,
-0.978509,0.206205,0,
0,0,1,
-0.0533635,0.998575,0,
-0.998575,-0.0533635,0,
0,0,1,
-0.309782,0.950808,0,
-0.950808,-0.309782,0,
0,0,1,
-0.545538,0.838086,0,
-0.838086,-0.545538,0,
0,0,1,
-0.744368,0.667769,0,
-0.667769,-0.744368,0,
0,0,1,
-0.8924,0.451244,0,
-0.451244,-0.8924,0,
0,0,1,
-0.979139,0.203194,0,
-0.203194,-0.979139,0,
0,0,1,
-0.998236,-0.0593784,0,
0.0593784,-0.998236,0,
0,0,1,
-0.94799,-0.318301,0,
0.318301,-0.94799,0,
0,0,1,
-0.831523,-0.55549,0,
0.55549,-0.831523,0,
0,0,1,
-0.656627,-0.754216,0,
0.754216,-0.656627,0,
0,0,1,
-0.43527,-0.9003,0,
0.9003,-0.43527,0,
0,0,1,
-0.182814,-0.983147,0,
0.983147,-0.182814,0,
0,0,1,
0.0830386,-0.996546,0,
0.996546,0.0830386,0,
0,0,1,
0.34347,-0.939164,0,
0.939164,0.34347,0,
0,0,1,
0.579875,-0.814706,0,
0.814706,0.579875,0,
0,0,1,
0.775201,-0.631714,0,
0.631714,0.775201,0,
0,0,1,
0.915192,-0.403018,0,
0.403018,0.915192,0,
0,0,1,
0.989452,-0.144858,0,
0.144858,0.989452,0,
0,0,1,
0.992252,0.124244,0,
-0.124244,0.992252,0,
0,0,1,
0.922999,0.384802,0,
-0.384802,0.922999,0,
0,0,1,
0.786353,0.617778,0,
-0.617778,0.786353,0,
0,0,1,
0.591946,0.805978,0,
-0.805978,0.591946,0,
0,0,1,
0.353739,0.935344,0,
-0.935344,0.353739,0,
0,0,1,
0.0890498,0.996027,0,
-0.996027,0.0890498,0,
0,0,1,
-0.182691,0.98317,0,
-0.98317,-0.182691,0,
0,0,1,
-0.441353,0.897334,0,
-0.897334,-0.441353,0,
0,0,1,
-0.667601,0.74452,0,
-0.74452,-0.667601,0,
0,0,1,
-0.84435,0.535792,0,
-0.535792,-0.84435,0,
0,0,1,
-0.958077,0.286512,0,
-0.286512,-0.958077,0,
0,0,1,
-0.999884,0.0152287,0,
-0.0152287,-0.999884,0,
0,0,1,
-0.966231,-0.257678,0,
0.257678,-0.966231,0,
0,0,1,
-0.859268,-0.511526,0,
0.511526,-0.859268,0,
0,0,1,
-0.686745,-0.726898,0,
0.726898,-0.686745,0,
0,0,1,
-0.46149,-0.887145,0,
0.887145,-0.46149,0,
0,0,1,
-0.200485,-0.979697,0,
0.979697,-0.200485,0,
0,0,1,
0.0763867,-0.997078,0,
0.997078,0.0763867,0,
0,0,1,
0.347843,-0.937553,0,
0.937553,0.347843,0,
0,0,1,
0.592832,-0.805326,0,
0.805326,0.592832,0,
0,0,1,
0.792176,-0.610293,0,
0.610293,0.792176,0,
0,0,1,
0.930089,-0.367334,0,
0.367334,0.930089,0,
0,0,1,
0.995457,-0.0952137,0,
0.0952137,0.995457,0,
0,0,1,
0.982767,0.184849,0,
-0.184849,0.982767,0,
0,0,1,
0.892612,0.450825,0,
-0.450825,0.892612,0,
0,0,1,
0.73172,0.681605,0,
-0.681605,0.73172,0,
0,0,1,
0.512491,0.858692,0,
-0.858692,0.512491,0,
0,0,1,
0.252081,0.967706,0,
-0.967706,0.252081,0,
0,0,1,
-0.0289125,0.999582,0,
-0.999582,-0.0289125,0,
0,0,1,
-0.308065,0.951365,0,
-0.951365,-0.308065,0,
0,0,1,
-0.562903,0.826523,0,
-0.826523,-0.562903,0,
0,0,1,
-0.772726,0.63474,0,
-0.63474,-0.772726,0,
0,0,1,
-0.920301,0.391211,0,
-0.391211,-0.920301,0,
0,0,1,
-0.993311,0.11547,0,
-0.11547,-0.993311,0,
0,0,1,
-0.985417,-0.170154,0,
0.170154,-0.985417,0,
0,0,1,
-0.896852,-0.44233,0,
0.44233,-0.896852,0,
0,0,1,
-0.734478,-0.678632,0,
0.678632,-0.734478,0,
0,0,1,
-0.511302,-0.859401,0,
0.859401,-0.511302,0,
0,0,1,
-0.245471,-0.969404,0,
0.969404,-0.245471,0,
0,0,1,
0.0411707,-0.999152,0,
0.999152,0.0411707,0,
0,0,1,
0.324862,-0.945761,0,
0.945761,0.324862,0,
0,0,1,
0.581885,-0.813271,0,
0.813271,0.581885,0,
0,0,1,
0.790557,-0.612388,0,
0.612388,0.790557,0,
0,0,1,
0.933082,-0.359665,0,
0.359665,0.933082,0,
0,0,1,
0.997095,-0.0761701,0,
0.0761701,0.997095,0,
0,0,1,
0.976781,0.214242,0,
-0.214242,0.976781,0,
0,0,1,
0.873441,0.48693,0,
-0.48693,0.873441,0,
0,0,1,
0.69547,0.718555,0,
-0.718555,0.69547,0,
0,0,1,
0.457718,0.889098,0,
-0.889098,0.457718,0,
0,0,1,
0.180293,0.983613,0,
-0.983613,0.180293,0,
0,0,1,
-0.113112,0.993582,0,
-0.993582,-0.113112,0,
0,0,1,
-0.397223,0.917722,0,
-0.917722,-0.397223,0,
0,0,1,
-0.647363,0.762182,0,
-0.762182,-0.647363,0,
0,0,1,
-0.841604,0.540095,0,
-0.540095,-0.841604,0,
0,0,1,
-0.962716,0.270515,0,
-0.270515,-0.962716,0,
0,0,1,
-0.999731,-0.0231888,0,
0.0231888,-0.999731,0,
0,0,1,
-0.948982,-0.315331,0,
0.315331,-0.948982,0,
0,0,1,
-0.814507,-0.580154,0,
0.580154,-0.814507,0,
0,0,1,
-0.607787,-0.7941,0,
0.7941,-0.607787,0,
0,0,1,
-0.346809,-0.937936,0,
0.937936,-0.346809,0,
0,0,1,
-0.0545388,-0.998512,0,
0.998512,-0.0545388,0,
0,0,1,
0.243072,-0.970008,0,
0.970008,0.243072,0,
0,0,1,
0.519381,-0.854543,0,
0.854543,0.519381,0,
0,0,1,
0.749441,-0.662071,0,
0.662071,0.749441,0,
0,0,1,
0.912275,-0.409578,0,
0.409578,0.912275,0,
0,0,1,
0.99282,-0.119619,0,
0.119619,0.99282,0,
0,0,1,
0.983361,0.181662,0,
-0.181662,0.983361,0,
0,0,1,
0.884323,0.466876,0,
-0.466876,0.884323,0,
0,0,1,
0.70432,0.709883,0,
-0.709883,0.70432,0,
0,0,1,
0.459464,0.888197,0,
-0.888197,0.459464,0,
0,0,1,
0.171961,0.985104,0,
-0.985104,0.171961,0,
0,0,1,
-0.131863,0.991268,0,
-0.991268,-0.131863,0,
0,0,1,
-0.423961,0.905681,0,
-0.905681,-0.423961,0,
0,0,1,
-0.677146,0.735848,0,
-0.735848,-0.677146,0,
0,0,1,
-0.867641,0.49719,0,
-0.49719,-0.867641,0,
0,0,1,
-0.977338,0.211685,0,
-0.211685,-0.977338,0,
0,0,1,
-0.995561,-0.0941186,0,
0.0941186,-0.995561,0,
0,0,1,
-0.920158,-0.391548,0,
0.391548,-0.920158,0,
0,0,1,
-0.757797,-0.65249,0,
0.65249,-0.757797,0,
0,0,1,
-0.523437,-0.852064,0,
0.852064,-0.523437,0,
0,0,1,
-0.238996,-0.971021,0,
0.971021,-0.238996,0,
0,0,1,
0.0686616,-0.99764,0,
0.99764,0.0686616,0,
0,0,1,
0.370234,-0.928938,0,
0.928938,0.370234,0,
0,0,1,
0.636772,-0.771052,0,
0.771052,0.636772,0,
0,0,1,
0.842467,-0.538747,0,
0.538747,0.842467,0,
0,0,1,
0.96718,-0.254092,0,
0.254092,0.96718,0,
0,0,1,
0.998453,0.0556019,0,
-0.0556019,0.998453,0,
0,0,1,
0.932808,0.360374,0,
-0.360374,0.932808,0,
0,0,1,
0.776184,0.630506,0,
-0.630506,0.776184,0,
0,0,1,
0.543462,0.839434,0,
-0.839434,0.543462,0,
0,0,1,
0.257101,0.966385,0,
-0.966385,0.257101,0,
0,0,1,
-0.0549852,0.998487,0,
-0.998487,-0.0549852,0,
0,0,1,
-0.362124,0.93213,0,
-0.93213,-0.362124,0,
0,0,1,
-0.633894,0.77342,0,
-0.77342,-0.633894,0,
0,0,1,
-0.843147,0.537684,0,
-0.537684,-0.843147,0,
0,0,1,
-0.96875,0.248041,0,
-0.248041,-0.96875,0,
0,0,1,
-0.997765,-0.0668231,0,
0.0668231,-0.997765,0,
0,0,1,
-0.926835,-0.375469,0,
0.375469,-0.926835,0,
0,0,1,
-0.762627,-0.646838,0,
0.646838,-0.762627,0,
0,0,1,
-0.521268,-0.853393,0,
0.853393,-0.521268,0,
0,0,1,
-0.226817,-0.973938,0,
0.973938,-0.226817,0,
0,0,1,
0.0910941,-0.995842,0,
0.995842,0.0910941,0,
0,0,1,
0.400213,-0.916422,0,
0.916422,0.400213,0,
0,0,1,
0.668936,-0.74332,0,
0.74332,0.668936,0,
0,0,1,
0.869557,-0.493832,0,
0.493832,0.869557,0,
0,0,1,
0.981152,-0.193239,0,
0.193239,0.981152,0,
0,0,1,
0.991811,0.127716,0,
-0.127716,0.991811,0,
0,0,1,
0.89997,0.435952,0,
-0.435952,0.89997,0,
0,0,1,
0.714683,0.699448,0,
-0.699448,0.714683,0,
0,0,1,
0.454794,0.890596,0,
-0.890596,0.454794,0,
0,0,1,
0.147075,0.989125,0,
-0.989125,0.147075,0,
0,0,1,
-0.176491,0.984302,0,
-0.984302,-0.176491,0,
0,0,1,
-0.482015,0.876163,0,
-0.876163,-0.482015,0,
0,0,1,
-0.737246,0.675624,0,
-0.675624,-0.737246,0,
0,0,1,
-0.915005,0.403444,0,
-0.403444,-0.915005,0,
0,0,1,
-0.996109,0.0881278,0,
-0.0881278,-0.996109,0,
0,0,1,
-0.971506,-0.237016,0,
0.237016,-0.971506,0,
0,0,1,
-0.843338,-0.537383,0,
0.537383,-0.843338,0,
0,0,1,
-0.62484,-0.780752,0,
0.780752,-0.62484,0,
0,0,1,
-0.339032,-0.940775,0,
0.940775,-0.339032,0,
0,0,1,
-0.0163455,-0.999866,0,
0.999866,-0.0163455,0,
0,0,1,
0.308577,-0.951199,0,
0.951199,0.308577,0,
0,0,1,
0.600592,-0.799556,0,
0.799556,0.600592,0,
0,0,1,
0.827863,-0.560931,0,
0.560931,0.827863,0,
0,0,1,
0.965364,-0.260907,0,
0.260907,0.965364,0,
0,0,1,
0.997683,0.0680354,0,
-0.0680354,0.997683,0,
0,0,1,
0.920812,0.390007,0,
-0.390007,0.920812,0,
0,0,1,
0.742706,0.669617,0,
-0.669617,0.742706,0,
0,0,1,
0.482535,0.875876,0,
-0.875876,0.482535,0,
0,0,1,
0.168679,0.985671,0,
-0.985671,0.168679,0,
0,0,1,
-0.164323,0.986407,0,
-0.986407,-0.164323,0,
0,0,1,
-0.479543,0.877518,0,
-0.877518,-0.479543,0,
0,0,1,
-0.741766,0.670659,0,
-0.670659,-0.741766,0,
0,0,1,
-0.921439,0.388524,0,
-0.388524,-0.921439,0,
0,0,1,
-0.99805,0.0624183,0,
-0.0624183,-0.99805,0,
0,0,1,
-0.96253,-0.271176,0,
0.271176,-0.96253,0,
0,0,1,
-0.818391,-0.574661,0,
0.574661,-0.818391,0,
0,0,1,
-0.581464,-0.813572,0,
0.813572,-0.581464,0,
0,0,1,
-0.278224,-0.960516,0,
0.960516,-0.278224,0,
0,0,1,
0.0571091,-0.998368,0,
0.998368,0.0571091,0,
0,0,1,
0.386403,-0.92233,0,
0.92233,0.386403,0,
0,0,1,
0.671936,-0.740609,0,
0.740609,0.671936,0,
0,0,1,
0.880736,-0.473607,0,
0.473607,0.880736,0,
0,0,1,
0.988427,-0.151695,0,
0.151695,0.988427,0,
0,0,1,
0.982133,0.18819,0,
-0.18819,0.982133,0,
0,0,1,
0.862086,0.506762,0,
-0.506762,0.862086,0,
0,0,1,
0.641738,0.766924,0,
-0.766924,0.641738,0,
0,0,1,
0.346323,0.938115,0,
-0.938115,0.346323,0,
0,0,1,
0.0100319,0.99995,0,
-0.99995,0.0100319,0,
0,0,1,
-0.327909,0.944709,0,
-0.944709,-0.327909,0,
0,0,1,
-0.627793,0.778381,0,
-0.778381,-0.627793,0,
0,0,1,
-0.854113,0.520087,0,
-0.520087,-0.854113,0,
0,0,1,
-0.979804,0.199962,0,
-0.199962,-0.979804,0,
0,0,1,
-0.989532,-0.144313,0,
0.144313,-0.989532,0,
0,0,1,
-0.881644,-0.471915,0,
0.471915,-0.881644,0,
0,0,1,
-0.668498,-0.743714,0,
0.743714,-0.668498,0,
0,0,1,
-0.375129,-0.926973,0,
0.926973,-0.375129,0,
0,0,1,
-0.0363717,-0.999338,0,
0.999338,-0.0363717,0,
0,0,1,
0.307231,-0.951635,0,
0.951635,0.307231,0,
0,0,1,
0.61426,-0.789104,0,
0.789104,0.61426,0,
0,0,1,
0.847426,-0.530913,0,
0.530913,0.847426,0,
0,0,1,
0.978135,-0.207972,0,
0.207972,0.978135,0,
0,0,1,
0.990051,0.140712,0,
-0.140712,0.990051,0,
0,0,1,
0.881216,0.472713,0,
-0.472713,0.881216,0,
0,0,1,
0.664434,0.747347,0,
-0.747347,0.664434,0,
0,0,1,
0.365844,0.930676,0,
-0.930676,0.365844,0,
0,0,1,
0.0218341,0.999762,0,
-0.999762,0.0218341,0,
0,0,1,
-0.325342,0.945597,0,
-0.945597,-0.325342,0,
0,0,1,
-0.632741,0.774364,0,
-0.774364,-0.632741,0,
0,0,1,
-0.862054,0.506817,0,
-0.506817,-0.862054,0,
0,0,1,
-0.984418,0.175842,0,
-0.175842,-0.984418,0,
0,0,1,
-0.984116,-0.177525,0,
0.177525,-0.984116,0,
0,0,1,
-0.860671,-0.509161,0,
0.509161,-0.860671,0,
0,0,1,
-0.629059,-0.777358,0,
0.777358,-0.629059,0,
0,0,1,
-0.317973,-0.9481,0,
0.9481,-0.317973,0,
0,0,1,
0.0336611,-0.999433,0,
0.999433,0.0336611,0,
0,0,1,
0.381512,-0.924364,0,
0.924364,0.381512,0,
0,0,1,
0.681421,-0.731892,0,
0.731892,0.681421,0,
0,0,1,
0.895022,-0.446022,0,
0.446022,0.895022,0,
0,0,1,
0.994697,-0.10285,0,
0.10285,0.994697,0,
0,0,1,
0.967218,0.253948,0,
-0.253948,0.967218,0,
0,0,1,
0.815584,0.578638,0,
-0.578638,0.815584,0,
0,0,1,
0.558796,0.829305,0,
-0.829305,0.558796,0,
0,0,1,
0.229555,0.973296,0,
-0.973296,0.229555,0,
0,0,1,
-0.129832,0.991536,0,
-0.991536,-0.129832,0,
0,0,1,
-0.472854,0.881141,0,
-0.881141,-0.472854,0,
0,0,1,
-0.754808,0.655945,0,
-0.655945,-0.754808,0,
0,0,1,
-0.938653,0.344862,0,
-0.344862,-0.938653,0,
0,0,1,
-0.999931,-0.0117578,0,
0.0117578,-0.999931,0,
0,0,1,
-0.930098,-0.367311,0,
0.367311,-0.930098,0,
0,0,1,
-0.737806,-0.675013,0,
0.675013,-0.737806,0,
0,0,1,
-0.447923,-0.894072,0,
0.894072,-0.447923,0,
0,0,1,
-0.0983995,-0.995147,0,
0.995147,-0.0983995,0,
0,0,1,
0.26464,-0.964347,0,
0.964347,0.26464,0,
0,0,1,
0.59296,-0.805232,0,
0.805232,0.59296,0,
0,0,1,
0.842623,-0.538504,0,
0.538504,0.842623,0,
0,0,1,
0.979918,-0.199399,0,
0.199399,0.979918,0,
0,0,1,
0.985975,0.166894,0,
-0.166894,0.985975,0,
0,0,1,
0.859446,0.511226,0,
-0.511226,0.859446,0,
0,0,1,
0.616858,0.787075,0,
-0.787075,0.616858,0,
0,0,1,
0.290542,0.956862,0,
-0.956862,0.290542,0,
0,0,1,
-0.0755932,0.997139,0,
-0.997139,-0.0755932,0,
0,0,1,
-0.431932,0.901906,0,
-0.901906,-0.431932,0,
0,0,1,
-0.729856,0.683601,0,
-0.683601,-0.729856,0,
0,0,1,
-0.928405,0.371569,0,
-0.371569,-0.928405,0,
0,0,1,
-0.999966,0.00820265,0,
-0.00820265,-0.999966,0,
0,0,1,
-0.934194,-0.356765,0,
0.356765,-0.934194,0,
0,0,1,
-0.739602,-0.673045,0,
0.673045,-0.739602,0,
0,0,1,
-0.442562,-0.896738,0,
0.896738,-0.442562,0,
0,0,1,
-0.0838206,-0.996481,0,
0.996481,-0.0838206,0,
0,0,1,
0.28703,-0.957921,0,
0.957921,0.28703,0,
0,0,1,
0.61838,-0.785879,0,
0.785879,0.61838,0,
0,0,1,
0.86379,-0.503851,0,
0.503851,0.86379,0,
0,0,1,
0.988549,-0.150898,0,
0.150898,0.988549,0,
0,0,1,
0.974658,0.223699,0,
-0.223699,0.974658,0,
0,0,1,
0.823523,0.567284,0,
-0.567284,0.823523,0,
0,0,1,
0.555934,0.831226,0,
-0.831226,0.555934,0,
0,0,1,
0.209311,0.977849,0,
-0.977849,0.209311,0,
0,0,1,
-0.167464,0.985878,0,
-0.985878,-0.167464,0,
0,0,1,
-0.520892,0.853623,0,
-0.853623,-0.520892,0,
0,0,1,
-0.800449,0.5994,0,
-0.5994,-0.800449,0,
0,0,1,
-0.96585,0.259101,0,
-0.259101,-0.96585,0,
0,0,1,
-0.992918,-0.118798,0,
0.118798,-0.992918,0,
0,0,1,
-0.877217,-0.480094,0,
0.480094,-0.877217,0,
0,0,1,
-0.63487,-0.772619,0,
0.772619,-0.63487,0,
0,0,1,
-0.300422,-0.953806,0,
0.953806,-0.300422,0,
