1,0,0,
0,1,0,
0,0,1,
1,0,2.49013e-06,
0,1,0,
-2.49013e-06,0,1,
1,0,7.47038e-06,
0,1,0,
-7.47038e-06,0,1,
1,0,1.49408e-05,
0,1,0,
-1.49408e-05,0,1,
1,0,2.49013e-05,
0,1,0,
-2.49013e-05,0,1,
1,0,3.73519e-05,
0,1,0,
-3.73519e-05,0,1,
1,0,5.22926e-05,
0,1,0,
-5.22926e-05,0,1,
1,0,6.97235e-05,
0,1,0,
-6.97235e-05,0,1,
1,0,8.96445e-05,
0,1,0,
-8.96445e-05,0,1,
1,0,0.000112056,
0,1,0,
-0.000112056,0,1,
1,0,0.000136957,
0,1,0,
-0.000136957,0,1,
1,0,0.000164348,
0,1,0,
-0.000164348,0,1,
1,0,0.00019423,
0,1,0,
-0.00019423,0,1,
1,0,0.000226601,
0,1,0,
-0.000226601,0,1,
1,0,0.000261463,
0,1,0,
-0.000261463,0,1,
1,0,0.000298815,
0,1,0,
-0.000298815,0,1,
1,0,0.000338657,
0,1,0,
-0.000338657,0,1,
1,0,0.000380989,
0,1,0,
-0.000380989,0,1,
1,0,0.000425811,
0,1,0,
-0.000425811,0,1,
1,0,0.000473124,
0,1,0,
-0.000473124,0,1,
1,0,0.000522926,
0,1,0,
-0.000522926,0,1,
1,0,0.000575219,
0,1,0,
-0.000575219,0,1,
1,0,0.000630002,
0,1,0,
-0.000630002,0,1,
1,0,0.000687275,
0,1,0,
-0.000687275,0,1,
1,0,0.000747038,
0,1,0,
-0.000747038,0,1,
1,0,0.000809291,
0,1,0,
-0.000809291,0,1,
1,0,0.000874034,
0,1,0,
-0.000874034,0,1,
1,0,0.000941267,
0,1,0,
-0.000941267,0,1,
0.999999,0,0.00101099,
0,1,0,
-0.00101099,0,0.999999,
0.999999,0,0.0010832,
0,1,0,
-0.0010832,0,0.999999,
0.999999,0,0.00115791,
0,1,0,
-0.00115791,0,0.999999,
0.999999,0,0.0012351,
0,1,0,
-0.0012351,0,0.999999,
0.999999,0,0.00131479,
0,1,0,
-0.00131479,0,0.999999,
0.999999,0,0.00139696,
0,1,0,
-0.00139696,0,0.999999,
0.999999,0,0.00148162,
0,1,0,
-0.00148162,0,0.999999,
0.999999,0,0.00156878,
0,1,0,
-0.00156878,0,0.999999,
0.999999,0,0.00165842,
0,1,0,
-0.00165842,0,0.999999,
0.999998,0,0.00175056,
0,1,0,
-0.00175056,0,0.999998,
0.999998,0,0.00184518,
0,1,0,
-0.00184518,0,0.999998,
0.999998,0,0.0019423,
0,1,0,
-0.0019423,0,0.999998,
0.999998,0,0.0020419,
0,1,0,
-0.0020419,0,0.999998,
0.999998,0,0.002144,
0,1,0,
-0.002144,0,0.999998,
0.999997,0,0.00224858,
0,1,0,
-0.00224858,0,0.999997,
0.999997,0,0.00235566,
0,1,0,
-0.00235566,0,0.999997,
0.999997,0,0.00246522,
0,1,0,
-0.00246522,0,0.999997,
0.999997,0,0.00257728,
0,1,0,
-0.00257728,0,0.999997,
0.999996,0,0.00269182,
0,1,0,
-0.00269182,0,0.999996,
0.999996,0,0.00280886,
0,1,0,
-0.00280886,0,0.999996,
0.999996,0,0.00292838,
0,1,0,
-0.00292838,0,0.999996,
0.999995,0,0.0030504,
0,1,0,
-0.0030504,0,0.999995,
0.999995,0,0.0031749,
0,1,0,
-0.0031749,0,0.999995,
0.999995,0,0.0033019,
0,1,0,
-0.0033019,0,0.999995,
0.999994,0,0.00343139,
0,1,0,
-0.00343139,0,0.999994,
0.999994,0,0.00356336,
0,1,0,
-0.00356336,0,0.999994,
0.999993,0,0.00369783,
0,1,0,
-0.00369783,0,0.999993,
0.999993,0,0.00383478,
0,1,0,
-0.00383478,0,0.999993,
0.999992,0,0.00397423,
0,1,0,
-0.00397423,0,0.999992,
0.999992,0,0.00411617,
0,1,0,
-0.00411617,0,0.999992,
0.999991,0,0.00426059,
0,1,0,
-0.00426059,0,0.999991,
0.99999,0,0.00440751,
0,1,0,
-0.00440751,0,0.99999,
0.99999,0,0.00455691,
0,1,0,
-0.00455691,0,0.99999,
0.999989,0,0.00470881,
0,1,0,
-0.00470881,0,0.999989,
0.999988,0,0.0048632,
0,1,0,
-0.0048632,0,0.999988,
0.999987,0,0.00502007,
0,1,0,
-0.00502007,0,0.999987,
0.999987,0,0.00517944,
0,1,0,
-0.00517944,0,0.999987,
0.999986,0,0.00534129,
0,1,0,
-0.00534129,0,0.999986,
0.999985,0,0.00550564,
0,1,0,
-0.00550564,0,0.999985,
0.999984,0,0.00567248,
0,1,0,
-0.00567248,0,0.999984,
0.999983,0,0.0058418,
0,1,0,
-0.0058418,0,0.999983,
0.999982,0,0.00601362,
0,1,0,
-0.00601362,0,0.999982,
0.999981,0,0.00618792,
0,1,0,
-0.00618792,0,0.999981,
0.99998,0,0.00636472,
0,1,0,
-0.00636472,0,0.99998,
0.999979,0,0.006544,
0,1,0,
-0.006544,0,0.999979,
0.999977,0,0.00672578,
0,1,0,
-0.00672578,0,0.999977,
0.999976,0,0.00691004,
0,1,0,
-0.00691004,0,0.999976,
0.999975,0,0.0070968,
0,1,0,
-0.0070968,0,0.999975,
0.999973,0,0.00728604,
0,1,0,
-0.00728604,0,0.999973,
0.999972,0,0.00747778,
0,1,0,
-0.00747778,0,0.999972,
0.999971,0,0.007672,
0,1,0,
-0.007672,0,0.999971,
0.999969,0,0.00786872,
0,1,0,
-0.00786872,0,0.999969,
0.999967,0,0.00806792,
0,1,0,
-0.00806792,0,0.999967,
0.999966,0,0.00826961,
0,1,0,
-0.00826961,0,0.999966,
0.999964,0,0.0084738,
0,1,0,
-0.0084738,0,0.999964,
0.999962,0,0.00868047,
0,1,0,
-0.00868047,0,0.999962,
0.99996,0,0.00888963,
0,1,0,
-0.00888963,0,0.99996,
0.999959,0,0.00910128,
0,1,0,
-0.00910128,0,0.999959,
0.999957,0,0.00931542,
0,1,0,
-0.00931542,0,0.999957,
0.999955,0,0.00953206,
0,1,0,
-0.00953206,0,0.999955,
0.999952,0,0.00975118,
0,1,0,
-0.00975118,0,0.999952,
0.99995,0,0.00997279,
0,1,0,
-0.00997279,0,0.99995,
0.999948,0,0.0101969,
0,1,0,
-0.0101969,0,0.999948,
0.999946,0,0.0104235,
0,1,0,
-0.0104235,0,0.999946,
0.999943,0,0.0106526,
0,1,0,
-0.0106526,0,0.999943,
0.999941,0,0.0108841,
0,1,0,
-0.0108841,0,0.999941,
0.999938,0,0.0111182,
0,1,0,
-0.0111182,0,0.999938,
0.999936,0,0.0113547,
0,1,0,
-0.0113547,0,0.999936,
0.999933,0,0.0115938,
0,1,0,
-0.0115938,0,0.999933,
0.99993,0,0.0118353,
0,1,0,
-0.0118353,0,0.99993,
0.999927,0,0.0120793,
0,1,0,
-0.0120793,0,0.999927,
0.999924,0,0.0123258,
0,1,0,
-0.0123258,0,0.999924,
0.999921,0,0.0125748,
0,1,0,
-0.0125748,0,0.999921,
0.999918,0,0.0128263,
0,1,0,
-0.0128263,0,0.999918,
0.999914,0,0.0130803,
0,1,0,
-0.0130803,0,0.999914,
0.999911,0,0.0133367,
0,1,0,
-0.0133367,0,0.999911,
0.999908,0,0.0135957,
0,1,0,
-0.0135957,0,0.999908,
0.999904,0,0.0138571,
0,1,0,
-0.0138571,0,0.999904,
0.9999,0,0.014121,
0,1,0,
-0.014121,0,0.9999,
0.999896,0,0.0143874,
0,1,0,
-0.0143874,0,0.999896,
0.999893,0,0.0146564,
0,1,0,
-0.0146564,0,0.999893,
0.999889,0,0.0149277,
0,1,0,
-0.0149277,0,0.999889,
0.999884,0,0.0152016,
0,1,0,
-0.0152016,0,0.999884,
0.99988,0,0.015478,
0,1,0,
-0.015478,0,0.99988,
0.999876,0,0.0157569,
0,1,0,
-0.0157569,0,0.999876,
0.999871,0,0.0160382,
0,1,0,
-0.0160382,0,0.999871,
0.999867,0,0.016322,
0,1,0,
-0.016322,0,0.999867,
0.999862,0,0.0166084,
0,1,0,
-0.0166084,0,0.999862,
0.999857,0,0.0168972,
0,1,0,
-0.0168972,0,0.999857,
0.999852,0,0.0171885,
0,1,0,
-0.0171885,0,0.999852,
0.999847,0,0.0174823,
0,1,0,
-0.0174823,0,0.999847,
0.999842,0,0.0177786,
0,1,0,
-0.0177786,0,0.999842,
0.999837,0,0.0180773,
0,1,0,
-0.0180773,0,0.999837,
0.999831,0,0.0183786,
0,1,0,
-0.0183786,0,0.999831,
0.999825,0,0.0186823,
0,1,0,
-0.0186823,0,0.999825,
0.99982,0,0.0189886,
0,1,0,
-0.0189886,0,0.99982,
0.999814,0,0.0192973,
0,1,0,
-0.0192973,0,0.999814,
0.999808,0,0.0196085,
0,1,0,
-0.0196085,0,0.999808,
0.999802,0,0.0199222,
0,1,0,
-0.0199222,0,0.999802,
0.999795,0,0.0202384,
0,1,0,
-0.0202384,0,0.999795,
0.999789,0,0.020557,
0,1,0,
-0.020557,0,0.999789,
0.999782,0,0.0208782,
0,1,0,
-0.0208782,0,0.999782,
0.999775,0,0.0212018,
0,1,0,
-0.0212018,0,0.999775,
0.999768,0,0.021528,
0,1,0,
-0.021528,0,0.999768,
0.999761,0,0.0218566,
0,1,0,
-0.0218566,0,0.999761,
0.999754,0,0.0221877,
0,1,0,
-0.0221877,0,0.999754,
0.999746,0,0.0225213,
0,1,0,
-0.0225213,0,0.999746,
0.999739,0,0.0228574,
0,1,0,
-0.0228574,0,0.999739,
0.999731,0,0.0231959,
0,1,0,
-0.0231959,0,0.999731,
0.999723,0,0.023537,
0,1,0,
-0.023537,0,0.999723,
0.999715,0,0.0238805,
0,1,0,
-0.0238805,0,0.999715,
0.999706,0,0.0242265,
0,1,0,
-0.0242265,0,0.999706,
0.999698,0,0.0245751,
0,1,0,
-0.0245751,0,0.999698,
0.999689,0,0.0249261,
0,1,0,
-0.0249261,0,0.999689,
0.99968,0,0.0252796,
0,1,0,
-0.0252796,0,0.99968,
0.999671,0,0.0256355,
0,1,0,
-0.0256355,0,0.999671,
0.999662,0,0.025994,
0,1,0,
-0.025994,0,0.999662,
0.999653,0,0.0263549,
0,1,0,
-0.0263549,0,0.999653,
0.999643,0,0.0267184,
0,1,0,
-0.0267184,0,0.999643,
0.999633,0,0.0270843,
0,1,0,
-0.0270843,0,0.999633,
0.999623,0,0.0274527,
0,1,0,
-0.0274527,0,0.999623,
0.999613,0,0.0278236,
0,1,0,
-0.0278236,0,0.999613,
0.999602,0,0.0281969,
0,1,0,
-0.0281969,0,0.999602,
0.999592,0,0.0285728,
0,1,0,
-0.0285728,0,0.999592,
0.999581,0,0.0289511,
0,1,0,
-0.0289511,0,0.999581,
0.99957,0,0.029332,
0,1,0,
-0.029332,0,0.99957,
0.999558,0,0.0297153,
0,1,0,
-0.0297153,0,0.999558,
0.999547,0,0.0301011,
0,1,0,
-0.0301011,0,0.999547,
0.999535,0,0.0304894,
0,1,0,
-0.0304894,0,0.999535,
0.999523,0,0.0308801,
0,1,0,
-0.0308801,0,0.999523,
0.999511,0,0.0312734,
0,1,0,
-0.0312734,0,0.999511,
0.999498,0,0.0316691,
0,1,0,
-0.0316691,0,0.999498,
0.999486,0,0.0320673,
0,1,0,
-0.0320673,0,0.999486,
0.999473,0,0.032468,
0,1,0,
-0.032468,0,0.999473,
0.99946,0,0.0328712,
0,1,0,
-0.0328712,0,0.99946,
0.999446,0,0.0332769,
0,1,0,
-0.0332769,0,0.999446,
0.999432,0,0.033685,
0,1,0,
-0.033685,0,0.999432,
0.999419,0,0.0340957,
0,1,0,
-0.0340957,0,0.999419,
0.999404,0,0.0345088,
0,1,0,
-0.0345088,0,0.999404,
0.99939,0,0.0349244,
0,1,0,
-0.0349244,0,0.99939,
0.999375,0,0.0353425,
0,1,0,
-0.0353425,0,0.999375,
0.99936,0,0.035763,
0,1,0,
-0.035763,0,0.99936,
0.999345,0,0.0361861,
0,1,0,
-0.0361861,0,0.999345,
0.99933,0,0.0366116,
0,1,0,
-0.0366116,0,0.99933,
0.999314,0,0.0370396,
0,1,0,
-0.0370396,0,0.999314,
0.999298,0,0.0374701,
0,1,0,
-0.0374701,0,0.999298,
0.999281,0,0.0379031,
0,1,0,
-0.0379031,0,0.999281,
0.999265,0,0.0383385,
0,1,0,
-0.0383385,0,0.999265,
0.999248,0,0.0387765,
0,1,0,
-0.0387765,0,0.999248,
0.999231,0,0.0392169,
0,1,0,
-0.0392169,0,0.999231,
0.999213,0,0.0396598,
0,1,0,
-0.0396598,0,0.999213,
0.999195,0,0.0401052,
0,1,0,
-0.0401052,0,0.999195,
0.999177,0,0.040553,
0,1,0,
-0.040553,0,0.999177,
0.999159,0,0.0410034,
0,1,0,
-0.0410034,0,0.999159,
0.99914,0,0.0414562,
0,1,0,
-0.0414562,0,0.99914,
0.999121,0,0.0419115,
0,1,0,
-0.0419115,0,0.999121,
0.999102,0,0.0423692,
0,1,0,
-0.0423692,0,0.999102,
0.999082,0,0.0428295,
0,1,0,
-0.0428295,0,0.999082,
0.999062,0,0.0432922,
0,1,0,
-0.0432922,0,0.999062,
0.999042,0,0.0437574,
0,1,0,
-0.0437574,0,0.999042,
0.999022,0,0.0442251,
0,1,0,
-0.0442251,0,0.999022,
0.999001,0,0.0446953,
0,1,0,
-0.0446953,0,0.999001,
0.998979,0,0.045168,
0,1,0,
-0.045168,0,0.998979,
0.998958,0,0.0456431,
0,1,0,
-0.0456431,0,0.998958,
0.998936,0,0.0461207,
0,1,0,
-0.0461207,0,0.998936,
0.998914,0,0.0466008,
0,1,0,
-0.0466008,0,0.998914,
0.998891,0,0.0470833,
0,1,0,
-0.0470833,0,0.998891,
0.998868,0,0.0475683,
0,1,0,
-0.0475683,0,0.998868,
0.998845,0,0.0480558,
0,1,0,
-0.0480558,0,0.998845,
0.998821,0,0.0485458,
0,1,0,
-0.0485458,0,0.998821,
0.998797,0,0.0490383,
0,1,0,
-0.0490383,0,0.998797,
0.998772,0,0.0495332,
0,1,0,
-0.0495332,0,0.998772,
0.998748,0,0.0500306,
0,1,0,
-0.0500306,0,0.998748,
0.998723,0,0.0505305,
0,1,0,
-0.0505305,0,0.998723,
0.998697,0,0.0510329,
0,1,0,
-0.0510329,0,0.998697,
0.998671,0,0.0515377,
0,1,0,
-0.0515377,0,0.998671,
0.998645,0,0.052045,
0,1,0,
-0.052045,0,0.998645,
0.998618,0,0.0525548,
0,1,0,
-0.0525548,0,0.998618,
0.998591,0,0.053067,
0,1,0,
-0.053067,0,0.998591,
0.998563,0,0.0535817,
0,1,0,
-0.0535817,0,0.998563,
0.998536,0,0.0540989,
0,1,0,
-0.0540989,0,0.998536,
0.998507,0,0.0546186,
0,1,0,
-0.0546186,0,0.998507,
0.998479,0,0.0551407,
0,1,0,
-0.0551407,0,0.998479,
0.998449,0,0.0556654,
0,1,0,
-0.0556654,0,0.998449,
0.99842,0,0.0561924,
0,1,0,
-0.0561924,0,0.99842,
0.99839,0,0.056722,
0,1,0,
-0.056722,0,0.99839,
0.99836,0,0.057254,
0,1,0,
-0.057254,0,0.99836,
0.998329,0,0.0577885,
0,1,0,
-0.0577885,0,0.998329,
0.998298,0,0.0583255,
0,1,0,
-0.0583255,0,0.998298,
0.998266,0,0.0588649,
0,1,0,
-0.0588649,0,0.998266,
0.998234,0,0.0594068,
0,1,0,
-0.0594068,0,0.998234,
0.998201,0,0.0599512,
0,1,0,
-0.0599512,0,0.998201,
0.998168,0,0.060498,
0,1,0,
-0.060498,0,0.998168,
0.998135,0,0.0610473,
0,1,0,
-0.0610473,0,0.998135,
0.998101,0,0.0615991,
0,1,0,
-0.0615991,0,0.998101,
0.998067,0,0.0621533,
0,1,0,
-0.0621533,0,0.998067,
0.998032,0,0.06271,
0,1,0,
-0.06271,0,0.998032,
0.997997,0,0.0632692,
0,1,0,
-0.0632692,0,0.997997,
0.997961,0,0.0638308,
0,1,0,
-0.0638308,0,0.997961,
0.997924,0,0.0643949,
0,1,0,
-0.0643949,0,0.997924,
0.997888,0,0.0649614,
0,1,0,
-0.0649614,0,0.997888,
0.997851,0,0.0655305,
0,1,0,
-0.0655305,0,0.997851,
0.997813,0,0.0661019,
0,1,0,
-0.0661019,0,0.997813,
0.997775,0,0.0666759,
0,1,0,
-0.0666759,0,0.997775,
0.997736,0,0.0672523,
0,1,0,
-0.0672523,0,0.997736,
0.997697,0,0.0678312,
0,1,0,
-0.0678312,0,0.997697,
0.997657,0,0.0684125,
0,1,0,
-0.0684125,0,0.997657,
0.997617,0,0.0689963,
0,1,0,
-0.0689963,0,0.997617,
0.997576,0,0.0695826,
0,1,0,
-0.0695826,0,0.997576,
0.997535,0,0.0701713,
0,1,0,
-0.0701713,0,0.997535,
0.997493,0,0.0707625,
0,1,0,
-0.0707625,0,0.997493,
0.997451,0,0.0713561,
0,1,0,
-0.0713561,0,0.997451,
0.997408,0,0.0719522,
0,1,0,
-0.0719522,0,0.997408,
0.997365,0,0.0725507,
0,1,0,
-0.0725507,0,0.997365,
0.997321,0,0.0731518,
0,1,0,
-0.0731518,0,0.997321,
0.997276,0,0.0737552,
0,1,0,
-0.0737552,0,0.997276,
0.997231,0,0.0743611,
0,1,0,
-0.0743611,0,0.997231,
0.997186,0,0.0749695,
0,1,0,
-0.0749695,0,0.997186,
0.99714,0,0.0755804,
0,1,0,
-0.0755804,0,0.99714,
0.997093,0,0.0761936,
0,1,0,
-0.0761936,0,0.997093,
0.997046,0,0.0768094,
0,1,0,
-0.0768094,0,0.997046,
0.996998,0,0.0774276,
0,1,0,
-0.0774276,0,0.996998,
0.99695,0,0.0780482,
0,1,0,
-0.0780482,0,0.99695,
0.996901,0,0.0786713,
0,1,0,
-0.0786713,0,0.996901,
0.996851,0,0.0792969,
0,1,0,
-0.0792969,0,0.996851,
0.996801,0,0.0799249,
0,1,0,
-0.0799249,0,0.996801,
0.99675,0,0.0805553,
0,1,0,
-0.0805553,0,0.99675,
0.996699,0,0.0811882,
0,1,0,
-0.0811882,0,0.996699,
0.996647,0,0.0818236,
0,1,0,
-0.0818236,0,0.996647,
0.996594,0,0.0824614,
0,1,0,
-0.0824614,0,0.996594,
0.996541,0,0.0831016,
0,1,0,
-0.0831016,0,0.996541,
0.996487,0,0.0837443,
0,1,0,
-0.0837443,0,0.996487,
0.996433,0,0.0843895,
0,1,0,
-0.0843895,0,0.996433,
0.996378,0,0.0850371,
0,1,0,
-0.0850371,0,0.996378,
0.996322,0,0.0856871,
0,1,0,
-0.0856871,0,0.996322,
0.996266,0,0.0863396,
0,1,0,
-0.0863396,0,0.996266,
0.996209,0,0.0869945,
0,1,0,
-0.0869945,0,0.996209,
0.996151,0,0.0876518,
0,1,0,
-0.0876518,0,0.996151,
0.996093,0,0.0883116,
0,1,0,
-0.0883116,0,0.996093,
0.996034,0,0.0889739,
0,1,0,
-0.0889739,0,0.996034,
0.995974,0,0.0896386,
0,1,0,
-0.0896386,0,0.995974,
0.995914,0,0.0903057,
0,1,0,
-0.0903057,0,0.995914,
0.995853,0,0.0909753,
0,1,0,
-0.0909753,0,0.995853,
0.995792,0,0.0916473,
0,1,0,
-0.0916473,0,0.995792,
0.995729,0,0.0923217,
0,1,0,
-0.0923217,0,0.995729,
0.995666,0,0.0929986,
0,1,0,
-0.0929986,0,0.995666,
0.995603,0,0.0936779,
0,1,0,
-0.0936779,0,0.995603,
0.995538,0,0.0943597,
0,1,0,
-0.0943597,0,0.995538,
0.995473,0,0.0950439,
0,1,0,
-0.0950439,0,0.995473,
0.995407,0,0.0957305,
0,1,0,
-0.0957305,0,0.995407,
0.995341,0,0.0964195,
0,1,0,
-0.0964195,0,0.995341,
0.995274,0,0.097111,
0,1,0,
-0.097111,0,0.995274,
0.995206,0,0.0978049,
0,1,0,
-0.0978049,0,0.995206,
0.995137,0,0.0985013,
0,1,0,
-0.0985013,0,0.995137,
0.995068,0,0.0992001,
0,1,0,
-0.0992001,0,0.995068,
0.994997,0,0.0999013,
0,1,0,
-0.0999013,0,0.994997,
0.994926,0,0.100605,
0,1,0,
-0.100605,0,0.994926,
0.994855,0,0.101311,
0,1,0,
-0.101311,0,0.994855,
0.994782,0,0.102019,
0,1,0,
-0.102019,0,0.994782,
0.994709,0,0.10273,
0,1,0,
-0.10273,0,0.994709,
0.994635,0,0.103444,
0,1,0,
-0.103444,0,0.994635,
0.994561,0,0.104159,
0,1,0,
-0.104159,0,0.994561,
0.994485,0,0.104878,
0,1,0,
-0.104878,0,0.994485,
0.994409,0,0.105598,
0,1,0,
-0.105598,0,0.994409,
0.994332,0,0.106321,
0,1,0,
-0.106321,0,0.994332,
0.994254,0,0.107047,
0,1,0,
-0.107047,0,0.994254,
0.994175,0,0.107775,
0,1,0,
-0.107775,0,0.994175,
0.994096,0,0.108505,
0,1,0,
-0.108505,0,0.994096,
0.994016,0,0.109238,
0,1,0,
-0.109238,0,0.994016,
0.993935,0,0.109973,
0,1,0,
-0.109973,0,0.993935,
0.993853,0,0.11071,
0,1,0,
-0.11071,0,0.993853,
0.99377,0,0.11145,
0,1,0,
-0.11145,0,0.99377,
0.993686,0,0.112192,
0,1,0,
-0.112192,0,0.993686,
0.993602,0,0.112937,
0,1,0,
-0.112937,0,0.993602,
0.993517,0,0.113684,
0,1,0,
-0.113684,0,0.993517,
0.993431,0,0.114434,
0,1,0,
-0.114434,0,0.993431,
0.993344,0,0.115186,
0,1,0,
-0.115186,0,0.993344,
0.993256,0,0.11594,
0,1,0,
-0.11594,0,0.993256,
0.993168,0,0.116697,
0,1,0,
-0.116697,0,0.993168,
0.993078,0,0.117456,
0,1,0,
-0.117456,0,0.993078,
0.992988,0,0.118218,
0,1,0,
-0.118218,0,0.992988,
0.992896,0,0.118982,
0,1,0,
-0.118982,0,0.992896,
0.992804,0,0.119748,
0,1,0,
-0.119748,0,0.992804,
0.992711,0,0.120517,
0,1,0,
-0.120517,0,0.992711,
0.992617,0,0.121288,
0,1,0,
-0.121288,0,0.992617,
0.992522,0,0.122062,
0,1,0,
-0.122062,0,0.992522,
0.992427,0,0.122838,
0,1,0,
-0.122838,0,0.992427,
0.99233,0,0.123617,
0,1,0,
-0.123617,0,0.99233,
0.992232,0,0.124397,
0,1,0,
-0.124397,0,0.992232,
0.992134,0,0.125181,
0,1,0,
-0.125181,0,0.992134,
0.992035,0,0.125966,
0,1,0,
-0.125966,0,0.992035,
0.991934,0,0.126754,
0,1,0,
-0.126754,0,0.991934,
0.991833,0,0.127544,
0,1,0,
-0.127544,0,0.991833,
0.991731,0,0.128337,
0,1,0,
-0.128337,0,0.991731,
0.991627,0,0.129132,
0,1,0,
-0.129132,0,0.991627,
0.991523,0,0.12993,
0,1,0,
-0.12993,0,0.991523,
0.991418,0,0.13073,
0,1,0,
-0.13073,0,0.991418,
0.991312,0,0.131532,
0,1,0,
-0.131532,0,0.991312,
0.991205,0,0.132337,
0,1,0,
-0.132337,0,0.991205,
0.991097,0,0.133144,
0,1,0,
-0.133144,0,0.991097,
0.990988,0,0.133953,
0,1,0,
-0.133953,0,0.990988,
0.990878,0,0.134765,
0,1,0,
-0.134765,0,0.990878,
0.990766,0,0.135579,
0,1,0,
-0.135579,0,0.990766,
0.990654,0,0.136396,
0,1,0,
-0.136396,0,0.990654,
0.990541,0,0.137215,
0,1,0,
-0.137215,0,0.990541,
0.990427,0,0.138036,
0,1,0,
-0.138036,0,0.990427,
0.990312,0,0.13886,
0,1,0,
-0.13886,0,0.990312,
0.990196,0,0.139686,
0,1,0,
-0.139686,0,0.990196,
0.990079,0,0.140514,
0,1,0,
-0.140514,0,0.990079,
0.98996,0,0.141345,
0,1,0,
-0.141345,0,0.98996,
0.989841,0,0.142178,
0,1,0,
-0.142178,0,0.989841,
0.989721,0,0.143014,
0,1,0,
-0.143014,0,0.989721,
0.989599,0,0.143852,
0,1,0,
-0.143852,0,0.989599,
0.989477,0,0.144692,
0,1,0,
-0.144692,0,0.989477,
0.989353,0,0.145535,
0,1,0,
-0.145535,0,0.989353,
0.989228,0,0.14638,
0,1,0,
-0.14638,0,0.989228,
0.989103,0,0.147227,
0,1,0,
-0.147227,0,0.989103,
0.988976,0,0.148077,
0,1,0,
-0.148077,0,0.988976,
0.988848,0,0.148929,
0,1,0,
-0.148929,0,0.988848,
0.988719,0,0.149783,
0,1,0,
-0.149783,0,0.988719,
0.988589,0,0.15064,
0,1,0,
-0.15064,0,0.988589,
0.988457,0,0.151499,
0,1,0,
-0.151499,0,0.988457,
0.988325,0,0.15236,
0,1,0,
-0.15236,0,0.988325,
0.988191,0,0.153224,
0,1,0,
-0.153224,0,0.988191,
0.988057,0,0.15409,
0,1,0,
-0.15409,0,0.988057,
0.987921,0,0.154959,
0,1,0,
-0.154959,0,0.987921,
0.987784,0,0.155829,
0,1,0,
-0.155829,0,0.987784,
0.987646,0,0.156703,
0,1,0,
-0.156703,0,0.987646,
0.987507,0,0.157578,
0,1,0,
-0.157578,0,0.987507,
0.987366,0,0.158456,
0,1,0,
-0.158456,0,0.987366,
0.987224,0,0.159336,
0,1,0,
-0.159336,0,0.987224,
0.987082,0,0.160218,
0,1,0,
-0.160218,0,0.987082,
0.986938,0,0.161103,
0,1,0,
-0.161103,0,0.986938,
0.986792,0,0.16199,
0,1,0,
-0.16199,0,0.986792,
0.986646,0,0.16288,
0,1,0,
-0.16288,0,0.986646,
0.986498,0,0.163772,
0,1,0,
-0.163772,0,0.986498,
0.986349,0,0.164666,
0,1,0,
-0.164666,0,0.986349,
0.986199,0,0.165562,
0,1,0,
-0.165562,0,0.986199,
0.986048,0,0.166461,
0,1,0,
-0.166461,0,0.986048,
0.985896,0,0.167362,
0,1,0,
-0.167362,0,0.985896,
0.985742,0,0.168265,
0,1,0,
-0.168265,0,0.985742,
0.985587,0,0.169171,
0,1,0,
-0.169171,0,0.985587,
0.98543,0,0.170079,
0,1,0,
-0.170079,0,0.98543,
0.985273,0,0.170989,
0,1,0,
-0.170989,0,0.985273,
0.985114,0,0.171902,
0,1,0,
-0.171902,0,0.985114,
0.984954,0,0.172817,
0,1,0,
-0.172817,0,0.984954,
0.984793,0,0.173734,
0,1,0,
-0.173734,0,0.984793,
0.98463,0,0.174653,
0,1,0,
-0.174653,0,0.98463,
0.984466,0,0.175575,
0,1,0,
-0.175575,0,0.984466,
0.984301,0,0.176499,
0,1,0,
-0.176499,0,0.984301,
0.984134,0,0.177426,
0,1,0,
-0.177426,0,0.984134,
0.983966,0,0.178355,
0,1,0,
-0.178355,0,0.983966,
0.983797,0,0.179286,
0,1,0,
-0.179286,0,0.983797,
0.983627,0,0.180219,
0,1,0,
-0.180219,0,0.983627,
0.983455,0,0.181154,
0,1,0,
-0.181154,0,0.983455,
0.983281,0,0.182092,
0,1,0,
-0.182092,0,0.983281,
0.983107,0,0.183032,
0,1,0,
-0.183032,0,0.983107,
0.982931,0,0.183975,
0,1,0,
-0.183975,0,0.982931,
0.982754,0,0.18492,
0,1,0,
-0.18492,0,0.982754,
0.982575,0,0.185866,
0,1,0,
-0.185866,0,0.982575,
0.982395,0,0.186816,
0,1,0,
-0.186816,0,0.982395,
0.982214,0,0.187767,
0,1,0,
-0.187767,0,0.982214,
0.982031,0,0.188721,
0,1,0,
-0.188721,0,0.982031,
0.981847,0,0.189677,
0,1,0,
-0.189677,0,0.981847,
0.981661,0,0.190635,
0,1,0,
-0.190635,0,0.981661,
0.981474,0,0.191596,
0,1,0,
-0.191596,0,0.981474,
0.981285,0,0.192559,
0,1,0,
-0.192559,0,0.981285,
0.981096,0,0.193524,
0,1,0,
-0.193524,0,0.981096,
0.980904,0,0.194491,
0,1,0,
-0.194491,0,0.980904,
0.980711,0,0.195461,
0,1,0,
-0.195461,0,0.980711,
0.980517,0,0.196433,
0,1,0,
-0.196433,0,0.980517,
0.980322,0,0.197407,
0,1,0,
-0.197407,0,0.980322,
0.980125,0,0.198383,
0,1,0,
-0.198383,0,0.980125,
0.979926,0,0.199362,
0,1,0,
-0.199362,0,0.979926,
0.979726,0,0.200343,
0,1,0,
-0.200343,0,0.979726,
0.979524,0,0.201326,
0,1,0,
-0.201326,0,0.979524,
0.979321,0,0.202311,
0,1,0,
-0.202311,0,0.979321,
0.979117,0,0.203299,
0,1,0,
-0.203299,0,0.979117,
0.978911,0,0.204288,
0,1,0,
-0.204288,0,0.978911,
0.978703,0,0.20528,
0,1,0,
-0.20528,0,0.978703,
0.978494,0,0.206275,
0,1,0,
-0.206275,0,0.978494,
0.978284,0,0.207271,
0,1,0,
-0.207271,0,0.978284,
0.978071,0,0.20827,
0,1,0,
-0.20827,0,0.978071,
0.977858,0,0.209271,
0,1,0,
-0.209271,0,0.977858,
0.977643,0,0.210274,
0,1,0,
-0.210274,0,0.977643,
0.977426,0,0.211279,
0,1,0,
-0.211279,0,0.977426,
0.977207,0,0.212287,
0,1,0,
-0.212287,0,0.977207,
0.976988,0,0.213296,
0,1,0,
-0.213296,0,0.976988,
0.976766,0,0.214308,
0,1,0,
-0.214308,0,0.976766,
0.976543,0,0.215322,
0,1,0,
-0.215322,0,0.976543,
0.976318,0,0.216339,
0,1,0,
-0.216339,0,0.976318,
0.976092,0,0.217357,
0,1,0,
-0.217357,0,0.976092,
0.975864,0,0.218378,
0,1,0,
-0.218378,0,0.975864,
0.975635,0,0.219401,
0,1,0,
-0.219401,0,0.975635,
0.975404,0,0.220426,
0,1,0,
-0.220426,0,0.975404,
0.975171,0,0.221453,
0,1,0,
-0.221453,0,0.975171,
0.974937,0,0.222483,
0,1,0,
-0.222483,0,0.974937,
0.974701,0,0.223514,
0,1,0,
-0.223514,0,0.974701,
0.974463,0,0.224548,
0,1,0,
-0.224548,0,0.974463,
0.974224,0,0.225584,
0,1,0,
-0.225584,0,0.974224,
0.973983,0,0.226622,
0,1,0,
-0.226622,0,0.973983,
0.97374,0,0.227663,
0,1,0,
-0.227663,0,0.97374,
0.973496,0,0.228705,
0,1,0,
-0.228705,0,0.973496,
0.97325,0,0.22975,
0,1,0,
-0.22975,0,0.97325,
0.973002,0,0.230797,
0,1,0,
-0.230797,0,0.973002,
0.972753,0,0.231846,
0,1,0,
-0.231846,0,0.972753,
0.972501,0,0.232897,
0,1,0,
-0.232897,0,0.972501,
0.972249,0,0.23395,
0,1,0,
-0.23395,0,0.972249,
0.971994,0,0.235006,
0,1,0,
-0.235006,0,0.971994,
0.971738,0,0.236063,
0,1,0,
-0.236063,0,0.971738,
0.97148,0,0.237123,
0,1,0,
-0.237123,0,0.97148,
0.97122,0,0.238185,
0,1,0,
-0.238185,0,0.97122,
0.970958,0,0.239249,
0,1,0,
-0.239249,0,0.970958,
0.970695,0,0.240315,
0,1,0,
-0.240315,0,0.970695,
0.97043,0,0.241383,
0,1,0,
-0.241383,0,0.97043,
0.970163,0,0.242453,
0,1,0,
-0.242453,0,0.970163,
0.969894,0,0.243526,
0,1,0,
-0.243526,0,0.969894,
0.969624,0,0.2446,
0,1,0,
-0.2446,0,0.969624,
0.969352,0,0.245677,
0,1,0,
-0.245677,0,0.969352,
0.969078,0,0.246756,
0,1,0,
-0.246756,0,0.969078,
0.968802,0,0.247837,
0,1,0,
-0.247837,0,0.968802,
0.968524,0,0.24892,
0,1,0,
-0.24892,0,0.968524,
0.968245,0,0.250005,
0,1,0,
-0.250005,0,0.968245,
0.967963,0,0.251092,
0,1,0,
-0.251092,0,0.967963,
0.96768,0,0.252182,
0,1,0,
-0.252182,0,0.96768,
0.967395,0,0.253273,
0,1,0,
-0.253273,0,0.967395,
0.967108,0,0.254367,
0,1,0,
-0.254367,0,0.967108,
0.966819,0,0.255462,
0,1,0,
-0.255462,0,0.966819,
0.966528,0,0.25656,
0,1,0,
-0.25656,0,0.966528,
0.966236,0,0.257659,
0,1,0,
-0.257659,0,0.966236,
0.965941,0,0.258761,
0,1,0,
-0.258761,0,0.965941,
0.965645,0,0.259865,
0,1,0,
-0.259865,0,0.965645,
0.965347,0,0.260971,
0,1,0,
-0.260971,0,0.965347,
0.965046,0,0.262079,
0,1,0,
-0.262079,0,0.965046,
0.964744,0,0.263189,
0,1,0,
-0.263189,0,0.964744,
0.96444,0,0.264301,
0,1,0,
-0.264301,0,0.96444,
0.964134,0,0.265415,
0,1,0,
-0.265415,0,0.964134,
0.963826,0,0.266532,
0,1,0,
-0.266532,0,0.963826,
0.963516,0,0.26765,
0,1,0,
-0.26765,0,0.963516,
0.963204,0,0.26877,
0,1,0,
-0.26877,0,0.963204,
0.96289,0,0.269892,
0,1,0,
-0.269892,0,0.96289,
0.962575,0,0.271017,
0,1,0,
-0.271017,0,0.962575,
0.962257,0,0.272143,
0,1,0,
-0.272143,0,0.962257,
0.961937,0,0.273272,
0,1,0,
-0.273272,0,0.961937,
0.961615,0,0.274402,
0,1,0,
-0.274402,0,0.961615,
0.961291,0,0.275534,
0,1,0,
-0.275534,0,0.961291,
0.960965,0,0.276669,
0,1,0,
-0.276669,0,0.960965,
0.960637,0,0.277805,
0,1,0,
-0.277805,0,0.960637,
0.960307,0,0.278944,
0,1,0,
-0.278944,0,0.960307,
0.959975,0,0.280084,
0,1,0,
-0.280084,0,0.959975,
0.959641,0,0.281227,
0,1,0,
-0.281227,0,0.959641,
0.959305,0,0.282371,
0,1,0,
-0.282371,0,0.959305,
0.958967,0,0.283517,
0,1,0,
-0.283517,0,0.958967,
0.958627,0,0.284666,
0,1,0,
-0.284666,0,0.958627,
0.958284,0,0.285816,
0,1,0,
-0.285816,0,0.958284,
0.95794,0,0.286969,
0,1,0,
-0.286969,0,0.95794,
0.957593,0,0.288123,
0,1,0,
-0.288123,0,0.957593,
0.957245,0,0.289279,
0,1,0,
-0.289279,0,0.957245,
0.956894,0,0.290437,
0,1,0,
-0.290437,0,0.956894,
0.956541,0,0.291598,
0,1,0,
-0.291598,0,0.956541,
0.956186,0,0.29276,
0,1,0,
-0.29276,0,0.956186,
0.955829,0,0.293924,
0,1,0,
-0.293924,0,0.955829,
0.955469,0,0.29509,
0,1,0,
-0.29509,0,0.955469,
0.955108,0,0.296258,
0,1,0,
-0.296258,0,0.955108,
0.954744,0,0.297428,
0,1,0,
-0.297428,0,0.954744,
0.954378,0,0.2986,
0,1,0,
-0.2986,0,0.954378,
0.95401,0,0.299773,
0,1,0,
-0.299773,0,0.95401,
0.95364,0,0.300949,
0,1,0,
-0.300949,0,0.95364,
0.953268,0,0.302127,
0,1,0,
-0.302127,0,0.953268,
0.952893,0,0.303306,
0,1,0,
-0.303306,0,0.952893,
0.952516,0,0.304488,
0,1,0,
-0.304488,0,0.952516,
0.952137,0,0.305671,
0,1,0,
-0.305671,0,0.952137,
0.951756,0,0.306856,
0,1,0,
-0.306856,0,0.951756,
0.951372,0,0.308043,
0,1,0,
-0.308043,0,0.951372,
0.950986,0,0.309232,
0,1,0,
-0.309232,0,0.950986,
0.950598,0,0.310423,
0,1,0,
-0.310423,0,0.950598,
0.950208,0,0.311616,
0,1,0,
-0.311616,0,0.950208,
0.949815,0,0.312811,
0,1,0,
-0.312811,0,0.949815,
0.949421,0,0.314007,
0,1,0,
-0.314007,0,0.949421,
0.949023,0,0.315206,
0,1,0,
-0.315206,0,0.949023,
0.948624,0,0.316406,
0,1,0,
-0.316406,0,0.948624,
0.948222,0,0.317608,
0,1,0,
-0.317608,0,0.948222,
0.947818,0,0.318812,
0,1,0,
-0.318812,0,0.947818,
0.947412,0,0.320018,
0,1,0,
-0.320018,0,0.947412,
0.947003,0,0.321225,
0,1,0,
-0.321225,0,0.947003,
0.946592,0,0.322435,
0,1,0,
-0.322435,0,0.946592,
0.946178,0,0.323646,
0,1,0,
-0.323646,0,0.946178,
0.945762,0,0.324859,
0,1,0,
-0.324859,0,0.945762,
0.945344,0,0.326074,
0,1,0,
-0.326074,0,0.945344,
0.944924,0,0.327291,
0,1,0,
-0.327291,0,0.944924,
0.944501,0,0.32851,
0,1,0,
-0.32851,0,0.944501,
0.944075,0,0.32973,
0,1,0,
-0.32973,0,0.944075,
0.943648,0,0.330952,
0,1,0,
-0.330952,0,0.943648,
0.943217,0,0.332176,
0,1,0,
-0.332176,0,0.943217,
0.942785,0,0.333402,
0,1,0,
-0.333402,0,0.942785,
0.94235,0,0.334629,
0,1,0,
-0.334629,0,0.94235,
0.941912,0,0.335859,
0,1,0,
-0.335859,0,0.941912,
0.941472,0,0.33709,
0,1,0,
-0.33709,0,0.941472,
0.94103,0,0.338323,
0,1,0,
-0.338323,0,0.94103,
0.940585,0,0.339557,
0,1,0,
-0.339557,0,0.940585,
0.940138,0,0.340794,
0,1,0,
-0.340794,0,0.940138,
0.939688,0,0.342032,
0,1,0,
-0.342032,0,0.939688,
0.939236,0,0.343272,
0,1,0,
-0.343272,0,0.939236,
0.938781,0,0.344513,
0,1,0,
-0.344513,0,0.938781,
0.938324,0,0.345757,
0,1,0,
-0.345757,0,0.938324,
0.937865,0,0.347002,
0,1,0,
-0.347002,0,0.937865,
0.937402,0,0.348248,
0,1,0,
-0.348248,0,0.937402,
0.936937,0,0.349497,
0,1,0,
-0.349497,0,0.936937,
0.93647,0,0.350747,
0,1,0,
-0.350747,0,0.93647,
0.936,0,0.351999,
0,1,0,
-0.351999,0,0.936,
0.935528,0,0.353253,
0,1,0,
-0.353253,0,0.935528,
0.935053,0,0.354508,
0,1,0,
-0.354508,0,0.935053,
0.934575,0,0.355765,
0,1,0,
-0.355765,0,0.934575,
0.934095,0,0.357024,
0,1,0,
-0.357024,0,0.934095,
0.933613,0,0.358284,
0,1,0,
-0.358284,0,0.933613,
0.933127,0,0.359546,
0,1,0,
-0.359546,0,0.933127,
0.932639,0,0.36081,
0,1,0,
-0.36081,0,0.932639,
0.932149,0,0.362075,
0,1,0,
-0.362075,0,0.932149,
0.931656,0,0.363342,
0,1,0,
-0.363342,0,0.931656,
0.93116,0,0.364611,
0,1,0,
-0.364611,0,0.93116,
0.930662,0,0.365881,
0,1,0,
-0.365881,0,0.930662,
0.93016,0,0.367153,
0,1,0,
-0.367153,0,0.93016,
0.929657,0,0.368427,
0,1,0,
-0.368427,0,0.929657,
0.92915,0,0.369702,
0,1,0,
-0.369702,0,0.92915,
0.928641,0,0.370979,
0,1,0,
-0.370979,0,0.928641,
0.92813,0,0.372257,
0,1,0,
-0.372257,0,0.92813,
0.927615,0,0.373537,
0,1,0,
-0.373537,0,0.927615,
0.927098,0,0.374819,
0,1,0,
-0.374819,0,0.927098,
0.926578,0,0.376102,
0,1,0,
-0.376102,0,0.926578,
0.926056,0,0.377387,
0,1,0,
-0.377387,0,0.926056,
0.92553,0,0.378673,
0,1,0,
-0.378673,0,0.92553,
0.925002,0,0.379961,
0,1,0,
-0.379961,0,0.925002,
0.924472,0,0.381251,
0,1,0,
-0.381251,0,0.924472,
0.923938,0,0.382542,
0,1,0,
-0.382542,0,0.923938,
0.923402,0,0.383835,
0,1,0,
-0.383835,0,0.923402,
0.922863,0,0.385129,
0,1,0,
-0.385129,0,0.922863,
0.922321,0,0.386424,
0,1,0,
-0.386424,0,0.922321,
0.921777,0,0.387722,
0,1,0,
-0.387722,0,0.921777,
0.921229,0,0.38902,
0,1,0,
-0.38902,0,0.921229,
0.920679,0,0.390321,
0,1,0,
-0.390321,0,0.920679,
0.920126,0,0.391623,
0,1,0,
-0.391623,0,0.920126,
0.91957,0,0.392926,
0,1,0,
-0.392926,0,0.91957,
0.919012,0,0.394231,
0,1,0,
-0.394231,0,0.919012,
0.91845,0,0.395537,
0,1,0,
-0.395537,0,0.91845,
0.917886,0,0.396845,
0,1,0,
-0.396845,0,0.917886,
0.917319,0,0.398154,
0,1,0,
-0.398154,0,0.917319,
0.916749,0,0.399465,
0,1,0,
-0.399465,0,0.916749,
0.916176,0,0.400777,
0,1,0,
-0.400777,0,0.916176,
0.9156,0,0.402091,
0,1,0,
-0.402091,0,0.9156,
0.915021,0,0.403406,
0,1,0,
-0.403406,0,0.915021,
0.91444,0,0.404722,
0,1,0,
-0.404722,0,0.91444,
0.913855,0,0.40604,
0,1,0,
-0.40604,0,0.913855,
0.913268,0,0.40736,
0,1,0,
-0.40736,0,0.913268,
0.912677,0,0.408681,
0,1,0,
-0.408681,0,0.912677,
0.912084,0,0.410003,
0,1,0,
-0.410003,0,0.912084,
0.911488,0,0.411327,
0,1,0,
-0.411327,0,0.911488,
0.910889,0,0.412652,
0,1,0,
-0.412652,0,0.910889,
0.910287,0,0.413978,
0,1,0,
-0.413978,0,0.910287,
0.909682,0,0.415306,
0,1,0,
-0.415306,0,0.909682,
0.909074,0,0.416635,
0,1,0,
-0.416635,0,0.909074,
0.908463,0,0.417966,
0,1,0,
-0.417966,0,0.908463,
0.907849,0,0.419298,
0,1,0,
-0.419298,0,0.907849,
0.907232,0,0.420631,
0,1,0,
-0.420631,0,0.907232,
0.906612,0,0.421966,
0,1,0,
-0.421966,0,0.906612,
0.905989,0,0.423302,
0,1,0,
-0.423302,0,0.905989,
0.905363,0,0.424639,
0,1,0,
-0.424639,0,0.905363,
0.904734,0,0.425978,
0,1,0,
-0.425978,0,0.904734,
0.904101,0,0.427318,
0,1,0,
-0.427318,0,0.904101,
0.903466,0,0.428659,
0,1,0,
-0.428659,0,0.903466,
0.902828,0,0.430002,
0,1,0,
-0.430002,0,0.902828,
0.902187,0,0.431346,
0,1,0,
-0.431346,0,0.902187,
0.901542,0,0.432691,
0,1,0,
-0.432691,0,0.901542,
0.900895,0,0.434037,
0,1,0,
-0.434037,0,0.900895,
0.900244,0,0.435385,
0,1,0,
-0.435385,0,0.900244,
0.899591,0,0.436734,
0,1,0,
-0.436734,0,0.899591,
0.898934,0,0.438085,
0,1,0,
-0.438085,0,0.898934,
0.898274,0,0.439436,
0,1,0,
-0.439436,0,0.898274,
0.897611,0,0.440789,
0,1,0,
-0.440789,0,0.897611,
0.896945,0,0.442143,
0,1,0,
-0.442143,0,0.896945,
0.896275,0,0.443498,
0,1,0,
-0.443498,0,0.896275,
0.895603,0,0.444855,
0,1,0,
-0.444855,0,0.895603,
0.894927,0,0.446212,
0,1,0,
-0.446212,0,0.894927,
0.894248,0,0.447571,
0,1,0,
-0.447571,0,0.894248,
0.893566,0,0.448931,
0,1,0,
-0.448931,0,0.893566,
0.892881,0,0.450292,
0,1,0,
-0.450292,0,0.892881,
0.892193,0,0.451655,
0,1,0,
-0.451655,0,0.892193,
0.891501,0,0.453018,
0,1,0,
-0.453018,0,0.891501,
0.890806,0,0.454383,
0,1,0,
-0.454383,0,0.890806,
0.890108,0,0.455749,
0,1,0,
-0.455749,0,0.890108,
0.889407,0,0.457116,
0,1,0,
-0.457116,0,0.889407,
0.888703,0,0.458484,
0,1,0,
-0.458484,0,0.888703,
0.887995,0,0.459853,
0,1,0,
-0.459853,0,0.887995,
0.887284,0,0.461224,
0,1,0,
-0.461224,0,0.887284,
0.88657,0,0.462595,
0,1,0,
-0.462595,0,0.88657,
0.885852,0,0.463968,
0,1,0,
-0.463968,0,0.885852,
0.885131,0,0.465342,
0,1,0,
-0.465342,0,0.885131,
0.884407,0,0.466716,
0,1,0,
-0.466716,0,0.884407,
0.88368,0,0.468092,
0,1,0,
-0.468092,0,0.88368,
0.882949,0,0.469469,
0,1,0,
-0.469469,0,0.882949,
0.882215,0,0.470847,
0,1,0,
-0.470847,0,0.882215,
0.881477,0,0.472226,
0,1,0,
-0.472226,0,0.881477,
0.880737,0,0.473606,
0,1,0,
-0.473606,0,0.880737,
0.879993,0,0.474987,
0,1,0,
-0.474987,0,0.879993,
0.879245,0,0.47637,
0,1,0,
-0.47637,0,0.879245,
0.878494,0,0.477753,
0,1,0,
-0.477753,0,0.878494,
0.87774,0,0.479137,
0,1,0,
-0.479137,0,0.87774,
0.876983,0,0.480522,
0,1,0,
-0.480522,0,0.876983,
0.876222,0,0.481908,
0,1,0,
-0.481908,0,0.876222,
0.875457,0,0.483295,
0,1,0,
-0.483295,0,0.875457,
0.87469,0,0.484683,
0,1,0,
-0.484683,0,0.87469,
0.873919,0,0.486072,
0,1,0,
-0.486072,0,0.873919,
0.873144,0,0.487462,
0,1,0,
-0.487462,0,0.873144,
0.872366,0,0.488853,
0,1,0,
-0.488853,0,0.872366,
0.871585,0,0.490245,
0,1,0,
-0.490245,0,0.871585,
0.8708,0,0.491638,
0,1,0,
-0.491638,0,0.8708,
0.870012,0,0.493031,
0,1,0,
-0.493031,0,0.870012,
0.86922,0,0.494426,
0,1,0,
-0.494426,0,0.86922,
0.868425,0,0.495821,
0,1,0,
-0.495821,0,0.868425,
0.867626,0,0.497218,
0,1,0,
-0.497218,0,0.867626,
0.866824,0,0.498615,
0,1,0,
-0.498615,0,0.866824,
0.866018,0,0.500013,
0,1,0,
-0.500013,0,0.866018,
0.865209,0,0.501412,
0,1,0,
-0.501412,0,0.865209,
0.864396,0,0.502812,
0,1,0,
-0.502812,0,0.864396,
0.86358,0,0.504212,
0,1,0,
-0.504212,0,0.86358,
0.86276,0,0.505614,
0,1,0,
-0.505614,0,0.86276,
0.861937,0,0.507016,
0,1,0,
-0.507016,0,0.861937,
0.86111,0,0.508419,
0,1,0,
-0.508419,0,0.86111,
0.86028,0,0.509823,
0,1,0,
-0.509823,0,0.86028,
0.859446,0,0.511227,
0,1,0,
-0.511227,0,0.859446,
0.858608,0,0.512633,
0,1,0,
-0.512633,0,0.858608,
0.857767,0,0.514039,
0,1,0,
-0.514039,0,0.857767,
0.856922,0,0.515446,
0,1,0,
-0.515446,0,0.856922,
0.856074,0,0.516853,
0,1,0,
-0.516853,0,0.856074,
0.855222,0,0.518262,
0,1,0,
-0.518262,0,0.855222,
0.854367,0,0.519671,
0,1,0,
-0.519671,0,0.854367,
0.853508,0,0.521081,
0,1,0,
-0.521081,0,0.853508,
0.852645,0,0.522491,
0,1,0,
-0.522491,0,0.852645,
0.851778,0,0.523902,
0,1,0,
-0.523902,0,0.851778,
0.850908,0,0.525314,
0,1,0,
-0.525314,0,0.850908,
0.850035,0,0.526727,
0,1,0,
-0.526727,0,0.850035,
0.849157,0,0.52814,
0,1,0,
-0.52814,0,0.849157,
0.848276,0,0.529554,
0,1,0,
-0.529554,0,0.848276,
0.847392,0,0.530968,
0,1,0,
-0.530968,0,0.847392,
0.846503,0,0.532383,
0,1,0,
-0.532383,0,0.846503,
0.845611,0,0.533799,
0,1,0,
-0.533799,0,0.845611,
0.844716,0,0.535216,
0,1,0,
-0.535216,0,0.844716,
0.843816,0,0.536633,
0,1,0,
-0.536633,0,0.843816,
0.842913,0,0.53805,
0,1,0,
-0.53805,0,0.842913,
0.842006,0,0.539468,
0,1,0,
-0.539468,0,0.842006,
0.841095,0,0.540887,
0,1,0,
-0.540887,0,0.841095,
0.840181,0,0.542306,
0,1,0,
-0.542306,0,0.840181,
0.839263,0,0.543726,
0,1,0,
-0.543726,0,0.839263,
0.838341,0,0.545146,
0,1,0,
-0.545146,0,0.838341,
0.837415,0,0.546567,
0,1,0,
-0.546567,0,0.837415,
0.836486,0,0.547989,
0,1,0,
-0.547989,0,0.836486,
0.835553,0,0.54941,
0,1,0,
-0.54941,0,0.835553,
0.834616,0,0.550833,
0,1,0,
-0.550833,0,0.834616,
0.833675,0,0.552256,
0,1,0,
-0.552256,0,0.833675,
0.83273,0,0.553679,
0,1,0,
-0.553679,0,0.83273,
0.831782,0,0.555103,
0,1,0,
-0.555103,0,0.831782,
0.83083,0,0.556527,
0,1,0,
-0.556527,0,0.83083,
0.829874,0,0.557951,
0,1,0,
-0.557951,0,0.829874,
0.828914,0,0.559377,
0,1,0,
-0.559377,0,0.828914,
0.82795,0,0.560802,
0,1,0,
-0.560802,0,0.82795,
0.826982,0,0.562228,
0,1,0,
-0.562228,0,0.826982,
0.826011,0,0.563654,
0,1,0,
-0.563654,0,0.826011,
0.825036,0,0.565081,
0,1,0,
-0.565081,0,0.825036,
0.824056,0,0.566508,
0,1,0,
-0.566508,0,0.824056,
0.823073,0,0.567935,
0,1,0,
-0.567935,0,0.823073,
0.822086,0,0.569363,
0,1,0,
-0.569363,0,0.822086,
0.821096,0,0.570791,
0,1,0,
-0.570791,0,0.821096,
0.820101,0,0.572219,
0,1,0,
-0.572219,0,0.820101,
0.819102,0,0.573648,
0,1,0,
-0.573648,0,0.819102,
0.8181,0,0.575077,
0,1,0,
-0.575077,0,0.8181,
0.817093,0,0.576506,
0,1,0,
-0.576506,0,0.817093,
0.816083,0,0.577935,
0,1,0,
-0.577935,0,0.816083,
0.815068,0,0.579365,
0,1,0,
-0.579365,0,0.815068,
0.81405,0,0.580795,
0,1,0,
-0.580795,0,0.81405,
0.813027,0,0.582225,
0,1,0,
-0.582225,0,0.813027,
0.812001,0,0.583656,
0,1,0,
-0.583656,0,0.812001,
0.810971,0,0.585086,
0,1,0,
-0.585086,0,0.810971,
0.809937,0,0.586517,
0,1,0,
-0.586517,0,0.809937,
0.808898,0,0.587948,
0,1,0,
-0.587948,0,0.808898,
0.807856,0,0.58938,
0,1,0,
-0.58938,0,0.807856,
0.80681,0,0.590811,
0,1,0,
-0.590811,0,0.80681,
0.80576,0,0.592242,
0,1,0,
-0.592242,0,0.80576,
0.804706,0,0.593674,
0,1,0,
-0.593674,0,0.804706,
0.803647,0,0.595106,
0,1,0,
-0.595106,0,0.803647,
0.802585,0,0.596538,
0,1,0,
-0.596538,0,0.802585,
0.801519,0,0.59797,
0,1,0,
-0.59797,0,0.801519,
0.800448,0,0.599402,
0,1,0,
-0.599402,0,0.800448,
0.799374,0,0.600834,
0,1,0,
-0.600834,0,0.799374,
0.798295,0,0.602266,
0,1,0,
-0.602266,0,0.798295,
0.797213,0,0.603699,
0,1,0,
-0.603699,0,0.797213,
0.796126,0,0.605131,
0,1,0,
-0.605131,0,0.796126,
0.795035,0,0.606563,
0,1,0,
-0.606563,0,0.795035,
0.79394,0,0.607996,
0,1,0,
-0.607996,0,0.79394,
0.792842,0,0.609428,
0,1,0,
-0.609428,0,0.792842,
0.791738,0,0.61086,
0,1,0,
-0.61086,0,0.791738,
0.790631,0,0.612292,
0,1,0,
-0.612292,0,0.790631,
0.78952,0,0.613725,
0,1,0,
-0.613725,0,0.78952,
0.788405,0,0.615157,
0,1,0,
-0.615157,0,0.788405,
0.787285,0,0.616589,
0,1,0,
-0.616589,0,0.787285,
0.786161,0,0.618021,
0,1,0,
-0.618021,0,0.786161,
0.785034,0,0.619453,
0,1,0,
-0.619453,0,0.785034,
0.783902,0,0.620885,
0,1,0,
-0.620885,0,0.783902,
0.782766,0,0.622317,
0,1,0,
-0.622317,0,0.782766,
0.781625,0,0.623748,
0,1,0,
-0.623748,0,0.781625,
0.780481,0,0.62518,
0,1,0,
-0.62518,0,0.780481,
0.779332,0,0.626611,
0,1,0,
-0.626611,0,0.779332,
0.778179,0,0.628042,
0,1,0,
-0.628042,0,0.778179,
0.777022,0,0.629473,
0,1,0,
-0.629473,0,0.777022,
0.775861,0,0.630904,
0,1,0,
-0.630904,0,0.775861,
0.774696,0,0.632334,
0,1,0,
-0.632334,0,0.774696,
0.773526,0,0.633765,
0,1,0,
-0.633765,0,0.773526,
0.772352,0,0.635195,
0,1,0,
-0.635195,0,0.772352,
0.771174,0,0.636625,
0,1,0,
-0.636625,0,0.771174,
0.769991,0,0.638054,
0,1,0,
-0.638054,0,0.769991,
0.768805,0,0.639483,
0,1,0,
-0.639483,0,0.768805,
0.767614,0,0.640912,
0,1,0,
-0.640912,0,0.767614,
0.766419,0,0.642341,
0,1,0,
-0.642341,0,0.766419,
0.76522,0,0.643769,
0,1,0,
-0.643769,0,0.76522,
0.764016,0,0.645197,
0,1,0,
-0.645197,0,0.764016,
0.762808,0,0.646625,
0,1,0,
-0.646625,0,0.762808,
0.761596,0,0.648052,
0,1,0,
-0.648052,0,0.761596,
0.760379,0,0.649479,
0,1,0,
-0.649479,0,0.760379,
0.759159,0,0.650906,
0,1,0,
-0.650906,0,0.759159,
0.757934,0,0.652332,
0,1,0,
-0.652332,0,0.757934,
0.756704,0,0.653757,
0,1,0,
-0.653757,0,0.756704,
0.75547,0,0.655183,
0,1,0,
-0.655183,0,0.75547,
0.754232,0,0.656608,
0,1,0,
-0.656608,0,0.754232,
0.75299,0,0.658032,
0,1,0,
-0.658032,0,0.75299,
0.751743,0,0.659456,
0,1,0,
-0.659456,0,0.751743,
0.750492,0,0.660879,
0,1,0,
-0.660879,0,0.750492,
0.749237,0,0.662302,
0,1,0,
-0.662302,0,0.749237,
0.747977,0,0.663724,
0,1,0,
-0.663724,0,0.747977,
0.746713,0,0.665146,
0,1,0,
-0.665146,0,0.746713,
0.745445,0,0.666567,
0,1,0,
-0.666567,0,0.745445,
0.744172,0,0.667988,
0,1,0,
-0.667988,0,0.744172,
0.742895,0,0.669408,
0,1,0,
-0.669408,0,0.742895,
0.741613,0,0.670828,
0,1,0,
-0.670828,0,0.741613,
0.740327,0,0.672246,
0,1,0,
-0.672246,0,0.740327,
0.739037,0,0.673665,
0,1,0,
-0.673665,0,0.739037,
0.737742,0,0.675082,
0,1,0,
-0.675082,0,0.737742,
0.736443,0,0.676499,
0,1,0,
-0.676499,0,0.736443,
0.73514,0,0.677916,
0,1,0,
-0.677916,0,0.73514,
0.733832,0,0.679331,
0,1,0,
-0.679331,0,0.733832,
0.732519,0,0.680746,
0,1,0,
-0.680746,0,0.732519,
0.731203,0,0.68216,
0,1,0,
-0.68216,0,0.731203,
0.729881,0,0.683574,
0,1,0,
-0.683574,0,0.729881,
0.728556,0,0.684987,
0,1,0,
-0.684987,0,0.728556,
0.727226,0,0.686398,
0,1,0,
-0.686398,0,0.727226,
0.725891,0,0.68781,
0,1,0,
-0.68781,0,0.725891,
0.724552,0,0.68922,
0,1,0,
-0.68922,0,0.724552,
0.723209,0,0.69063,
0,1,0,
-0.69063,0,0.723209,
0.721861,0,0.692038,
0,1,0,
-0.692038,0,0.721861,
0.720508,0,0.693446,
0,1,0,
-0.693446,0,0.720508,
0.719151,0,0.694853,
0,1,0,
-0.694853,0,0.719151,
0.71779,0,0.69626,
0,1,0,
-0.69626,0,0.71779,
0.716424,0,0.697665,
0,1,0,
-0.697665,0,0.716424,
0.715054,0,0.699069,
0,1,0,
-0.699069,0,0.715054,
0.713679,0,0.700473,
0,1,0,
-0.700473,0,0.713679,
0.7123,0,0.701876,
0,1,0,
-0.701876,0,0.7123,
0.710916,0,0.703277,
0,1,0,
-0.703277,0,0.710916,
0.709527,0,0.704678,
0,1,0,
-0.704678,0,0.709527,
0.708134,0,0.706078,
0,1,0,
-0.706078,0,0.708134,
0.706737,0,0.707476,
0,1,0,
-0.707476,0,0.706737,
0.705335,0,0.708874,
0,1,0,
-0.708874,0,0.705335,
0.703929,0,0.710271,
0,1,0,
-0.710271,0,0.703929,
0.702518,0,0.711666,
0,1,0,
-0.711666,0,0.702518,
0.701102,0,0.713061,
0,1,0,
