1,0,0,
0,1,0,
0,0,1,
1,0,0,
0,1,0,
0,0,1,
1,0,0,
0,1,0,
0,0,1,
1,0,0,
0,1,0,
0,0,1,
1,0,0,
0,1,0,
0,0,1,
1,0,0,
0,1,0,
0,0,1,
1,0,0,
0,1,0,
0,0,1,
1,0,0,
0,1,0,
0,0,1,
1,0,0,
0,1,0,
0,0,1,
1,0,0,
0,1,0,
0,0,1,
1,0,0,
0,1,0,
0,0,1,
1,0,0,
0,1,0,
0,0,1,
1,0,0,
0,1,0,
0,0,1,
1,0,0,
0,1,0,
0,0,1,
1,0,0,
0,1,0,
0,0,1,
1,0,0,
0,1,0,
0,0,1,
1,0,0,
0,1,0,
0,0,1,
1,0,0,
0,1,0,
0,0,1,
1,0,0,
0,1,0,
0,0,1,
1,0,0,
0,1,0,
0,0,1,
1,0,0,
0,1,0,
0,0,1,
1,0,0,
0,1,0,
0,0,1,
1,0,0,
0,1,0,
0,0,1,
1,0,0,
0,1,0,
0,0,1,
1,0,0,
0,1,0,
0,0,1,
1,0,0,
0,1,0,
0,0,1,
1,0,0,
0,1,0,
0,0,1,
1,0,0,
0,1,0,
0,0,1,
1,0,0,
0,1,0,
0,0,1,
1,0,0,
0,1,0,
0,0,1,
1,0,0,
0,1,0,
0,0,1,
1,0,0,
0,1,0,
0,0,1,
1,0,0,
0,1,0,
0,0,1,
1,0,0,
0,1,0,
0,0,1,
1,0,0,
0,1,0,
0,0,1,
1,0,0,
0,1,0,
0,0,1,
1,0,0,
0,1,0,
0,0,1,
1,0,0,
0,1,0,
0,0,1,
1,0,0,
0,1,0,
0,0,1,
1,0,0,
0,1,0,
0,0,1,
1,0,0,
0,1,0,
0,0,1,
1,0,0,
0,1,0,
0,0,1,
1,0,0,
0,1,0,
0,0,1,
1,0,0,
0,1,0,
0,0,1,
1,0,0,
0,1,0,
0,0,1,
1,0,0,
0,1,0,
0,0,1,
1,0,0,
0,1,0,
0,0,1,
1,0,0,
0,1,0,
0,0,1,
1,0,0,
0,1,0,
0,0,1,
1,0,0,
0,1,0,
0,0,1,
1,0,0,
0,1,0,
0,0,1,
1,0,0,
0,1,0,
0,0,1,
1,0,0,
0,1,0,
0,0,1,
1,0,0,
0,1,0,
0,0,1,
1,0,0,
0,1,0,
0,0,1,
1,0,0,
0,1,0,
0,0,1,
1,0,0,
0,1,0,
0,0,1,
1,0,0,
0,1,0,
0,0,1,
1,0,0,
0,1,0,
0,0,1,
1,0,0,
0,1,0,
0,0,1,
1,0,0,
0,1,0,
0,0,1,
1,0,0,
0,1,0,
0,0,1,
1,0,0,
0,1,0,
0,0,1,
1,0,0,
0,1,0,
0,0,1,
1,0,0,
0,1,0,
0,0,1,
1,0,0,
0,1,0,
0,0,1,
1,0,0,
0,1,0,
0,0,1,
1,0,0,
0,1,0,
0,0,1,
1,0,0,
0,1,0,
0,0,1,
1,0,0,
0,1,0,
0,0,1,
1,0,0,
0,1,0,
0,0,1,
1,0,0,
0,1,0,
0,0,1,
1,0,0,
0,1,0,
0,0,1,
1,0,0,
0,1,0,
0,0,1,
1,0,0,
0,1,0,
0,0,1,
1,0,0,
0,1,0,
0,0,1,
1,0,0,
0,1,0,
0,0,1,
1,0,0,
0,1,0,
0,0,1,
1,0,0,
0,1,0,
0,0,1,
1,0,0,
0,1,0,
0,0,1,
1,0,0,
0,1,0,
0,0,1,
1,0,0,
0,1,0,
0,0,1,
1,0,0,
0,1,0,
0,0,1,
1,0,0,
0,1,0,
0,0,1,
1,0,0,
0,1,0,
0,0,1,
1,0,0,
0,1,0,
0,0,1,
1,0,0,
0,1,0,
0,0,1,
1,0,0,
0,1,0,
0,0,1,
1,0,0,
0,1,0,
0,0,1,
1,0,0,
0,1,0,
0,0,1,
1,0,0,
0,1,0,
0,0,1,
1,0,0,
0,1,0,
0,0,1,
1,0,0,
0,1,0,
0,0,1,
1,0,0,
0,1,0,
0,0,1,
1,0,0,
0,1,0,
0,0,1,
1,0,0,
0,1,0,
0,0,1,
1,0,0,
0,1,0,
0,0,1,
1,0,0,
0,1,0,
0,0,1,
1,0,0,
0,1,0,
0,0,1,
1,0,0,
0,1,0,
0,0,1,
1,0,0,
0,1,0,
0,0,1,
1,0,0,
0,1,0,
0,0,1,
1,0,0,
0,1,0,
0,0,1,
1,0,0,
0,1,0,
0,0,1,
1,0,0,
0,1,0,
0,0,1,
1,0,0,
0,1,0,
0,0,1,
1,0,0,
0,1,0,
0,0,1,
1,0,0,
0,1,0,
0,0,1,
1,0,0,
0,1,0,
0,0,1,
1,0,0,
0,1,0,
0,0,1,
1,0,0,
0,1,0,
0,0,1,
1,0,0,
0,1,0,
0,0,1,
1,0,0,
0,1,0,
0,0,1,
1,0,0,
0,1,0,
0,0,1,
1,0,0,
0,1,0,
0,0,1,
1,0,0,
0,1,0,
0,0,1,
1,0,0,
0,1,0,
0,0,1,
1,0,0,
0,1,0,
0,0,1,
1,0,0,
0,1,0,
0,0,1,
1,0,0,
0,1,0,
0,0,1,
1,0,0,
0,1,0,
0,0,1,
1,0,0,
0,1,0,
0,0,1,
1,0,0,
0,1,0,
0,0,1,
1,0,0,
0,1,0,
0,0,1,
1,0,0,
0,1,0,
0,0,1,
1,0,0,
0,1,0,
0,0,1,
1,0,0,
0,1,0,
0,0,1,
1,0,0,
0,1,0,
0,0,1,
1,0,0,
0,1,0,
0,0,1,
1,0,0,
0,1,0,
0,0,1,
1,0,0,
0,1,0,
0,0,1,
1,0,0,
0,1,0,
0,0,1,
1,0,0,
0,1,0,
0,0,1,
1,0,0,
0,1,0,
0,0,1,
1,0,0,
0,1,0,
0,0,1,
0.999999,0,-0.00163835,
0,1,0,
0.00163835,0,0.999999,
0.999988,0,-0.00491503,
0,1,0,
0.00491503,0,0.999988,
0.999952,0,-0.00982996,
0,1,0,
0.00982996,0,0.999952,
0.999866,0,-0.0163828,
0,1,0,
0.0163828,0,0.999866,
0.999698,0,-0.0245729,
0,1,0,
0.0245729,0,0.999698,
0.999408,0,-0.0343988,
0,1,0,
0.0343988,0,0.999408,
0.998948,0,-0.0458582,
0,1,0,
0.0458582,0,0.998948,
0.998261,0,-0.0589473,
0,1,0,
0.0589473,0,0.998261,
0.997283,0,-0.0736604,
0,1,0,
0.0736604,0,0.997283,
0.995943,0,-0.0899895,
0,1,0,
0.0899895,0,0.995943,
0.994159,0,-0.107924,
0,1,0,
0.107924,0,0.994159,
0.991845,0,-0.127448,
0,1,0,
0.127448,0,0.991845,
0.988906,0,-0.148544,
0,1,0,
0.148544,0,0.988906,
0.985239,0,-0.171187,
0,1,0,
0.171187,0,0.985239,
0.980734,0,-0.195348,
0,1,0,
0.195348,0,0.980734,
0.975276,0,-0.220989,
0,1,0,
0.220989,0,0.975276,
0.968743,0,-0.248067,
0,1,0,
0.248067,0,0.968743,
0.961006,0,-0.276528,
0,1,0,
0.276528,0,0.961006,
0.951932,0,-0.306308,
0,1,0,
0.306308,0,0.951932,
0.941384,0,-0.337336,
0,1,0,
0.337336,0,0.941384,
0.929221,0,-0.369525,
0,1,0,
0.369525,0,0.929221,
0.915298,0,-0.402777,
0,1,0,
0.402777,0,0.915298,
0.899471,0,-0.436981,
0,1,0,
0.436981,0,0.899471,
0.881593,0,-0.472011,
0,1,0,
0.472011,0,0.881593,
0.86152,0,-0.507724,
0,1,0,
0.507724,0,0.86152,
0.83911,0,-0.543961,
0,1,0,
0.543961,0,0.83911,
0.814227,0,-0.580547,
0,1,0,
0.580547,0,0.814227,
0.786738,0,-0.617287,
0,1,0,
0.617287,0,0.786738,
0.756521,0,-0.65397,
0,1,0,
0.65397,0,0.756521,
0.723463,0,-0.690363,
0,1,0,
0.690363,0,0.723463,
0.687467,0,-0.726216,
0,1,0,
0.726216,0,0.687467,
0.648448,0,-0.761259,
0,1,0,
0.761259,0,0.648448,
0.606342,0,-0.795204,
0,1,0,
0.795204,0,0.606342,
0.561104,0,-0.827745,
0,1,0,
0.827745,0,0.561104,
0.512717,0,-0.858558,
0,1,0,
0.858558,0,0.512717,
0.461186,0,-0.887304,
0,1,0,
0.887304,0,0.461186,
0.40655,0,-0.913628,
0,1,0,
0.913628,0,0.40655,
0.348882,0,-0.937167,
0,1,0,
0.937167,0,0.348882,
0.288288,0,-0.957544,
0,1,0,
0.957544,0,0.288288,
0.224917,0,-0.974378,
0,1,0,
0.974378,0,0.224917,
0.158957,0,-0.987285,
0,1,0,
0.987285,0,0.158957,
0.090645,0,-0.995883,
0,1,0,
0.995883,0,0.090645,
0.0202608,0,-0.999795,
0,1,0,
0.999795,0,0.0202608,
-0.0518644,0,-0.998654,
0,1,0,
0.998654,0,-0.0518644,
-0.12535,0,-0.992113,
0,1,0,
0.992113,0,-0.12535,
-0.199763,0,-0.979844,
0,1,0,
0.979844,0,-0.199763,
-0.27462,0,-0.961553,
0,1,0,
0.961553,0,-0.27462,
-0.349387,0,-0.936979,
0,1,0,
0.936979,0,-0.349387,
-0.423479,0,-0.905906,
0,1,0,
0.905906,0,-0.423479,
-0.496265,0,-0.868171,
0,1,0,
0.868171,0,-0.496265,
-0.56707,0,-0.823669,
0,1,0,
0.823669,0,-0.56707,
-0.63518,0,-0.772364,
0,1,0,
0.772364,0,-0.63518,
-0.699848,0,-0.714292,
0,1,0,
0.714292,0,-0.699848,
-0.760297,0,-0.649575,
0,1,0,
0.649575,0,-0.760297,
-0.815737,0,-0.578423,
0,1,0,
0.578423,0,-0.815737,
-0.865365,0,-0.501142,
0,1,0,
0.501142,0,-0.865365,
-0.908383,0,-0.418139,
0,1,0,
0.418139,0,-0.908383,
-0.944006,0,-0.329928,
0,1,0,
0.329928,0,-0.944006,
-0.971477,0,-0.237133,
0,1,0,
0.237133,0,-0.971477,
-0.990082,0,-0.140488,
0,1,0,
0.140488,0,-0.990082,
-0.999166,0,-0.0408363,
0,1,0,
0.0408363,0,-0.999166,
-0.998146,0,0.0608677,
0,1,0,
-0.0608677,0,-0.998146,
-0.986532,0,0.163567,
0,1,0,
-0.163567,0,-0.986532,
-0.963943,0,0.266108,
0,1,0,
-0.266108,0,-0.963943,
-0.930123,0,0.367247,
0,1,0,
-0.367247,0,-0.930123,
-0.884959,0,0.465669,
0,1,0,
-0.465669,0,-0.884959,
-0.829417,0,0.55863,
0,1,0,
-0.55863,0,-0.829417,
-0.764148,0,0.64504,
0,1,0,
-0.64504,0,-0.764148,
-0.689919,0,0.723886,
0,1,0,
-0.723886,0,-0.689919,
-0.607599,0,0.794244,
0,1,0,
-0.794244,0,-0.607599,
-0.518154,0,0.855287,
0,1,0,
-0.855287,0,-0.518154,
-0.422633,0,0.906301,
0,1,0,
-0.906301,0,-0.422633,
-0.322156,0,0.946687,
0,1,0,
-0.946687,0,-0.322156,
-0.217901,0,0.975971,
0,1,0,
-0.975971,0,-0.217901,
-0.111091,0,0.99381,
0,1,0,
-0.99381,0,-0.111091,
-0.00297774,0,0.999996,
0,1,0,
-0.999996,0,-0.00297774,
0.10517,0,0.994454,
0,1,0,
-0.994454,0,0.10517,
0.212085,0,0.977251,
0,1,0,
-0.977251,0,0.212085,
0.316512,0,0.948588,
0,1,0,
-0.948588,0,0.316512,
0.417228,0,0.908802,
0,1,0,
-0.908802,0,0.417228,
0.513052,0,0.858358,
0,1,0,
-0.858358,0,0.513052,
0.602859,0,0.797848,
0,1,0,
-0.797848,0,0.602859,
0.685596,0,0.727982,
0,1,0,
-0.727982,0,0.685596,
0.760293,0,0.64958,
0,1,0,
-0.64958,0,0.760293,
0.826075,0,0.56356,
0,1,0,
-0.56356,0,0.826075,
0.88217,0,0.470931,
0,1,0,
-0.470931,0,0.88217,
0.92792,0,0.37278,
0,1,0,
-0.37278,0,0.92792,
0.962788,0,0.270257,
0,1,0,
-0.270257,0,0.962788,
0.986366,0,0.164566,
0,1,0,
-0.164566,0,0.986366,
0.998377,0,0.056944,
0,1,0,
-0.056944,0,0.998377,
0.998681,0,-0.0513454,
0,1,0,
0.0513454,0,0.998681,
0.987273,0,-0.159033,
0,1,0,
0.159033,0,0.987273,
0.964288,0,-0.264855,
0,1,0,
0.264855,0,0.964288,
0.929995,0,-0.367571,
0,1,0,
0.367571,0,0.929995,
0.884797,0,-0.465978,
0,1,0,
0.465978,0,0.884797,
0.829222,0,-0.558919,
0,1,0,
0.558919,0,0.829222,
0.763924,0,-0.645307,
0,1,0,
0.645307,0,0.763924,
0.689667,0,-0.724127,
0,1,0,
0.724127,0,0.689667,
0.607322,0,-0.794455,
0,1,0,
0.794455,0,0.607322,
0.517856,0,-0.855468,
0,1,0,
0.855468,0,0.517856,
0.422317,0,-0.906448,
0,1,0,
0.906448,0,0.422317,
0.321826,0,-0.946799,
0,1,0,
0.946799,0,0.321826,
0.217561,0,-0.976047,
0,1,0,
0.976047,0,0.217561,
0.110744,0,-0.993849,
0,1,0,
0.993849,0,0.110744,
0.00262915,0,-0.999997,
0,1,0,
0.999997,0,0.00262915,
-0.105517,0,-0.994418,
0,1,0,
0.994418,0,-0.105517,
-0.212426,0,-0.977177,
0,1,0,
0.977177,0,-0.212426,
-0.316843,0,-0.948478,
0,1,0,
0.948478,0,-0.316843,
-0.417545,0,-0.908656,
0,1,0,
0.908656,0,-0.417545,
-0.513351,0,-0.858179,
0,1,0,
0.858179,0,-0.513351,
-0.603137,0,-0.797638,
0,1,0,
0.797638,0,-0.603137,
-0.68585,0,-0.727743,
0,1,0,
0.727743,0,-0.68585,
-0.76052,0,-0.649315,
0,1,0,
0.649315,0,-0.76052,
-0.826272,0,-0.563272,
0,1,0,
0.563272,0,-0.826272,
-0.882334,0,-0.470624,
0,1,0,
0.470624,0,-0.882334,
-0.92805,0,-0.372457,
0,1,0,
0.372457,0,-0.92805,
-0.962882,0,-0.269922,
0,1,0,
0.269922,0,-0.962882,
-0.986423,0,-0.164222,
0,1,0,
0.164222,0,-0.986423,
-0.998397,0,-0.056596,
0,1,0,
0.056596,0,-0.998397,
-0.998663,0,0.0516935,
0,1,0,
-0.0516935,0,-0.998663,
-0.987218,0,0.159377,
0,1,0,
-0.159377,0,-0.987218,
-0.964196,0,0.265191,
0,1,0,
-0.265191,0,-0.964196,
-0.929867,0,0.367896,
0,1,0,
-0.367896,0,-0.929867,
-0.884634,0,0.466286,
0,1,0,
-0.466286,0,-0.884634,
-0.829027,0,0.559208,
0,1,0,
-0.559208,0,-0.829027,
-0.763699,0,0.645573,
0,1,0,
-0.645573,0,-0.763699,
-0.689414,0,0.724367,
0,1,0,
-0.724367,0,-0.689414,
-0.607046,0,0.794667,
0,1,0,
-0.794667,0,-0.607046,
-0.517558,0,0.855648,
0,1,0,
-0.855648,0,-0.517558,
-0.422001,0,0.906595,
0,1,0,
-0.906595,0,-0.422001,
-0.321496,0,0.946911,
0,1,0,
-0.946911,0,-0.321496,
-0.217221,0,0.976123,
0,1,0,
-0.976123,0,-0.217221,
-0.110398,0,0.993887,
0,1,0,
-0.993887,0,-0.110398,
-0.00228057,0,0.999997,
0,1,0,
-0.999997,0,-0.00228057,
0.105863,0,0.994381,
0,1,0,
-0.994381,0,0.105863,
0.212766,0,0.977103,
0,1,0,
-0.977103,0,0.212766,
0.317174,0,0.948367,
0,1,0,
-0.948367,0,0.317174,
0.417862,0,0.908511,
0,1,0,
-0.908511,0,0.417862,
0.51365,0,0.858,
0,1,0,
-0.858,0,0.51365,
0.603415,0,0.797428,
0,1,0,
-0.797428,0,0.603415,
0.686103,0,0.727504,
0,1,0,
-0.727504,0,0.686103,
0.760746,0,0.64905,
0,1,0,
-0.64905,0,0.760746,
0.826468,0,0.562984,
0,1,0,
-0.562984,0,0.826468,
0.882498,0,0.470316,
0,1,0,
-0.470316,0,0.882498,
0.928179,0,0.372133,
0,1,0,
-0.372133,0,0.928179,
0.962976,0,0.269586,
0,1,0,
-0.269586,0,0.962976,
0.986481,0,0.163878,
0,1,0,
-0.163878,0,0.986481,
0.998417,0,0.056248,
0,1,0,
-0.056248,0,0.998417,
0.998645,0,-0.0520416,
0,1,0,
0.0520416,0,0.998645,
0.987162,0,-0.159721,
0,1,0,
0.159721,0,0.987162,
0.964103,0,-0.265527,
0,1,0,
0.265527,0,0.964103,
0.929739,0,-0.36822,
0,1,0,
0.36822,0,0.929739,
0.884471,0,-0.466594,
0,1,0,
0.466594,0,0.884471,
0.828832,0,-0.559497,
0,1,0,
0.559497,0,0.828832,
0.763473,0,-0.645839,
0,1,0,
0.645839,0,0.763473,
0.689162,0,-0.724608,
0,1,0,
0.724608,0,0.689162,
0.606768,0,-0.794879,
0,1,0,
0.794879,0,0.606768,
0.51726,0,-0.855828,
0,1,0,
0.855828,0,0.51726,
0.421685,0,-0.906742,
0,1,0,
0.906742,0,0.421685,
0.321166,0,-0.947023,
0,1,0,
0.947023,0,0.321166,
0.21688,0,-0.976198,
0,1,0,
0.976198,0,0.21688,
0.110051,0,-0.993926,
0,1,0,
0.993926,0,0.110051,
0.00193199,0,-0.999998,
0,1,0,
0.999998,0,0.00193199,
-0.10621,0,-0.994344,
0,1,0,
0.994344,0,-0.10621,
-0.213107,0,-0.977029,
0,1,0,
0.977029,0,-0.213107,
-0.317504,0,-0.948257,
0,1,0,
0.948257,0,-0.317504,
-0.418179,0,-0.908365,
0,1,0,
0.908365,0,-0.418179,
-0.513949,0,-0.857821,
0,1,0,
0.857821,0,-0.513949,
-0.603693,0,-0.797217,
0,1,0,
0.797217,0,-0.603693,
-0.686357,0,-0.727265,
0,1,0,
0.727265,0,-0.686357,
-0.760972,0,-0.648784,
0,1,0,
0.648784,0,-0.760972,
-0.826664,0,-0.562696,
0,1,0,
0.562696,0,-0.826664,
-0.882662,0,-0.470008,
0,1,0,
0.470008,0,-0.882662,
-0.928309,0,-0.371809,
0,1,0,
0.371809,0,-0.928309,
-0.96307,0,-0.26925,
0,1,0,
0.26925,0,-0.96307,
-0.986538,0,-0.163534,
0,1,0,
0.163534,0,-0.986538,
-0.998436,0,-0.0558999,
0,1,0,
0.0558999,0,-0.998436,
-0.998627,0,0.0523897,
0,1,0,
-0.0523897,0,-0.998627,
-0.987106,0,0.160065,
0,1,0,
-0.160065,0,-0.987106,
-0.964011,0,0.265863,
0,1,0,
-0.265863,0,-0.964011,
-0.92961,0,0.368544,
0,1,0,
-0.368544,0,-0.92961,
-0.884309,0,0.466903,
0,1,0,
-0.466903,0,-0.884309,
-0.828637,0,0.559786,
0,1,0,
-0.559786,0,-0.828637,
-0.763248,0,0.646105,
0,1,0,
-0.646105,0,-0.763248,
-0.688909,0,0.724848,
0,1,0,
-0.724848,0,-0.688909,
-0.606491,0,0.79509,
0,1,0,
-0.79509,0,-0.606491,
-0.516961,0,0.856009,
0,1,0,
-0.856009,0,-0.516961,
-0.421369,0,0.906889,
0,1,0,
-0.906889,0,-0.421369,
-0.320836,0,0.947135,
0,1,0,
-0.947135,0,-0.320836,
-0.21654,0,0.976274,
0,1,0,
-0.976274,0,-0.21654,
-0.109705,0,0.993964,
0,1,0,
-0.993964,0,-0.109705,
-0.00158341,0,0.999999,
0,1,0,
-0.999999,0,-0.00158341,
0.106557,0,0.994307,
0,1,0,
-0.994307,0,0.106557,
0.213447,0,0.976955,
0,1,0,
-0.976955,0,0.213447,
0.317835,0,0.948146,
0,1,0,
-0.948146,0,0.317835,
0.418495,0,0.908219,
0,1,0,
-0.908219,0,0.418495,
0.514248,0,0.857642,
0,1,0,
-0.857642,0,0.514248,
0.60397,0,0.797007,
0,1,0,
-0.797007,0,0.60397,
0.68661,0,0.727026,
0,1,0,
-0.727026,0,0.68661,
0.761198,0,0.648519,
0,1,0,
-0.648519,0,0.761198,
0.82686,0,0.562407,
0,1,0,
-0.562407,0,0.82686,
0.882826,0,0.469701,
0,1,0,
-0.469701,0,0.882826,
0.928439,0,0.371486,
0,1,0,
-0.371486,0,0.928439,
0.963164,0,0.268915,
0,1,0,
-0.268915,0,0.963164,
0.986595,0,0.16319,
0,1,0,
-0.16319,0,0.986595,
0.998456,0,0.0555519,
0,1,0,
-0.0555519,0,0.998456,
0.998608,0,-0.0527378,
0,1,0,
0.0527378,0,0.998608,
0.987051,0,-0.160409,
0,1,0,
0.160409,0,0.987051,
0.963918,0,-0.266199,
0,1,0,
0.266199,0,0.963918,
0.929482,0,-0.368868,
0,1,0,
0.368868,0,0.929482,
0.884146,0,-0.467211,
0,1,0,
0.467211,0,0.884146,
0.828442,0,-0.560075,
0,1,0,
0.560075,0,0.828442,
0.763023,0,-0.646371,
0,1,0,
0.646371,0,0.763023,
0.688656,0,-0.725088,
0,1,0,
0.725088,0,0.688656,
0.606214,0,-0.795301,
0,1,0,
0.795301,0,0.606214,
0.516663,0,-0.856189,
0,1,0,
0.856189,0,0.516663,
0.421053,0,-0.907036,
0,1,0,
0.907036,0,0.421053,
0.320506,0,-0.947247,
0,1,0,
0.947247,0,0.320506,
0.2162,0,-0.976349,
0,1,0,
0.976349,0,0.2162,
0.109358,0,-0.994002,
0,1,0,
0.994002,0,0.109358,
0.00123482,0,-0.999999,
0,1,0,
0.999999,0,0.00123482,
-0.106903,0,-0.994269,
0,1,0,
0.994269,0,-0.106903,
-0.213788,0,-0.97688,
0,1,0,
0.97688,0,-0.213788,
-0.318165,0,-0.948035,
0,1,0,
0.948035,0,-0.318165,
-0.418812,0,-0.908073,
0,1,0,
0.908073,0,-0.418812,
-0.514547,0,-0.857462,
0,1,0,
0.857462,0,-0.514547,
-0.604248,0,-0.796796,
0,1,0,
0.796796,0,-0.604248,
-0.686864,0,-0.726786,
0,1,0,
0.726786,0,-0.686864,
-0.761424,0,-0.648254,
0,1,0,
0.648254,0,-0.761424,
-0.827056,0,-0.562119,
0,1,0,
0.562119,0,-0.827056,
-0.882989,0,-0.469393,
0,1,0,
0.469393,0,-0.882989,
-0.928568,0,-0.371162,
0,1,0,
0.371162,0,-0.928568,
-0.963258,0,-0.268579,
0,1,0,
0.268579,0,-0.963258,
-0.986651,0,-0.162846,
0,1,0,
0.162846,0,-0.986651,
-0.998475,0,-0.0552039,
0,1,0,
0.0552039,0,-0.998475,
-0.99859,0,0.0530859,
0,1,0,
-0.0530859,0,-0.99859,
-0.986995,0,0.160753,
0,1,0,
-0.160753,0,-0.986995,
-0.963825,0,0.266535,
0,1,0,
-0.266535,0,-0.963825,
-0.929353,0,0.369192,
0,1,0,
-0.369192,0,-0.929353,
-0.883983,0,0.467519,
0,1,0,
-0.467519,0,-0.883983,
-0.828247,0,0.560364,
0,1,0,
-0.560364,0,-0.828247,
-0.762798,0,0.646637,
0,1,0,
-0.646637,0,-0.762798,
-0.688404,0,0.725328,
0,1,0,
-0.725328,0,-0.688404,
-0.605937,0,0.795513,
0,1,0,
-0.795513,0,-0.605937,
-0.516365,0,0.856369,
0,1,0,
-0.856369,0,-0.516365,
-0.420737,0,0.907183,
0,1,0,
-0.907183,0,-0.420737,
-0.320175,0,0.947358,
0,1,0,
-0.947358,0,-0.320175,
-0.215859,0,0.976424,
0,1,0,
-0.976424,0,-0.215859,
-0.109012,0,0.99404,
0,1,0,
-0.99404,0,-0.109012,
-0.000886242,0,1,
0,1,0,
-1,0,-0.000886242,
0.10725,0,0.994232,
0,1,0,
-0.994232,0,0.10725,
0.214128,0,0.976806,
0,1,0,
-0.976806,0,0.214128,
0.318496,0,0.947924,
0,1,0,
-0.947924,0,0.318496,
0.419128,0,0.907927,
0,1,0,
-0.907927,0,0.419128,
0.514846,0,0.857283,
0,1,0,
-0.857283,0,0.514846,
0.604526,0,0.796585,
0,1,0,
-0.796585,0,0.604526,
0.687117,0,0.726547,
0,1,0,
-0.726547,0,0.687117,
0.76165,0,0.647988,
0,1,0,
-0.647988,0,0.76165,
0.827252,0,0.561831,
0,1,0,
-0.561831,0,0.827252,
0.883153,0,0.469085,
0,1,0,
-0.469085,0,0.883153,
0.928697,0,0.370839,
0,1,0,
-0.370839,0,0.928697,
0.963351,0,0.268243,
0,1,0,
-0.268243,0,0.963351,
0.986708,0,0.162502,
0,1,0,
-0.162502,0,0.986708,
0.998494,0,0.0548558,
0,1,0,
-0.0548558,0,0.998494,
0.998571,0,-0.053434,
0,1,0,
0.053434,0,0.998571,
0.986939,0,-0.161097,
0,1,0,
0.161097,0,0.986939,
0.963732,0,-0.266871,
0,1,0,
0.266871,0,0.963732,
0.929224,0,-0.369516,
0,1,0,
0.369516,0,0.929224,
0.88382,0,-0.467827,
0,1,0,
0.467827,0,0.88382,
0.828051,0,-0.560652,
0,1,0,
0.560652,0,0.828051,
0.762572,0,-0.646903,
0,1,0,
0.646903,0,0.762572,
0.688151,0,-0.725568,
0,1,0,
0.725568,0,0.688151,
0.60566,0,-0.795724,
0,1,0,
0.795724,0,0.60566,
0.516066,0,-0.856549,
0,1,0,
0.856549,0,0.516066,
0.420421,0,-0.907329,
0,1,0,
0.907329,0,0.420421,
0.319845,0,-0.94747,
0,1,0,
0.94747,0,0.319845,
0.215519,0,-0.9765,
0,1,0,
0.9765,0,0.215519,
0.108665,0,-0.994078,
0,1,0,
0.994078,0,0.108665,
0.000537659,0,-1,
0,1,0,
1,0,0.000537659,
-0.107596,0,-0.994195,
0,1,0,
0.994195,0,-0.107596,
-0.214469,0,-0.976731,
0,1,0,
0.976731,0,-0.214469,
-0.318826,0,-0.947813,
0,1,0,
0.947813,0,-0.318826,
-0.419445,0,-0.907781,
0,1,0,
0.907781,0,-0.419445,
-0.515145,0,-0.857103,
0,1,0,
0.857103,0,-0.515145,
-0.604804,0,-0.796375,
0,1,0,
0.796375,0,-0.604804,
-0.68737,0,-0.726307,
0,1,0,
0.726307,0,-0.68737,
-0.761876,0,-0.647723,
0,1,0,
0.647723,0,-0.761876,
-0.827448,0,-0.561542,
0,1,0,
0.561542,0,-0.827448,
-0.883316,0,-0.468777,
0,1,0,
0.468777,0,-0.883316,
-0.928827,0,-0.370515,
0,1,0,
0.370515,0,-0.928827,
-0.963445,0,-0.267907,
0,1,0,
0.267907,0,-0.963445,
-0.986765,0,-0.162158,
0,1,0,
0.162158,0,-0.986765,
-0.998513,0,-0.0545077,
0,1,0,
0.0545077,0,-0.998513,
-0.998553,0,0.0537821,
0,1,0,
-0.0537821,0,-0.998553,
-0.986882,0,0.161441,
0,1,0,
-0.161441,0,-0.986882,
-0.963639,0,0.267207,
0,1,0,
-0.267207,0,-0.963639,
-0.929096,0,0.36984,
0,1,0,
-0.36984,0,-0.929096,
-0.883657,0,0.468135,
0,1,0,
-0.468135,0,-0.883657,
-0.827856,0,0.560941,
0,1,0,
-0.560941,0,-0.827856,
-0.762347,0,0.647169,
0,1,0,
-0.647169,0,-0.762347,
-0.687898,0,0.725808,
0,1,0,
-0.725808,0,-0.687898,
-0.605382,0,0.795935,
0,1,0,
-0.795935,0,-0.605382,
-0.515767,0,0.856729,
0,1,0,
-0.856729,0,-0.515767,
-0.420104,0,0.907476,
0,1,0,
-0.907476,0,-0.420104,
-0.319515,0,0.947581,
0,1,0,
-0.947581,0,-0.319515,
-0.215179,0,0.976575,
0,1,0,
-0.976575,0,-0.215179,
-0.108319,0,0.994116,
0,1,0,
-0.994116,0,-0.108319,
-0.000189076,0,1,
0,1,0,
-1,0,-0.000189076,
0.107943,0,0.994157,
0,1,0,
-0.994157,0,0.107943,
0.214809,0,0.976656,
0,1,0,
-0.976656,0,0.214809,
0.319157,0,0.947702,
0,1,0,
-0.947702,0,0.319157,
0.419761,0,0.907635,
0,1,0,
-0.907635,0,0.419761,
0.515443,0,0.856924,
0,1,0,
-0.856924,0,0.515443,
0.605081,0,0.796164,
0,1,0,
-0.796164,0,0.605081,
0.687623,0,0.726068,
0,1,0,
-0.726068,0,0.687623,
0.762102,0,0.647457,
0,1,0,
-0.647457,0,0.762102,
0.827644,0,0.561254,
0,1,0,
-0.561254,0,0.827644,
0.88348,0,0.468469,
0,1,0,
-0.468469,0,0.88348,
0.928956,0,0.370191,
0,1,0,
-0.370191,0,0.928956,
0.963538,0,0.267572,
0,1,0,
-0.267572,0,0.963538,
0.986821,0,0.161814,
0,1,0,
-0.161814,0,0.986821,
0.998532,0,0.0541597,
0,1,0,
-0.0541597,0,0.998532,
0.998534,0,-0.0541301,
0,1,0,
0.0541301,0,0.998534,
0.986826,0,-0.161785,
0,1,0,
0.161785,0,0.986826,
0.963546,0,-0.267543,
0,1,0,
0.267543,0,0.963546,
0.928967,0,-0.370164,
0,1,0,
0.370164,0,0.928967,
0.883494,0,-0.468443,
0,1,0,
0.468443,0,0.883494,
0.82766,0,-0.56123,
0,1,0,
0.56123,0,0.82766,
0.762121,0,-0.647435,
0,1,0,
0.647435,0,0.762121,
0.687645,0,-0.726047,
0,1,0,
0.726047,0,0.687645,
0.605105,0,-0.796146,
0,1,0,
0.796146,0,0.605105,
0.515469,0,-0.856908,
0,1,0,
0.856908,0,0.515469,
0.419788,0,-0.907622,
0,1,0,
0.907622,0,0.419788,
0.319185,0,-0.947693,
0,1,0,
0.947693,0,0.319185,
0.214838,0,-0.97665,
0,1,0,
0.97665,0,0.214838,
0.107972,0,-0.994154,
0,1,0,
0.994154,0,0.107972,
-0.000159507,0,-1,
0,1,0,
1,0,-0.000159507,
-0.10829,0,-0.994119,
0,1,0,
0.994119,0,-0.10829,
-0.21515,0,-0.976581,
0,1,0,
0.976581,0,-0.21515,
-0.319487,0,-0.947591,
0,1,0,
0.947591,0,-0.319487,
-0.420077,0,-0.907488,
0,1,0,
0.907488,0,-0.420077,
-0.515742,0,-0.856744,
0,1,0,
0.856744,0,-0.515742,
-0.605359,0,-0.795953,
0,1,0,
0.795953,0,-0.605359,
-0.687876,0,-0.725828,
0,1,0,
0.725828,0,-0.687876,
-0.762328,0,-0.647191,
0,1,0,
0.647191,0,-0.762328,
-0.827839,0,-0.560965,
0,1,0,
0.560965,0,-0.827839,
-0.883643,0,-0.468161,
0,1,0,
0.468161,0,-0.883643,
-0.929085,0,-0.369867,
0,1,0,
0.369867,0,-0.929085,
-0.963631,0,-0.267236,
0,1,0,
0.267236,0,-0.963631,
-0.986878,0,-0.16147,
0,1,0,
0.16147,0,-0.986878,
-0.998551,0,-0.0538116,
0,1,0,
0.0538116,0,-0.998551,
-0.998515,0,0.0544782,
0,1,0,
-0.0544782,0,-0.998515,
-0.98677,0,0.162129,
0,1,0,
-0.162129,0,-0.98677,
-0.963453,0,0.267879,
0,1,0,
-0.267879,0,-0.963453,
-0.928838,0,0.370487,
0,1,0,
-0.370487,0,-0.928838,
-0.88333,0,0.468751,
0,1,0,
-0.468751,0,-0.88333,
-0.827465,0,0.561518,
0,1,0,
-0.561518,0,-0.827465,
-0.761895,0,0.6477,
0,1,0,
-0.6477,0,-0.761895,
-0.687392,0,0.726287,
0,1,0,
-0.726287,0,-0.687392,
-0.604827,0,0.796357,
0,1,0,
-0.796357,0,-0.604827,
-0.51517,0,0.857088,
0,1,0,
-0.857088,0,-0.51517,
-0.419472,0,0.907768,
0,1,0,
-0.907768,0,-0.419472,
-0.318854,0,0.947804,
0,1,0,
-0.947804,0,-0.318854,
-0.214498,0,0.976724,
0,1,0,
-0.976724,0,-0.214498,
-0.107626,0,0.994191,
0,1,0,
-0.994191,0,-0.107626,
0.00050809,0,1,
0,1,0,
-1,0,0.00050809,
0.108636,0,0.994082,
0,1,0,
-0.994082,0,0.108636,
0.21549,0,0.976506,
0,1,0,
-0.976506,0,0.21549,
0.319817,0,0.947479,
0,1,0,
-0.947479,0,0.319817,
0.420394,0,0.907342,
0,1,0,
-0.907342,0,0.420394,
0.516041,0,0.856564,
0,1,0,
-0.856564,0,0.516041,
0.605636,0,0.795742,
0,1,0,
-0.795742,0,0.605636,
0.688129,0,0.725588,
0,1,0,
-0.725588,0,0.688129,
0.762553,0,0.646926,
0,1,0,
-0.646926,0,0.762553,
0.828035,0,0.560677,
0,1,0,
-0.560677,0,0.828035,
0.883806,0,0.467853,
0,1,0,
-0.467853,0,0.883806,
0.929214,0,0.369543,
0,1,0,
-0.369543,0,0.929214,
0.963724,0,0.2669,
0,1,0,
-0.2669,0,0.963724,
0.986934,0,0.161126,
0,1,0,
-0.161126,0,0.986934,
0.99857,0,0.0534635,
0,1,0,
-0.0534635,0,0.99857,
0.998496,0,-0.0548263,
0,1,0,
0.0548263,0,0.998496,
0.986713,0,-0.162473,
0,1,0,
0.162473,0,0.986713,
0.963359,0,-0.268215,
0,1,0,
0.268215,0,0.963359,
0.928708,0,-0.370811,
0,1,0,
0.370811,0,0.928708,
0.883167,0,-0.469059,
0,1,0,
0.469059,0,0.883167,
0.827269,0,-0.561806,
0,1,0,
0.561806,0,0.827269,
0.761669,0,-0.647966,
0,1,0,
0.647966,0,0.761669,
0.687138,0,-0.726527,
0,1,0,
0.726527,0,0.687138,
0.604549,0,-0.796568,
0,1,0,
0.796568,0,0.604549,
0.514871,0,-0.857268,
0,1,0,
0.857268,0,0.514871,
0.419155,0,-0.907915,
0,1,0,
0.907915,0,0.419155,
0.318524,0,-0.947915,
0,1,0,
0.947915,0,0.318524,
0.214157,0,-0.976799,
0,1,0,
0.976799,0,0.214157,
0.107279,0,-0.994229,
0,1,0,
0.994229,0,0.107279,
-0.000856672,0,-1,
0,1,0,
1,0,-0.000856672,
-0.108983,0,-0.994044,
0,1,0,
0.994044,0,-0.108983,
-0.21583,0,-0.976431,
0,1,0,
0.976431,0,-0.21583,
-0.320147,0,-0.947368,
0,1,0,
0.947368,0,-0.320147,
-0.42071,0,-0.907195,
0,1,0,
0.907195,0,-0.42071,
-0.516339,0,-0.856384,
0,1,0,
0.856384,0,-0.516339,
-0.605913,0,-0.795531,
0,1,0,
0.795531,0,-0.605913,
-0.688382,0,-0.725348,
0,1,0,
0.725348,0,-0.688382,
-0.762779,0,-0.64666,
0,1,0,
0.64666,0,-0.762779,
-0.82823,0,-0.560388,
0,1,0,
0.560388,0,-0.82823,
-0.883969,0,-0.467545,
0,1,0,
0.467545,0,-0.883969,
-0.929342,0,-0.369219,
0,1,0,
0.369219,0,-0.929342,
-0.963817,0,-0.266564,
0,1,0,
0.266564,0,-0.963817,
-0.98699,0,-0.160782,
0,1,0,
0.160782,0,-0.98699,
-0.998588,0,-0.0531154,
0,1,0,
0.0531154,0,-0.998588,
-0.998477,0,0.0551743,
0,1,0,
-0.0551743,0,-0.998477,
-0.986656,0,0.162817,
0,1,0,
-0.162817,0,-0.986656,
-0.963266,0,0.268551,
0,1,0,
-0.268551,0,-0.963266,
-0.928579,0,0.371135,
0,1,0,
-0.371135,0,-0.928579,
-0.883003,0,0.469367,
0,1,0,
-0.469367,0,-0.883003,
-0.827073,0,0.562095,
0,1,0,
-0.562095,0,-0.827073,
-0.761444,0,0.648231,
0,1,0,
-0.648231,0,-0.761444,
-0.686885,0,0.726766,
0,1,0,
-0.726766,0,-0.686885,
-0.604272,0,0.796778,
0,1,0,
-0.796778,0,-0.604272,
-0.514572,0,0.857447,
0,1,0,
-0.857447,0,-0.514572,
-0.418839,0,0.908061,
0,1,0,
-0.908061,0,-0.418839,
-0.318193,0,0.948026,
0,1,0,
-0.948026,0,-0.318193,
-0.213817,0,0.976874,
0,1,0,
-0.976874,0,-0.213817,
-0.106933,0,0.994266,
0,1,0,
-0.994266,0,-0.106933,
0.00120526,0,0.999999,
0,1,0,
-0.999999,0,0.00120526,
0.109329,0,0.994006,
0,1,0,
-0.994006,0,0.109329,
0.216171,0,0.976356,
0,1,0,
-0.976356,0,0.216171,
0.320478,0,0.947256,
0,1,0,
-0.947256,0,0.320478,
0.421026,0,0.907048,
0,1,0,
-0.907048,0,0.421026,
0.516638,0,0.856204,
0,1,0,
-0.856204,0,0.516638,
0.606191,0,0.795319,
0,1,0,
-0.795319,0,0.606191,
0.688635,0,0.725108,
0,1,0,
-0.725108,0,0.688635,
0.763004,0,0.646394,
0,1,0,
-0.646394,0,0.763004,
0.828425,0,0.560099,
0,1,0,
-0.560099,0,0.828425,
0.884132,0,0.467237,
0,1,0,
-0.467237,0,0.884132,
0.929471,0,0.368895,
0,1,0,
-0.368895,0,0.929471,
0.96391,0,0.266228,
0,1,0,
-0.266228,0,0.96391,
0.987046,0,0.160438,
0,1,0,
-0.160438,0,0.987046,
0.998607,0,0.0527673,
0,1,0,
-0.0527673,0,0.998607,
0.998457,0,-0.0555224,
0,1,0,
0.0555224,0,0.998457,
0.986599,0,-0.163161,
0,1,0,
0.163161,0,0.986599,
0.963172,0,-0.268886,
0,1,0,
0.268886,0,0.963172,
0.92845,0,-0.371458,
0,1,0,
0.371458,0,0.92845,
0.88284,0,-0.469675,
0,1,0,
0.469675,0,0.88284,
0.826877,0,-0.562383,
0,1,0,
0.562383,0,0.826877,
0.761218,0,-0.648497,
0,1,0,
0.648497,0,0.761218,
0.686632,0,-0.727005,
0,1,0,
0.727005,0,0.686632,
0.603994,0,-0.796989,
0,1,0,
0.796989,0,0.603994,
0.514273,0,-0.857626,
0,1,0,
0.857626,0,0.514273,
0.418522,0,-0.908207,
0,1,0,
0.908207,0,0.418522,
0.317863,0,-0.948137,
0,1,0,
0.948137,0,0.317863,
0.213476,0,-0.976948,
0,1,0,
0.976948,0,0.213476,
0.106586,0,-0.994303,
0,1,0,
0.994303,0,0.106586,
-0.00155384,0,-0.999999,
0,1,0,
0.999999,0,-0.00155384,
-0.109676,0,-0.993967,
0,1,0,
0.993967,0,-0.109676,
-0.216511,0,-0.97628,
0,1,0,
0.97628,0,-0.216511,
-0.320808,0,-0.947144,
0,1,0,
0.947144,0,-0.320808,
-0.421342,0,-0.906902,
0,1,0,
0.906902,0,-0.421342,
-0.516936,0,-0.856024,
0,1,0,
0.856024,0,-0.516936,
-0.606468,0,-0.795108,
0,1,0,
0.795108,0,-0.606468,
-0.688888,0,-0.724868,
0,1,0,
0.724868,0,-0.688888,
-0.763229,0,-0.646128,
0,1,0,
0.646128,0,-0.763229,
-0.828621,0,-0.559811,
0,1,0,
0.559811,0,-0.828621,
-0.884295,0,-0.466929,
0,1,0,
0.466929,0,-0.884295,
-0.929599,0,-0.368571,
0,1,0,
0.368571,0,-0.929599,
-0.964003,0,-0.265892,
0,1,0,
0.265892,0,-0.964003,
-0.987102,0,-0.160094,
0,1,0,
0.160094,0,-0.987102,
-0.998625,0,-0.0524192,
0,1,0,
0.0524192,0,-0.998625,
-0.998438,0,0.0558704,
0,1,0,
-0.0558704,0,-0.998438,
-0.986543,0,0.163505,
0,1,0,
-0.163505,0,-0.986543,
-0.963078,0,0.269222,
0,1,0,
-0.269222,0,-0.963078,
-0.92832,0,0.371782,
0,1,0,
-0.371782,0,-0.92832,
-0.882676,0,0.469982,
0,1,0,
-0.469982,0,-0.882676,
-0.826681,0,0.562671,
0,1,0,
-0.562671,0,-0.826681,
-0.760991,0,0.648762,
0,1,0,
-0.648762,0,-0.760991,
-0.686378,0,0.727245,
0,1,0,
-0.727245,0,-0.686378,
-0.603716,0,0.797199,
0,1,0,
-0.797199,0,-0.603716,
-0.513974,0,0.857806,
0,1,0,
-0.857806,0,-0.513974,
-0.418205,0,0.908352,
0,1,0,
-0.908352,0,-0.418205,
-0.317532,0,0.948247,
0,1,0,
-0.948247,0,-0.317532,
-0.213136,0,0.977023,
0,1,0,
-0.977023,0,-0.213136,
-0.10624,0,0.994341,
0,1,0,
-0.994341,0,-0.10624,
0.00190242,0,0.999998,
0,1,0,
-0.999998,0,0.00190242,
0.110022,0,0.993929,
0,1,0,
-0.993929,0,0.110022,
0.216851,0,0.976205,
0,1,0,
-0.976205,0,0.216851,
0.321138,0,0.947032,
0,1,0,
-0.947032,0,0.321138,
0.421659,0,0.906755,
0,1,0,
-0.906755,0,0.421659,
0.517234,0,0.855844,
0,1,0,
-0.855844,0,0.517234,
0.606745,0,0.794897,
0,1,0,
-0.794897,0,0.606745,
0.68914,0,0.724628,
0,1,0,
-0.724628,0,0.68914,
0.763454,0,0.645862,
0,1,0,
-0.645862,0,0.763454,
0.828816,0,0.559522,
0,1,0,
-0.559522,0,0.828816,
0.884458,0,0.46662,
0,1,0,
-0.46662,0,0.884458,
0.929728,0,0.368247,
0,1,0,
-0.368247,0,0.929728,
0.964096,0,0.265556,
0,1,0,
-0.265556,0,0.964096,
0.987157,0,0.15975,
0,1,0,
-0.15975,0,0.987157,
0.998643,0,0.0520711,
0,1,0,
-0.0520711,0,0.998643,
0.998418,0,-0.0562185,
0,1,0,
0.0562185,0,0.998418,
0.986485,0,-0.163849,
0,1,0,
0.163849,0,0.986485,
0.962984,0,-0.269558,
0,1,0,
0.269558,0,0.962984,
0.92819,0,-0.372106,
0,1,0,
0.372106,0,0.92819,
0.882512,0,-0.47029,
0,1,0,
0.47029,0,0.882512,
0.826485,0,-0.562959,
0,1,0,
0.562959,0,0.826485,
0.760765,0,-0.649027,
0,1,0,
0.649027,0,0.760765,
0.686125,0,-0.727484,
0,1,0,
0.727484,0,0.686125,
0.603438,0,-0.79741,
0,1,0,
0.79741,0,0.603438,
0.513675,0,-0.857985,
0,1,0,
0.857985,0,0.513675,
0.417889,0,-0.908498,
0,1,0,
0.908498,0,0.417889,
0.317202,0,-0.948358,
0,1,0,
0.948358,0,0.317202,
0.212795,0,-0.977097,
0,1,0,
0.977097,0,0.212795,
0.105893,0,-0.994378,
0,1,0,
0.994378,0,0.105893,
-0.002251,0,-0.999997,
0,1,0,
0.999997,0,-0.002251,
-0.110368,0,-0.993891,
0,1,0,
0.993891,0,-0.110368,
-0.217192,0,-0.976129,
0,1,0,
0.976129,0,-0.217192,
-0.321468,0,-0.94692,
0,1,0,
0.94692,0,-0.321468,
-0.421975,0,-0.906608,
0,1,0,
0.906608,0,-0.421975,
-0.517533,0,-0.855663,
0,1,0,
0.855663,0,-0.517533,
-0.607022,0,-0.794685,
0,1,0,
0.794685,0,-0.607022,
-0.689393,0,-0.724388,
0,1,0,
0.724388,0,-0.689393,
-0.763679,0,-0.645596,
0,1,0,
0.645596,0,-0.763679,
-0.829011,0,-0.559233,
0,1,0,
0.559233,0,-0.829011,
-0.88462,0,-0.466312,
0,1,0,
0.466312,0,-0.88462,
-0.929856,0,-0.367923,
0,1,0,
0.367923,0,-0.929856,
-0.964188,0,-0.26522,
0,1,0,
0.26522,0,-0.964188,
-0.987213,0,-0.159406,
0,1,0,
0.159406,0,-0.987213,
-0.998661,0,-0.051723,
0,1,0,
0.051723,0,-0.998661,
-0.998399,0,0.0565665,
0,1,0,
-0.0565665,0,-0.998399,
-0.986428,0,0.164193,
0,1,0,
-0.164193,0,-0.986428,
-0.96289,0,0.269893,
0,1,0,
-0.269893,0,-0.96289,
-0.928061,0,0.372429,
0,1,0,
-0.372429,0,-0.928061,
-0.882348,0,0.470598,
0,1,0,
-0.470598,0,-0.882348,
-0.826288,0,0.563247,
0,1,0,
-0.563247,0,-0.826288,
-0.760539,0,0.649292,
0,1,0,
-0.649292,0,-0.760539,
-0.685871,0,0.727723,
0,1,0,
-0.727723,0,-0.685871,
-0.60316,0,0.79762,
0,1,0,
-0.79762,0,-0.60316,
-0.513376,0,0.858164,
0,1,0,
-0.858164,0,-0.513376,
-0.417572,0,0.908644,
0,1,0,
-0.908644,0,-0.417572,
-0.316871,0,0.948469,
0,1,0,
-0.948469,0,-0.316871,
-0.212454,0,0.977171,
0,1,0,
-0.977171,0,-0.212454,
-0.105546,0,0.994414,
0,1,0,
-0.994414,0,-0.105546,
0.00259958,0,0.999997,
0,1,0,
-0.999997,0,0.00259958,
0.110715,0,0.993852,
0,1,0,
-0.993852,0,0.110715,
0.217532,0,0.976053,
0,1,0,
-0.976053,0,0.217532,
0.321798,0,0.946808,
0,1,0,
-0.946808,0,0.321798,
0.422291,0,0.906461,
0,1,0,
-0.906461,0,0.422291,
0.517831,0,0.855483,
0,1,0,
-0.855483,0,0.517831,
0.607299,0,0.794473,
0,1,0,
-0.794473,0,0.607299,
0.689645,0,0.724147,
0,1,0,
-0.724147,0,0.689645,
0.763904,0,0.645329,
0,1,0,
-0.645329,0,0.763904,
0.829206,0,0.558944,
0,1,0,
-0.558944,0,0.829206,
0.884783,0,0.466004,
0,1,0,
-0.466004,0,0.884783,
0.929984,0,0.367599,
0,1,0,
-0.367599,0,0.929984,
0.96428,0,0.264884,
0,1,0,
-0.264884,0,0.96428,
0.987269,0,0.159062,
0,1,0,
-0.159062,0,0.987269,
0.998679,0,0.0513749,
0,1,0,
-0.0513749,0,0.998679,
0.998379,0,-0.0569145,
0,1,0,
0.0569145,0,0.998379,
0.986371,0,-0.164536,
0,1,0,
0.164536,0,0.986371,
0.962796,0,-0.270229,
0,1,0,
0.270229,0,0.962796,
0.927931,0,-0.372753,
0,1,0,
0.372753,0,0.927931,
0.882184,0,-0.470905,
0,1,0,
0.470905,0,0.882184,
0.826092,0,-0.563535,
0,1,0,
0.563535,0,0.826092,
0.760313,0,-0.649557,
0,1,0,
0.649557,0,0.760313,
0.685617,0,-0.727962,
0,1,0,
0.727962,0,0.685617,
0.602882,0,-0.79783,
0,1,0,
0.79783,0,0.602882,
0.513077,0,-0.858343,
0,1,0,
0.858343,0,0.513077,
0.417255,0,-0.908789,
0,1,0,
0.908789,0,0.417255,
0.316541,0,-0.948579,
0,1,0,
0.948579,0,0.316541,
0.212114,0,-0.977245,
0,1,0,
0.977245,0,0.212114,
0.1052,0,-0.994451,
0,1,0,
0.994451,0,0.1052,
-0.00294817,0,-0.999996,
0,1,0,
0.999996,0,-0.00294817,
-0.111061,0,-0.993814,
0,1,0,
0.993814,0,-0.111061,
-0.217872,0,-0.975977,
0,1,0,
0.975977,0,-0.217872,
-0.322128,0,-0.946696,
0,1,0,
0.946696,0,-0.322128,
-0.422607,0,-0.906313,
0,1,0,
0.906313,0,-0.422607,
-0.518129,0,-0.855302,
0,1,0,
0.855302,0,-0.518129,
-0.607576,0,-0.794262,
0,1,0,
0.794262,0,-0.607576,
-0.689898,0,-0.723907,
0,1,0,
0.723907,0,-0.689898,
-0.764129,0,-0.645063,
0,1,0,
0.645063,0,-0.764129,
-0.8294,0,-0.558655,
0,1,0,
0.558655,0,-0.8294,
-0.884945,0,-0.465695,
0,1,0,
0.465695,0,-0.884945,
-0.930112,0,-0.367275,
0,1,0,
0.367275,0,-0.930112,
-0.964373,0,-0.264547,
0,1,0,
0.264547,0,-0.964373,
-0.987324,0,-0.158718,
0,1,0,
0.158718,0,-0.987324,
-0.998697,0,-0.0510268,
0,1,0,
0.0510268,0,-0.998697,
-0.998359,0,0.0572625,
0,1,0,
-0.0572625,0,-0.998359,
-0.986314,0,0.16488,
0,1,0,
-0.16488,0,-0.986314,
-0.962702,0,0.270565,
0,1,0,
-0.270565,0,-0.962702,
-0.927801,0,0.373076,
0,1,0,
-0.373076,0,-0.927801,
-0.88202,0,0.471213,
0,1,0,
-0.471213,0,-0.88202,
-0.825895,0,0.563823,
0,1,0,
-0.563823,0,-0.825895,
-0.760086,0,0.649822,
0,1,0,
-0.649822,0,-0.760086,
-0.685364,0,0.728201,
0,1,0,
-0.728201,0,-0.685364,
-0.602604,0,0.79804,
0,1,0,
-0.79804,0,-0.602604,
-0.512778,0,0.858521,
0,1,0,
-0.858521,0,-0.512778,
-0.416938,0,0.908935,
0,1,0,
-0.908935,0,-0.416938,
-0.31621,0,0.948689,
0,1,0,
-0.948689,0,-0.31621,
-0.211773,0,0.977319,
0,1,0,
-0.977319,0,-0.211773,
-0.104853,0,0.994488,
0,1,0,
-0.994488,0,-0.104853,
0.00329675,0,0.999995,
0,1,0,
-0.999995,0,0.00329675,
0.111408,0,0.993775,
0,1,0,
-0.993775,0,0.111408,
0.218212,0,0.975901,
0,1,0,
-0.975901,0,0.218212,
0.322458,0,0.946584,
0,1,0,
-0.946584,0,0.322458,
0.422922,0,0.906166,
0,1,0,
-0.906166,0,0.422922,
0.518427,0,0.855122,
0,1,0,
-0.855122,0,0.518427,
0.607853,0,0.79405,
0,1,0,
-0.79405,0,0.607853,
0.69015,0,0.723666,
0,1,0,
-0.723666,0,0.69015,
0.764354,0,0.644797,
0,1,0,
-0.644797,0,0.764354,
0.829595,0,0.558366,
0,1,0,
-0.558366,0,0.829595,
0.885107,0,0.465387,
0,1,0,
-0.465387,0,0.885107,
0.93024,0,0.366951,
0,1,0,
-0.366951,0,0.93024,
0.964465,0,0.264211,
0,1,0,
-0.264211,0,0.964465,
0.987379,0,0.158374,
0,1,0,
-0.158374,0,0.987379,
0.998715,0,0.0506786,
0,1,0,
-0.0506786,0,0.998715,
0.998339,0,-0.0576105,
0,1,0,
0.0576105,0,0.998339,
0.986256,0,-0.165224,
0,1,0,
0.165224,0,0.986256,
0.962607,0,-0.2709,
0,1,0,
0.2709,0,0.962607,
0.927671,0,-0.373399,
0,1,0,
0.373399,0,0.927671,
0.881855,0,-0.47152,
0,1,0,
0.47152,0,0.881855,
0.825699,0,-0.564111,
0,1,0,
0.564111,0,0.825699,
0.75986,0,-0.650087,
0,1,0,
0.650087,0,0.75986,
0.68511,0,-0.72844,
0,1,0,
0.72844,0,0.68511,
0.602326,0,-0.79825,
0,1,0,
0.79825,0,0.602326,
0.512479,0,-0.8587,
0,1,0,
0.8587,0,0.512479,
0.416622,0,-0.90908,
0,1,0,
0.90908,0,0.416622,
0.315879,0,-0.948799,
0,1,0,
0.948799,0,0.315879,
0.211432,0,-0.977393,
0,1,0,
0.977393,0,0.211432,
0.104506,0,-0.994524,
0,1,0,
0.994524,0,0.104506,
-0.00364533,0,-0.999993,
0,1,0,
0.999993,0,-0.00364533,
-0.111754,0,-0.993736,
0,1,0,
0.993736,0,-0.111754,
-0.218553,0,-0.975825,
0,1,0,
0.975825,0,-0.218553,
-0.322788,0,-0.946471,
0,1,0,
0.946471,0,-0.322788,
-0.423238,0,-0.906018,
0,1,0,
0.906018,0,-0.423238,
-0.518725,0,-0.854941,
0,1,0,
0.854941,0,-0.518725,
-0.608129,0,-0.793838,
0,1,0,
0.793838,0,-0.608129,
-0.690402,0,-0.723426,
0,1,0,
0.723426,0,-0.690402,
-0.764579,0,-0.64453,
0,1,0,
0.64453,0,-0.764579,
-0.82979,0,-0.558076,
0,1,0,
0.558076,0,-0.82979,
-0.88527,0,-0.465078,
0,1,0,
0.465078,0,-0.88527,
-0.930368,0,-0.366626,
0,1,0,
0.366626,0,-0.930368,
-0.964557,0,-0.263875,
0,1,0,
0.263875,0,-0.964557,
-0.987434,0,-0.158029,
0,1,0,
0.158029,0,-0.987434,
-0.998733,0,-0.0503305,
0,1,0,
0.0503305,0,-0.998733,
-0.998319,0,0.0579585,
0,1,0,
-0.0579585,0,-0.998319,
-0.986198,0,0.165568,
0,1,0,
-0.165568,0,-0.986198,
-0.962513,0,0.271236,
0,1,0,
-0.271236,0,-0.962513,
-0.92754,0,0.373723,
0,1,0,
-0.373723,0,-0.92754,
-0.881691,0,0.471827,
0,1,0,
-0.471827,0,-0.881691,
-0.825502,0,0.564399,
0,1,0,
-0.564399,0,-0.825502,
-0.759633,0,0.650352,
0,1,0,
-0.650352,0,-0.759633,
-0.684856,0,0.728679,
0,1,0,
-0.728679,0,-0.684856,
-0.602047,0,0.79846,
0,1,0,
-0.79846,0,-0.602047,
-0.512179,0,0.858879,
0,1,0,
-0.858879,0,-0.512179,
-0.416305,0,0.909225,
0,1,0,
-0.909225,0,-0.416305,
-0.315548,0,0.948909,
0,1,0,
-0.948909,0,-0.315548,
-0.211092,0,0.977466,
0,1,0,
-0.977466,0,-0.211092,
-0.10416,0,0.994561,
0,1,0,
-0.994561,0,-0.10416,
0.00399391,0,0.999992,
0,1,0,
-0.999992,0,0.00399391,
0.112101,0,0.993697,
0,1,0,
-0.993697,0,0.112101,
0.218893,0,0.975749,
0,1,0,
-0.975749,0,0.218893,
0.323118,0,0.946359,
0,1,0,
-0.946359,0,0.323118,
0.423554,0,0.905871,
0,1,0,
-0.905871,0,0.423554,
0.519023,0,0.85476,
0,1,0,
-0.85476,0,0.519023,
0.608406,0,0.793626,
0,1,0,
-0.793626,0,0.608406,
0.690654,0,0.723185,
0,1,0,
-0.723185,0,0.690654,
0.764804,0,0.644264,
0,1,0,
-0.644264,0,0.764804,
0.829984,0,0.557787,
0,1,0,
-0.557787,0,0.829984,
0.885432,0,0.46477,
0,1,0,
-0.46477,0,0.885432,
0.930496,0,0.366302,
0,1,0,
-0.366302,0,0.930496,
0.964649,0,0.263539,
0,1,0,
-0.263539,0,0.964649,
0.987489,0,0.157685,
0,1,0,
-0.157685,0,0.987489,
0.99875,0,0.0499824,
0,1,0,
-0.0499824,0,0.99875,
0.998299,0,-0.0583065,
0,1,0,
0.0583065,0,0.998299,
0.986141,0,-0.165912,
0,1,0,
0.165912,0,0.986141,
0.962418,0,-0.271571,
0,1,0,
0.271571,0,0.962418,
0.92741,0,-0.374046,
0,1,0,
0.374046,0,0.92741,
0.881526,0,-0.472135,
0,1,0,
0.472135,0,0.881526,
0.825305,0,-0.564687,
0,1,0,
0.564687,0,0.825305,
0.759406,0,-0.650617,
0,1,0,
0.650617,0,0.759406,
0.684602,0,-0.728917,
0,1,0,
0.728917,0,0.684602,
0.601769,0,-0.79867,
0,1,0,
0.79867,0,0.601769,
0.51188,0,-0.859057,
0,1,0,
0.859057,0,0.51188,
0.415988,0,-0.90937,
0,1,0,
0.90937,0,0.415988,
0.315218,0,-0.949019,
0,1,0,
0.949019,0,0.315218,
0.210751,0,-0.97754,
0,1,0,
0.97754,0,0.210751,
0.103813,0,-0.994597,
0,1,0,
0.994597,0,0.103813,
-0.00434249,0,-0.999991,
0,1,0,
0.999991,0,-0.00434249,
-0.112447,0,-0.993658,
0,1,0,
0.993658,0,-0.112447,
-0.219233,0,-0.975673,
0,1,0,
0.975673,0,-0.219233,
-0.323448,0,-0.946246,
0,1,0,
0.946246,0,-0.323448,
-0.42387,0,-0.905723,
0,1,0,
0.905723,0,-0.42387,
-0.519321,0,-0.854579,
0,1,0,
0.854579,0,-0.519321,
-0.608683,0,-0.793414,
0,1,0,
0.793414,0,-0.608683,
-0.690906,0,-0.722944,
0,1,0,
0.722944,0,-0.690906,
-0.765028,0,-0.643997,
0,1,0,
0.643997,0,-0.765028,
-0.830178,0,-0.557498,
0,1,0,
0.557498,0,-0.830178,
-0.885594,0,-0.464461,
0,1,0,
0.464461,0,-0.885594,
-0.930624,0,-0.365978,
0,1,0,
0.365978,0,-0.930624,
-0.964741,0,-0.263202,
0,1,0,
0.263202,0,-0.964741,
-0.987544,0,-0.157341,
0,1,0,
0.157341,0,-0.987544,
-0.998767,0,-0.0496342,
0,1,0,
0.0496342,0,-0.998767,
-0.998278,0,0.0586545,
0,1,0,
-0.0586545,0,-0.998278,
-0.986083,0,0.166255,
0,1,0,
-0.166255,0,-0.986083,
-0.962324,0,0.271907,
0,1,0,
-0.271907,0,-0.962324,
-0.92728,0,0.374369,
0,1,0,
-0.374369,0,-0.92728,
-0.881362,0,0.472442,
0,1,0,
-0.472442,0,-0.881362,
-0.825108,0,0.564974,
0,1,0,
-0.564974,0,-0.825108,
-0.759179,0,0.650882,
0,1,0,
-0.650882,0,-0.759179,
-0.684348,0,0.729156,
0,1,0,
-0.729156,0,-0.684348,
-0.601491,0,0.79888,
0,1,0,
-0.79888,0,-0.601491,
-0.51158,0,0.859236,
0,1,0,
-0.859236,0,-0.51158,
-0.415671,0,0.909515,
0,1,0,
-0.909515,0,-0.415671,
-0.314887,0,0.949129,
0,1,0,
-0.949129,0,-0.314887,
-0.21041,0,0.977613,
0,1,0,
-0.977613,0,-0.21041,
-0.103466,0,0.994633,
0,1,0,
-0.994633,0,-0.103466,
0.00469107,0,0.999989,
0,1,0,
-0.999989,0,0.00469107,
0.112793,0,0.993618,
0,1,0,
-0.993618,0,0.112793,
0.219573,0,0.975596,
0,1,0,
-0.975596,0,0.219573,
0.323778,0,0.946133,
0,1,0,
-0.946133,0,0.323778,
0.424186,0,0.905575,
0,1,0,
-0.905575,0,0.424186,
0.519619,0,0.854398,
0,1,0,
-0.854398,0,0.519619,
0.608959,0,0.793201,
0,1,0,
-0.793201,0,0.608959,
0.691158,0,0.722703,
0,1,0,
-0.722703,0,0.691158,
0.765253,0,0.64373,
0,1,0,
-0.64373,0,0.765253,
0.830373,0,0.557208,
0,1,0,
-0.557208,0,0.830373,
0.885755,0,0.464152,
0,1,0,
-0.464152,0,0.885755,
0.930751,0,0.365653,
0,1,0,
-0.365653,0,0.930751,
0.964832,0,0.262866,
0,1,0,
-0.262866,0,0.964832,
0.987599,0,0.156997,
0,1,0,
-0.156997,0,0.987599,
0.998785,0,0.049286,
0,1,0,
-0.049286,0,0.998785,
0.998258,0,-0.0590025,
0,1,0,
0.0590025,0,0.998258,
0.986025,0,-0.166599,
0,1,0,
0.166599,0,0.986025,
0.962229,0,-0.272242,
0,1,0,
0.272242,0,0.962229,
0.927149,0,-0.374693,
0,1,0,
0.374693,0,0.927149,
